"V1","V2","V3","V4","V5","V6","V7","V8","V9","V10","V11","V12","V13","V14","V15","V16","V17","V18","V19","V20","V21","V22","V23","V24","V25","V26","V27","V28","V29","V30","V31","V32","V33","V34","V35","V36","V37","V38","V39","V40","V41","V42","V43","V44","V45","V46","V47","V48","V49","V50","V51","V52","V53","V54","V55","V56","V57","V58","V59","V60","V61","V62","V63","V64","V65","V66","V67","V68","V69","V70","V71","V72","V73","V74","V75","V76","V77","V78","V79","V80","V81","V82","V83","V84","V85","V86","V87","V88","V89","V90","V91","V92","V93","V94","V95","V96","V97","V98","V99","V100","V101","V102","V103","V104","V105","V106","V107","V108","V109","V110","V111","V112","V113","V114","V115","V116","V117","V118","V119","V120","V121","V122","V123","V124","V125","V126","V127","V128","V129","V130","V131","V132","V133","V134","V135","V136","V137","V138","V139","V140","V141","V142","V143","V144","V145","V146","V147","V148","V149","V150"
0,0,0,0,0,0,0,0,0,0,0,0,0,0,0,0,0,0,0,0,0,0,0,0,0,0,0,0,0,0,0,0,0,0,0,0,0,0,0,0,0,0,0,0,0,0,0,0,0,0,0,0,0,0,0,0,0,0,0,0,0,0,0,0,0,0,0,0,0,0,0,0,0,0,0,0,0,0,0,0,0,0,0,0,0,0,0,0,0,0,0,0,0,0,0,0,0,0,0,0,0,0,0,0,0,0,0,0,0,0,0,0,0,0,0,0,0,0,0,0,0,0,0,0,0,0,0,0,0,0,0,0,0,0,0,0,0,0,0,0,0,0,0,0,0,0,0,0,0,0
0,0,0,0,0,0,0,0,0,0,0,0,0,0,0,0,0,0,0,0,0,0,0,0,0,0,0,0,0,0,0,0,0,0,0,0,0,0,0,0,0,0,0,0,0,0,0,0,0,0,0,0,0,0,0,0,0,0,0,0,0,0,0,0,0,0,0,0,0,0,0,0,0,0,0,0,0,0,0,0,0,0,0,0,0,0,0,0,0,0,0,0,0,0,0,0,0,0,0,0,0,0,0,0,0,0,0,0,0,0,0,0,0,0,0,0,0,0,0,0,0,0,0,0,0,0,0,0,0,0,0,0,0,0,0,0,0,0,0,0,0,0,0,0,0,0,0,0,0,0
0,0,0,0,0,0,0,0,0,0,0,0,0,0,0,0,0,0,0,0,0,0,0,0,0,0,0,0,0,0,0,0,0,0,0,0,0,0,0,0,0,0,0,0,0,0,0,0,0,0,0,0,0,0,0,0,0,0,0,0,0,0,0,0,0,0,0,0,0,0,0,0,0,0,0,0,0,0,0,0,0,0,0,0,0,0,0,0,0,0,0,0,0,0,0,0,0,0,0,0,0,0,0,0,0,0,0,0,0,0,0,0,0,0,0,0,0,0,0,0,0,0,0,0,0,0,0,0,0,0,0,0,0,0,0,0,0,0,0,0,0,0,0,0,0,0,0,0,0,0
0,0,0,0,0,0,0,0,0,0.161820829015373,0.570486627714077,1.60887383110154,2.5690455547541,2.86203940806894,2.02573875326349,1.02217677905219,0.359850882167565,0.0639236709018678,0,0,0,0,0,0,0,0,0,0,0,0,0,0,0,0,0,0,0,0,0,0,0,0,0,0,0,0,0,0,0,0,0,0,0,0,0,0,0,0,0,0,0,0,0,0,0,0,0,0,0,0,0,0,0,0,0,0,0,0,0,0,0,0,0,0,0,0,0,0,0,0,0,0,0,0,0,0,0,0,0,0,0,0,0,0,0,0,0,0,0,0,0,0,0,0,0,0,0,0,0,0,0,0,0,0,0,0,0,0,0,0,0,0,0,0,0,0,0,0,0,0,0,0,0,0,0,0,0,0,0,0
0,0,0,0,0,0,0,0,0,0.409644507797777,1.4441695499715,4.07281517874131,6.50346069903852,7.24516572897337,5.1280960526328,2.58760943251238,0.910951565401534,0.692095237942674,1.86944079543228,4.59808239656896,8.41856466404037,9.37868298336437,7.28953199883672,3.34959467597104,1.17920366002602,0.289627213467222,0,0,0,0,0,0,0,0,0,0,0,0,0,0,0,0,0,0,0,0,0,0,0,0,0,0,0,0,0,0,0,0,0,0,0,0,0,0,0,0,0,0,0,0,0,0,0,0,0,0,0,0,0,0,0,0,0,0,0,0,0,0,0,0,0,0,0,0,0,0,0,0,0,0,0,0,0,0,0,0,0,0,0,0,0,0,0,0,0,0,0,0,0,0,0,0,0,0,0,0,0,0,0,0,0,0,0,0,0,0,0,0,0,0,0,0,0,0,0,0,0,0,0,0
0,0,0,0.141004326327103,0.574092522915639,1.92444053455115,3.54889147477214,4.56598970819579,3.84139389451305,3.14951714410913,4.12162106825786,9.24914035630828,14.4621436185373,16.1115184916868,11.403661071373,5.75422547678478,2.02573875326349,1.7022244231049,4.73243252529123,11.6399057625466,21.3113404445416,23.741850773405,18.4532285856472,8.47939706346366,2.98511820662349,0.733182483537706,0,0,0,0,0,0,0,0,0,0,0,0,0,0,0,0,0,0,0,0,0,0,0,0,0,0,0,0,0,0,0,0,0,0,0,0,0,0,0,0,0,0,0,0,0,0,0,0,0,0,0,0,0,0,0,0,0,0,0,0,0,0,0,0,0,0,0,0,0,0,0,0,0,0,0,0,0,0,0,0,0,0,0,0,0,0,0,0,0,0,0,0,0,0,0,0,0,0,0,0,0,0,0,0,0,0,0,0,0,0,0,0,0,0,0,0,0,0,0,0,0,0,0,0
0,0,0,0.341856334101132,1.39185208305971,4.66568795067406,8.60406954375246,11.0699617795151,9.31322370613164,7.20676844129533,8.48006145617546,18.1582964004883,28.2511580721197,31.4731389548016,22.2765476561365,11.2406250287055,3.95719108043635,3.68807099306081,10.5237998679561,25.8843708964178,47.3913321653608,52.7962067496814,41.0355738861901,18.8561542546947,6.63819006838651,1.63042276508042,0,0,0,0,0,0,0,0,0,0,0,0,0,0,0,0,0,0,0,0,0,0,0,0,0,0,0,0,0,0,0,0,0,0,0,0,0,0,0,0,0,0,0,0,0,0,0,0,0,0,0,0,0,0,0,0,0,0,0,0,0,0,0,0,0,0,0,0,0,0,0,0,0,0,0,0,0,0,0,0,0,0,0,0,0,0,0,0,0,0,0,0,0,0,0,0,0,0,0,0,0,0,0,0,0,0,0,0,0,0,0,0,0,0,0,0,0,0,0,0,0,0,0,0
0,0,0,0.728065177031323,2.96428333240859,9.93670318472292,18.3244327826577,23.5761426036598,19.8347469095925,14.6123044911539,15.4647715865733,31.3525233597481,48.4791811164265,54.0081224209372,38.2267086437182,19.2889896845056,6.79056704900549,7.03756822607764,20.5577777009414,50.5639739917084,92.5768718363306,103.135055344196,80.161179076726,36.8346635556043,12.967410771276,3.18495877759287,0,0,0,0,0,0,0,0,0,0,0,0,0,0,0,0,0,0,0,0,0,0,0,0,0,0,0,0,0,0,0,0,0,0,0,0,0,0,0,0,0,0,0,0,0,0,0,0,0,0,0,0,0,0,0,0,0,0,0,0,0,0,0,0,0,0,0,0,0,0,0,0,0,0,0,0,0,0,0,0,0,0,0,0,0,0,0,0,0,0,0,0,0,0,0,0,0,0,0,0,0,0,0,0,0,0,0,0,0,0,0,0,0,0,0,0,0,0,0,0,0,0,0,0
0,0,0,1.36211044411219,5.54576899673325,18.590213644254,34.2825094004131,44.1077407427518,37.1081007225752,26.2278013789879,25.0198791726085,47.6220722052983,73.0785178755869,81.4129580754823,57.6237293331313,29.0766210360662,10.2362408780039,11.8249036815447,35.2772876060863,86.7681263491083,158.862547350752,176.980462702456,137.557133376491,63.2085354276875,22.2521658682795,5.46541111812527,0,0,0,0,0,0,0,0,0,0,0,0,0,0,0,0,0,0,0,0,0,0,0,0,0,0,0,0,0,0,0,0,0,0,0,0,0,0,0,0,0,0,0,0,0,0,0,0,0,0,0,0,0,0,0,0,0,0,0,0,0,0,0,0,0,0,0,0,0,0,0,0,0,0,0,0,0,0,0,0,0,0,0,0,0,0,0,0,0,0,0,0,0,0,0,0,0,0,0,0,0,0,0,0,0,0,0,0,0,0,0,0,0,0,0,0,0,0,0,0,0,0,0,0
0,0,0,2.23856557870759,9.11421510437247,30.552157165179,56.3417201793098,72.4890339165113,60.9854489610899,41.6345641809168,35.9380012033802,63.6532931518273,96.7697504849472,107.806122349366,76.3046935225555,38.5029341645347,13.5547149075278,17.4919224269329,53.1777112062249,130.796063927036,239.472681653846,266.784001078119,207.356461038948,95.2818504720324,33.5433739540743,8.23867348613313,0,0,0,0,0,0,0,0,0,0,0,0,0,0,0,0,0,0,0,0,0,0,0,0,0,0,0,0,0,0,0,0,0,0,0,0,0,0,0,0,0,0,0,0,0,0,0,0,0,0,0,0,0,0,0,0,0,0,0,0,0,0,0,0,0,0,0,0,0,0,0,0,0,0,0,0,0,0,0,0,0,0,0,0,0,0,0,0,0,0,0,0,0,0,0,0,0,0,0,0,0,0,0,0,0,0,0,0,0,0,0,0,0,0,0,0,0,0,0,0,0,0,0,0
0,0,0,3.23178719091615,13.1580704669689,44.1077407427518,81.3397879970975,104.651448910655,88.0438771414101,58.3977637342098,45.8565043663052,74.8990205829727,112.565407247697,125.403238152806,88.7598537583624,44.7877404120855,15.7672412716371,22.7750403958424,70.4173263823959,173.198675049495,317.107028512212,353.272370160232,274.579090812185,126.171153493014,44.417758081591,10.9095586604171,0,0,0,0,0,0,0,0,0,0,0,0,0,0,0,0,0,0,0,0,0,0,0,0,0,0,0,0,0,0,0,0,0,0,0,0,0,0,0,0,0,0,0,0,0,0,0,0,0,0,0,0,0,0,0,0,0,0,0,0,0,0,0,0,0,0,0,0,0,0,0,0,0,0,0,0,0,0,0,0,0,0,0,0,0,0,0,0,0,0,0,0,0,0,0,0,0,0,0,0,0,0,0,0,0,0,0,0,0,0,0,0,0,0,0,0,0,0,0,0,0,0,0,0
0,0,0,4.09855836709389,16.68708879062,55.9375166727999,103.155266414259,132.719156993648,111.657404405708,72.3133230110157,51.9970015065537,77.6195703863701,115.023269394495,128.141413935918,90.697922389234,45.765679323258,16.1115184916868,26.0965650409343,81.9114959148455,201.469770191674,368.868180673221,410.93676502381,319.398438293832,146.765980119603,51.6680367824417,12.6903180730378,0,0,0,0,0,0,0,0,0,0,0,0,0,0,0,0,0,0,0,0,0,0,0,0,0,0,0,0,0,0,0,0,0,0,0,0,0,0,0,0,0,0,0,0,0,0,0,0,0,0,0,0,0,0,0,0,0,0,0,0,0,0,0,0,0,0,0,0,0,0,0,0,0,0,0,0,0,0,0,0,0,0,0,0,0,0,0,0,0,0,0,0,0,0,0,0,0,0,0,0,0,0,0,0,0,0,0,0,0,0,0,0,0,0,0,0,0,0,0,0,0,0,0,0
0,0,0,4.56598970819579,18.590213644254,62.3170643318506,114.919891973546,147.855477618366,124.391679633884,78.9924946155499,52.3992819449875,70.8823572949263,103.248060840151,115.023269394495,81.4129580754823,41.0805367299421,14.4621436185373,26.3108963281591,83.7000308663846,205.868856322892,376.922405861961,419.909556436161,326.372493204871,149.970610705445,52.7962067496814,12.967410771276,0,0,0,0,0,0,0,0,0,0,0,0,0,0,0,0,0,0,0,0,0,0,0,0,0,0,0,0,0,0,0,0,0,0,0,0,0,0,0,0,0,0,0,0,0,0,0,0,0,0,0,0,0,0,0,0,0,0,0,0,0,0,0,0,0,0,0,0,0,0,0,0,0,0,0,0,0,0,0,0,0,0,0,0,0,0,0,0,0,0,0,0,0,0,0,0,0,0,0,0,0,0,0,0,0,0,0,0,0,0,0,0,0,0,0,0,0,0,0,0,0,0,0,0
0,0,0,4.46842185670345,18.1929706980429,60.9854489610899,112.464238835856,144.696044022468,121.733629637929,76.0681559792785,46.9207760395793,57.075073990014,81.4129580754823,90.697922389234,64.195585744335,32.3927441086863,11.403661071373,23.3370791978051,75.131457527746,184.793566681,338.335953214649,376.922405861961,292.960956616497,134.617758822733,47.3913321653609,11.6399057625467,0,0,0,0,0,0,0,0,0,0,0,0,0,0,0,0,0,0,0,0,0,0,0,0,0,0,0,0,0,0,0,0,0,0,0,0,0,0,0,0,0,0,0,0,0,0,0,0,0,0,0,0,0,0,0,0,0,0,0,0,0,0,0,0,0,0,0,0,0,0,0,0,0,0,0,0,0,0,0,0,0,0,0,0,0,0,0,0,0,0,0,0,0,0,0,0,0,0,0,0,0,0,0,0,0,0,0,0,0,0,0,0,0,0,0,0,0,0,0,0,0,0,0,0
0,0,0,3.84139389451305,15.640055662532,52.4277113499975,96.6827784549947,124.391679633884,104.651448910655,64.5375328792379,37.3174262032021,40.5512994191752,56.39240297777,62.8238293943098,44.4664267982021,22.4375175956534,7.89898642378948,18.2075469799495,59.2425092741075,145.713060123339,266.784001078119,297.210114906259,231.004997911757,106.148530694618,37.3689201261916,9.17827562220187,0,0,0,0,0,0,0,0,0,0,0,0,0,0,0,0,0,0,0,0,0,0,0,0,0,0,0,0,0,0,0,0,0,0,0,0,0,0,0,0,0,0,0,0,0,0,0,0,0,0,0,0,0,0,0,0,0,0,0,0,0,0,0,0,0,0,0,0,0,0,0,0,0,0,0,0,0,0,0,0,0,0,0,0,0,0,0,0,0,0,0,0,0,0,0,0,0,0,0,0,0,0,0,0,0,0,0,0,0,0,0,0,0,0,0,0,0,0,0,0,0,0,0,0
0,0,0,2.90094136835673,11.8110471669276,39.592325306893,73.0128383939958,93.9380285486334,79.0306138188605,48.2163051647291,26.3442267814384,25.4424900148974,34.3133485993073,38.2267086437182,27.0566942198536,13.652661037804,4.80633313050215,12.4936995768853,41.0355738861901,100.931225198584,184.793566681,205.868856322892,160.01048530924,73.5260191980641,25.8843708964178,6.35752624352957,0,0,0,0,0,0,0,0,0,0,0,0,0,0,0,0,0,0,0,0,0,0,0,0,0,0,0,0,0,0,0,0,0,0,0,0,0,0,0,0,0,0,0,0,0,0,0,0,0,0,0,0,0,0,0,0,0,0,0,0,0,0,0,0,0,0,0,0,0,0,0,0,0,0,0,0,0,0,0,0,0,0,0,0,0,0,0,0,0,0,0,0,0,0,0,0,0,0,0,0,0,0,0,0,0,0,0,0,0,0,0,0,0,0,0,0,0,0,0,0,0,0,0,0
0,0,0,1.92444053455115,7.83526967192941,26.264948512517,48.4356103438349,62.3170643318506,52.4277113499975,31.7074275898184,16.4943953217294,14.1088449577768,18.3409167226344,20.4326569231718,14.4621436185373,7.29751916843739,2.56904555475411,7.53895131816147,24.9691071381465,61.4140935997963,112.442203871576,125.265983709415,97.3623266971731,44.7387200161886,15.7499839507224,3.86839366127861,0,0,0,0,0,0,0,0,0,0,0,0,0,0,0,0,0,0,0,0,0,0,0,0,0,0,0,0,0,0,0,0,0,0,0,0,0,0,0,0,0,0,0,0,0,0,0,0,0,0,0,0,0,0,0,0,0,0,0,0,0,0,0,0,0,0,0,0,0,0,0,0,0,0,0,0,0,0,0,0,0,0,0,0,0,0,0,0,0,0,0,0,0,0,0,0,0,0,0,0,0,0,0,0,0,0,0,0,0,0,0,0,0,0,0,0,0,0,0,0,0,0,0,0
0,0,0,1.12146435830735,4.56598970819579,15.3058528443621,28.2257672805373,36.3151603324634,30.552157165179,18.34666283877,9.15100717634223,6.9215971785341,8.61180942675986,9.59396687557975,6.79056704900549,3.426483273279,1.20627180531842,4.00001363421879,13.34630204726,32.826606037881,60.101773260325,66.9562449943938,52.0413891027478,23.913408967341,8.41856466404039,2.06770510276896,0,0,0,0,0,0,0,0,0,0,0,0,0,0,0,0,0,0,0,0,0,0,0,0,0,0,0,0,0,0,0,0,0,0,0,0,0,0,0,0,0,0,0,0,0,0,0,0,0,0,0,0,0,0,0,0,0,0,0,0,0,0,0,0,0,0,0,0,0,0,0,0,0,0,0,0,0,0,0,0,0,0,0,0,0,0,0,0,0,0,0,0,0,0,0,0,0,0,0,0,0,0,0,0,0,0,0,0,0,0,0,0,0,0,0,0,0,0,0,0,0,0,0,0
0,0,0,0.574092522915639,2.33739086915018,7.83526967192941,14.449145734574,18.590213644254,15.640055662532,9.33795623784642,4.49434513334389,3.00692420339102,3.55208391814804,3.95719108043635,2.80088223212733,1.41330997095658,0.497546853193554,1.86593981881648,6.26663386138909,15.4134321419541,28.2202370446131,31.4386914538229,24.435557504257,11.2283221108989,3.95285991588958,0.970871988847215,0,0,0,0,0,0,0,0,0,0,0,0,0,0,0,0,0,0,0,0,0,0,0,0,0,0,0,0,0,0,0,0,0,0,0,0,0,0,0,0,0,0,0,0,0,0,0,0,0,0,0,0,0,0,0,0,0,0,0,0,0,0,0,0,0,0,0,0,0,0,0,0,0,0,0,0,0,0,0,0,0,0,0,0,0,0,0,0,0,0,0,0,0,0,0,0,0,0,0,0,0,0,0,0,0,0,0,0,0,0,0,0,0,0,0,0,0,0,0,0,0,0,0,0
0,0,0,0.258162846316094,1.05109796007869,3.52343122304818,6.49761569917155,8.35980661035389,7.03315428299827,4.17962648227381,1.95214875593188,1.15784976755593,1.28702641188114,1.43380887240902,1.01484353759185,0.512084540430692,0.180276129721146,0.765206615084481,2.58477728162375,6.35752624352957,11.6399057625467,12.967410771276,10.0788517883529,4.6313080586731,1.63042276508042,0.400452286768974,0,0,0,0,0,0,0,0,0,0,0,0,0,0,0,0,0,0,0,0,0,0,0,0,0,0,0,0,0,0,0,0,0,0,0,0,0,0,0,0,0,0,0,0,0,0,0,0,0,0,0,0,0,0,0,0,0,0,0,0,0,0,0,0,0,0,0,0,0,0,0,0,0,0,0,0,0,0,0,0,0,0,0,0,0,0,0,0,0,0,0,0,0,0,0,0,0,0,0,0,0,0,0,0,0,0,0,0,0,0,0,0,0,0,0,0,0,0,0,0,0,0,0,0
0,0,0,0.101981413192684,0.415212556347191,1.39185208305971,2.56673661930871,3.30235316315647,2.77828906528301,1.61904309738344,0.658253801208551,0.138988413435666,0,0,0,0,0,0.265653977435764,0.93654224025612,2.30352220786385,4.21748654970281,4.69848138189417,3.65186993099215,1.67806164787288,0.590751009701602,0.145095859683006,0,0,0,0,0,0,0,0,0,0,0,0,0,0,0,0,0,0,0,0,0,0,0,0,0,0,0,0,0,0,0,0,0,0,0,0,0,0,0,0,0,0,0,0,0,0,0,0,0,0,0,0,0,0,0,0,0,0,0,0,0,0,0,0,0,0,0,0,0,0,0,0,0,0,0,0,0,0,0,0,0,0,0,0,0,0,0,0,0,0,0,0,0,0,0,0,0,0,0,0,0,0,0,0,0,0,0,0,0,0,0,0,0,0,0,0,0,0,0,0,0,0,0,0
0,0,0,0,0,0,0,0,0,0,0,0,0,0,0,0,0,0,0,0,0,0,0,0,0,0,0,0,0,0,0,0,0,0,0,0,0,0,0,0,0,0,0,0,0,0,0,0,0,0,0,0,0,0,0,0,0,0,0,0,0,0,0,0,0,0,0,0,0,0,0,0,0,0,0,0,0,0,0,0,0,0,0,0,0,0,0,0,0,0,0,0,0,0,0,0,0,0,0,0,0,0,0,0.197164065505855,1.10991221097024,3.1527683967493,6.24812190243789,8.82758010251185,7.92387950971485,4.96235746399683,1.75959016824152,0.499114836211114,0.0987741767795111,0,0,0,0,0,0,0,0,0,0,0,0,0,0,0,0,0,0,0,0,0,0,0,0,0,0,0,0,0,0,0,0,0,0,0,0,0
0,0,0,0,0,0,0,0,0,0,0,0,0,0,0,0,0,0,0,0,0,0,0,0,0,0,0,0,0,0,0,0,0,0,0,0,0,0,0,0,0,0,0,0,0,0,0,0,0,0,0,0,0,0,0,0,0,0,0,0,0,0,0,0,0,0,0,0,0,0,0,0,0,0,0,0,0,0,0,0,0,0,0,0,0,0,0,0,0,0,0,0,0,0,0,0,0,0,0,0,0,0,0,0.478012174562274,2.69091402724878,7.64369345577623,15.1481880323969,21.4019261070625,19.2109594904643,12.0309310737458,4.26601835634468,1.2100732838991,0.23947192867947,0,0,0,0,0,0,0,0,0,0,0,0,0,0,0,0,0,0,0,0,0,0,0,0,0,0,0,0,0,0,0,0,0,0,0,0,0
0,0,0,0,0,0,0,0,0,0,0,0,0,0,0,0,0,0,0,0,0,0,0,0,0,0,0,0,0,0,0,0,0,0,0,0,0,0,0,0,0,0,0,0,0,0,0,0,0,0,0,0,0,0,0,0,0,0,0,0,0,0,0,0,0,0,0,0,0,0,0,0,0,0,0,0,0,0,0,0,0,0,0,0,0,0,0,0,0,0,0,0,0,0,0,0,0,0,0,0,0,0,0,1.01804174379537,5.73094777598993,16.2790812218988,32.2617049951987,45.5805423670756,40.9143526889537,25.6227575396252,9.085510783346,2.57714171650318,0.510012993050093,0,0,0,0,0,0,0,0,0,0.239060071109345,0.90570610310071,2.39398558286271,4.77865719228677,5.72109136301265,4.77865719228677,2.39398558286271,0.905706103100711,0.239060071109345,0,0,0,0,0,0,0,0,0,0,0,0,0,0,0,0,0,0,0
0,0,0,0,0,0,0,0,0,0,0,0,0,0,0,0,0,0,0,0,0,0,0,0,0,0,0,0,0,0,0,0,0,0,0,0,0,0,0,0,0,0,0,0,0,0,0,0,0,0,0,0,0,0,0,0,0,0,0,0,0,0,0,0,0,0,0,0,0,0,0,0,0,0,0,0,0,0,0,0,0,0,0,0,0,0,0,0,0,0,0,0,0,0,0,0,0,0,0,0,0,0,0,1.90461697044769,10.7218200603509,30.4559361612552,60.3572409519812,85.2749654359867,76.5451622599932,48.1532685400191,17.9386242587577,6.9748956858273,4.39273327390424,3.74887314146274,2.71137340821421,1.36814430426986,0.374357258537172,0.0855593748994231,0,0,0,0,0.60517330036905,2.29276745813041,6.06030170364286,12.097025366757,14.4827688112065,12.097025366757,6.06030170364286,2.29276745813041,0.60517330036905,0,0,0,0,0,0,0,0,0,0,0,0,0,0,0,0,0,0,0
0,0,0,0,0,0,0,0,0,0,0,0,0,0,0,0,0,0,0,0,0,0,0,0,0,0,0,0,0,0,0,0,0,0,0,0,0,0,0,0,0,0,0,0,0,0,0,0,0,0,0,0,0,0,0,0,0,0,0,0,0,0,0,0,0,0,0,0,0,0,0,0,0,0,0,0,0,0,0,0,0,0,0,0,0,0,0,0,0,0.133484095589658,0.543474255026805,1.54376935289103,3.35961726278429,4.32247025709201,3.87996858751555,2.11917541450986,0.861592427207915,0.244394161179235,0,0,0,0,0,3.13014998827464,17.6208158684534,50.0529238672268,99.1943367036815,140.145465571922,125.798437411948,79.3300081179766,30.3168122164488,13.3751859797224,10.2727574592271,9.49015835708587,6.86375933198544,3.46341570197811,0.947674016052753,0.216590955759038,0,0,0,0,1.34576090931638,5.09856733174277,13.4766638357186,26.9008957395551,32.2062194629249,26.9008957395551,13.4766638357186,5.09856733174277,1.34576090931638,0,0,0,0,0,0,0,0,0,0,0,0,0,0,0,0,0,0,0
0,0,0,0,0,0,0,0,0,0,0,0,0,0,0,0,0,0,0,0,0,0,0,0,0,0,0,0,0,0,0,0,0,0,0,0,0,0,0,0,0,0,0,0,0,0,0,0,0,0,0,0,0,0,0,0,0,0,0,0,0,0,0,0,0,0,0,0,0,0,0,0,0,0,0,0,0,0,0,0,0,0,0,0,0,0,0,0,0,0.323623996282405,1.31761997196319,3.74277403696629,8.14518583475233,10.479563817941,9.40674568153769,5.13781071398469,2.08887795379636,0.59251864246094,0,0,0,0,0,4.51895568035701,25.4389362361398,72.2607368578387,143.20553742967,202.326134560599,181.613521860691,114.955381642808,45.6259557833173,23.5620027461087,21.6209047348241,21.1038460097297,15.2633617416839,7.70180948431193,2.10740071447456,0.481646565362742,0,0,0,0,2.62888442952842,9.9598258342409,26.3260668923028,52.5497103241079,62.9134256270434,52.5497103241079,26.3260668923028,9.95982583424091,2.62888442952842,0,0,0,0,0,0,0,0,0,0,0,0,0,0,0,0,0,0,0
0,0,0,0,0,0,0,0,0,0,0,0,0,0,0,0,0,0,0,0,0,0,0,0,0,0,0,0,0,0,0,0,0,0,0,0,0,0,0,0,0,0,0,0,0,0,0,0,0,0,0,0,0,0,0,0,0,0,0,0,0,0,0,0,0,0,0,0,0,0,0,0,0,0,0,0,0,0,0,0,0,0,0,0,0,0,0,0,0,0.689235034256319,2.8061882213468,7.97113632244699,17.3471297009159,22.3187483314646,20.0339244201083,10.942202012627,4.44876734908666,1.26191077152914,0,0,0,0,0,5.73094777598993,32.2617049951987,91.6411973206402,181.613521860691,256.59037018772,230.322597258799,146.622135240889,61.4924003300037,38.1882999322586,40.6841474153412,41.2254300106892,29.8163022474442,15.0451442691905,4.11671411073568,0.940875268000728,0,0,0,0,4.5111837209617,17.0911294777234,45.1757114415293,90.1756635219956,107.959870099563,90.1756635219956,45.1757114415293,17.0911294777234,4.5111837209617,0,0,0,0,0,0,0,0,0,0,0,0,0,0,0,0,0,0,0
0,0,0,0,0,0,0,0,0,0,0,0,0,0,0,0,0,0,0,0,0,0,0,0,0,0,0,0,0,0,0,0,0,0,0,0,0,0,0,0,0,0,0,0,0,0,0,0,0,0,0,0,0,0,0,0,0,0,0,0,0,0,0,0,0,0,0,0,0,0,0,0,0,0,0,0,0,0,0,0,0,0,0,0,0,0,0,0,0,1.28946455375954,5.24999465024081,14.9129066720629,32.4541088990577,41.7553279031383,37.4807346238587,20.4713645332654,8.32303571271549,2.36086259261313,0,0,0,0,0,6.38454944876917,35.9410797122244,102.092669259576,202.326134560599,285.853923395508,256.59037018772,164.777803685392,74.7336835512242,56.7983304083708,68.0860160558218,70.7431207948643,51.1649792615921,25.8175708084921,7.06430966367567,1.61454841634927,0,0,0,0,6.8002514192768,25.7635212123782,68.098799527856,135.93265576844,162.740935701237,135.93265576844,68.098799527856,25.7635212123783,6.80025141927679,0,0,0,0,0,0,0,0,0,0,0,0,0,0,0,0,0,0,0
0,0,0,0,0,0,0,0,0,0,0,0,0,0,0,0,0,0,0,0,0,0,0,0,0,0,0,0,0,0,0,0,0,0,0,0,0,0,0,0,0,0,0,0,0,0,0,0,0,0,0,0,0,0,0,0,0,0,0,0,0,0,0,0,0,0,0,0,0,0,0,0,0,0,0,0,0,0,0,0,0,0,0,0,0,0,0,0,0,2.11917541450985,8.62812363213927,24.5086730660214,53.3368284364133,68.6229521076307,61.5978555603334,33.6437417328613,13.67852462873,3.87996858751554,0,0,0,0,0,6.24812190243789,35.1730766828829,99.91111322696,198.002750691732,279.745685110106,251.107446937169,163.418023252702,82.5252827051011,77.0725321508885,100.942935452522,106.63963991402,77.1271454151142,38.9179389251963,10.6488861434312,2.43380359544072,0,0,0,0,9.00481635654736,34.1157646844991,90.1756635219956,180.000492126326,215.499714544108,180.000492126326,90.1756635219956,34.1157646844991,9.00481635654735,0,0,0,0,0,0,0,0,0,0,0,0,0,0,0,0,0,0,0
0,0,0,0,0,0,0,0,0,0,0,0,0,0.202603074209465,1.04612565396904,2.7651461383453,5.09925008369329,6.60808227200685,5.51953427636224,3.21649895346843,1.04612565396904,0.276123648025522,0,0,0,0,0,0,0,0,0,0,0,0,0,0,0,0,0,0,0,0,0,0,0,0,0,0,0,0,0,0,0,0,0,0,0,0,0,0,0,0,0,0,0,0,0,0,0,0,0,0,0,0,0,0.178605480014331,0.727183862359809,2.43762467709812,4.49526253471138,5.78358696371466,4.86576559971653,2.83551639969629,1.15283493781341,0.243417810373001,0,0,0,0,0,3.05942520740062,12.4563067087305,35.3828435648727,77.0016659705856,99.0700383020864,88.928000359373,48.5710200411131,19.7475030913691,5.60145876518352,0,0,0,0,0,5.37135885954715,30.2374409475619,85.8911608285774,170.218162473393,240.49058062551,215.870981851036,143.348422007906,83.3771798958677,94.7114094375733,132.21350313787,141.211010379998,102.130897484036,51.5346964971464,14.1011351214978,3.22281531572829,0,0,0,0,10.4746660530363,39.6844564136248,104.894972213075,209.381842977238,250.675577934794,209.381842977238,104.894972213075,39.6844564136248,10.4746660530363,0,0,0,0,0,0,0,0,0,0,0,0,0,0,0,0,0,0,0
0,0,0,0,0,0,0,0,0,0,0,0,0,0.512883521347973,2.64823528109637,6.99988336312238,12.9085965223542,16.7281593245719,13.9725331755566,8.14246928929319,2.64823528109637,0.698998618255724,0,0,0,0,0,0,0,0,0,0,0,0,0,0,0,0,0,0,0,0,0,0,0,0,0,0,0,0,0,0,0,0,0,0,0,0,0,0,0,0,0,0,0,0,0,0,0,0,0,0.142773978469757,0.624694549641268,1.90695462175706,4.52450206728261,6.68880862257959,7.79760031830184,9.50330267121932,12.4685381903834,14.5005504551274,11.8682761557795,6.87453546237389,2.79497754381203,0.590151539861251,0,0,0,0,0,3.87996858751554,15.7971107217869,44.8725862742445,97.653652205499,125.640801953987,112.77865107155,61.5978555603334,25.0438191759153,7.10378014818054,0,0,0,0,0,4.05633932573452,22.8346911893933,64.8632315419939,128.545242358524,181.613521860691,163.021309107079,111.582827616661,77.4262193294807,104.622653729378,152.69659088512,164.260782027703,118.801650415039,59.946667936176,16.4028532640798,3.74887314146274,0,0,0,0,10.7033800587118,40.5509652782948,107.185350650783,213.953688970281,256.149071339184,213.953688970281,107.185350650783,40.5509652782948,10.7033800587118,0,0,0,0,0,0,0,0,0,0,0,0,0,0,0,0,0,0,0
0,0,0,0,0,0,0,0,0,0,0,0,0,1.14053047885907,5.88904288705173,15.5660690815664,28.7056361926869,37.1994317827582,31.0715772495637,18.1069073406866,5.88904288705173,1.55440601153597,0,0,0,0,0,0,0,0,0,0,0,0,0,0,0,0,0,0,0,0,0,0,0,0,0,0,0,0,0,0,0,0,0,0,0,0,0,0,0,0,0,0,0,0,0,0,0,0,0,0.346146747096819,1.51453359081985,4.62329442841905,10.9693775407012,16.0889962083337,18.3852463043147,21.2985442368098,27.0174382904951,31.0234475422845,25.2974234591253,14.6409745239376,5.95257603046807,1.25686945796734,0,0,0,0,0,4.32247025709201,17.5987355832271,49.9902035684818,108.79083106829,139.969852145387,125.640801953987,68.6229521076308,27.9000102887948,7.91395025780168,0,0,0,0,0,2.69091402724878,15.1481880323969,43.0292846808201,85.2749654359868,120.479657708245,108.145865567413,77.4241050485993,66.140640928768,103.22634111122,155.302301526312,167.847411066063,121.395680736359,61.2556015557453,16.7610090521058,3.83072966926151,0,0,0,0,9.60764931578294,36.3996654956898,96.2125286772157,192.050735577818,229.92647523408,192.050735577818,96.2125286772157,36.3996654956898,9.60764931578293,0,0,0,0,0,0,0,0,0,0,0,0,0,0,0,0,0,0,0
0,0,0,0,0,0,0,0,0,0,0,0,0,2.22797585850393,11.5039848783093,30.4076276507994,56.0751909973341,72.6674451041043,60.6969522348223,35.3710428392702,11.5039848783093,3.03646341085066,0,0,0,0,0,0,0,0,0,0,0,0,0,0,0,0,0,0,0,0,0,0,0,0,0,0,0,0,0,0,0,0,0,0.140054474117952,0.788420398137477,2.23955272320812,4.43832107552485,6.27062586592221,5.62868682414227,3.52498495718395,1.2499157746819,0.354543642274102,0.0701637255744113,0,0,0,0,0,0,0.737202642058718,3.22556307116408,9.84641599619759,23.6553248829786,34.9891462124021,40.3866974652127,45.8014623261243,55.3664010217693,61.114717836824,48.5419547633546,27.7742255761915,11.2239824924046,2.35143098391763,0,0,0,0,0,4.23010602434593,17.2226789274806,48.9219933732011,106.466146097944,136.978921674603,122.956060224407,67.1565900638912,27.3038319716151,7.7448418776218,0,0,0,0,0,1.56812544666788,8.82758010251185,25.0752404486508,49.6938370790736,70.209309976096,63.0218141608824,48.1722651981035,51.8078197952923,90.5138647494461,138.979149277663,150.664468162302,108.968113116415,54.9847183923841,15.0451442691905,3.43856866559396,0,0,0,0,7.57580476170643,28.7017927198664,75.865314077533,151.435468683225,181.301172500047,151.435468683225,75.865314077533,28.7017927198664,7.57580476170643,0,0,0.041485462611042,0.254612572767861,0.77723524669128,1.6553091489885,2.54973080863446,2.4595730755441,1.6553091489885,0.639919935238893,0.195066995717262,0.041485462611042,0,0,0,0,0,0,0
0,0,0,0,0,0,0,0,0,0,0,0,0,3.82322186197495,19.7409169936495,52.1796977115338,96.225412549752,124.697834456085,104.156386548662,60.6969522348223,19.7409169936495,5.21059204979297,0,0,0,0,0,0,0,0,0,0,0,0,0,0,0,0,0,0,0,0,0,0,0,0,0,0,0,0,0,0,0,0,0,0.339553475723546,1.91147686073534,5.42965810996519,10.7604370161164,15.2027475105341,13.6464057070195,8.54610965928153,3.03034407381725,0.859569298217983,0.170107645889555,0,0,0,0,0,0,1.37920539239316,6.03458767975954,18.4212986537564,44.4497022222417,65.7033885213317,75.4157835844625,82.7772050703286,96.2412821282387,103.464284292169,80.8985732732613,45.9857337752203,18.5238213219839,3.86446817441112,0,0,0,0,0,3.63651955347235,14.8059193605303,42.0570511643379,91.5263636040617,117.757456720077,105.702342837404,57.7328916831651,23.4724421274653,6.65805272123836,0,0,0,0,0,0.802744275604569,4.51895568035701,12.8363491405199,25.4389362361398,35.9410797122244,32.2617049951987,27.0677657644292,36.980391359433,70.2737875282887,109.370267559639,118.801650415039,85.9233224578022,43.3564421147032,11.8633675989667,2.71137340821421,0,0,0,0,5.24754099472669,19.8809022482942,52.5497103241079,104.894972213075,125.582082037673,104.894972213075,52.5497103241079,19.8809022482942,5.24754099472668,0,0,0.1096554379497,0.672998477469753,2.0544081227912,4.37535556434088,6.73951381706989,6.50120658643186,4.37535556434088,1.69145277248728,0.515606082194567,0.1096554379497,0,0,0,0,0,0,0
0,0,0,0,0,0,0,0,0,0,0,0,0,5.76320351846871,29.7578655863904,78.6567529430275,145.052172276072,187.972088523134,157.007486120136,91.4958381461429,29.7578655863904,7.85455396490109,0,0,0,0,0,0,0,0,0,0,0,0,0,0,0,0,0,0,0,0,0,0,0,0,0,0,0,0,0,0,0,0,0,0.723160686971885,4.07094910984113,11.5637611438316,22.9169352724515,32.3779025090261,29.063298806636,18.2009932867682,6.45384559092854,1.83065928827467,0.362285091614893,0.108671283333616,0.475481310590584,1.45146341249576,3.44378892685512,4.76154548600411,4.59317863505224,5.00177209511047,11.1125972284646,30.6388349219882,73.5364877688853,108.827988792857,124.872265386709,133.744244304523,149.545292696637,155.770916348502,119.238762705129,67.1452397206677,26.9154343041433,5.57908102606287,0,0,0,0,0,2.74622449537771,11.1811246513581,31.7606168240108,69.118820346316,88.9280003593729,79.8242272179488,43.5986879756788,17.7259037354083,5.02802396789587,0,0,0,0,0,0.360984926265064,2.03212272281881,5.77235950329685,11.4395988866424,16.1622927800175,14.5077200209321,13.8398384891749,23.874499781436,48.1828511834573,75.659906704109,82.290469514909,59.516602022209,30.0317543203361,8.21741184854234,1.87808999296479,0,0,0,0,3.19299575710921,12.097025366757,31.9751674681169,63.8259332428294,76.4135154957688,63.8259332428294,31.9751674681169,12.097025366757,3.19299575710921,0,0,0.254612572767861,1.56265732937047,4.77019788019087,10.1592821828136,15.6486990910186,15.0953656837893,10.1592821828136,3.92743989874783,1.1972027432195,0.254612572767861,0,0,0,0,0,0,0
0,0,0,0,0,0,0,0,0,0,0,0,0,7.63156920376592,39.4050305270571,104.156386548662,192.076453197256,248.910523000559,207.907545169167,121.157758602699,39.4050305270572,10.400911915702,0,0,0,0,0,0,0,0,0,0,0,0,0,0,0,0,0,0,0,0,0,0,0,0,0,0,0,0,0,0,0,0,0,1.35293481349043,7.61618942218032,21.6342167214433,42.8744539176142,60.5746306200458,54.3734600881331,34.0515709736468,12.0742630761929,3.42491333857962,0.677785894179027,0.725394779771777,2.9167929892677,8.22426970832645,17.8610892272766,23.0715213655245,20.8991855601758,14.8895891309485,19.1365831559075,45.1079984727835,107.070916389317,159.157234165459,183.67332165186,193.896728878339,208.821670871085,209.582044215673,155.927726772984,86.6310171073166,34.4718401015763,7.07540065890991,0,0,0,0,0,1.82180370604176,7.41738862275984,21.0695118092292,45.8523777921637,58.9934875674853,52.9541824502505,28.9227087830361,11.7590958686954,3.33551489115227,0,0,0,0,0,0.142598958165705,0.80274427560457,2.28024050711644,4.51895568035701,6.38454944876918,5.73094777598994,6.48191420420751,13.8393848501097,29.1229914768211,45.9985358032926,50.071666000451,36.2143445711887,18.2735616967531,5.0000869346579,1.14277018226862,0,0,0,0,1.70669642187144,6.46601232174017,17.0911294777234,34.1157646844991,40.8439858364602,34.1157646844991,17.0911294777234,6.46601232174017,1.70669642187144,0,0,0.519331842628659,3.18734342706263,9.72974597401952,20.7218311273083,31.9185641358318,30.7899330755487,20.7218311273083,8.01077722618843,2.4419277488042,0.519331842628659,0,0,0,0,0,0,0
0,0,0,0,0,0,0,0,0,0,0,0,0,8.87726475531751,45.8370853149619,121.157758602699,223.428954487234,289.540008622359,241.844144214019,140.934252387603,45.837085314962,12.0986452860652,0,0,0,0,0,0,0,0,0,0,0,0,0,0,0,0,0,0,0,0,0,0,0,0,0,0,0,0,0,0,0,0,0,2.22348585373992,12.5168554100049,35.5548355746507,70.4621840033048,99.5516065786755,89.3602693340048,55.9621835454087,19.8434934754816,5.62868682414227,1.11390980004684,1.72923110592567,6.94275597126389,19.5459693881343,42.3700348527369,54.6453673370892,49.4242907847673,32.0258590514046,30.9984571105085,62.1182792618995,143.078640997023,211.686357366864,244.794181746316,254.994821529177,264.160587158424,253.670906552714,181.702223726115,99.0461505478929,38.9826641540878,7.88233415176451,0,0,0,0,0,1.06165292586429,4.32247025709201,12.2782211852014,26.7203930255753,34.3783517813987,30.8589572787769,16.8546579972361,6.85259256698046,1.94376547358641,0,0,0,0,0,0,0,0,0,0,0,1.54628502990191,6.71709184169736,15.3736545237751,24.5486116133722,26.7639357208167,19.3570229971192,9.76744873313928,2.67260940182166,0.610825046277224,0,0,0,0,0.801363669916858,3.03605685081096,8.02498327515938,16.0187447745464,19.1779193795037,16.0187447745464,8.02498327515938,3.03605685081096,0.801363669916857,0,0,0.930519532569064,5.71096372769137,17.4333979405805,37.1286083998999,57.1904992954323,55.1682600247921,37.1286083998999,14.3534134981932,4.37535556434088,0.930519532569064,0,0,0,0,0,0,0
0,0,0,0,0,0,0,0,0,0,0,0,0,9.07109955361563,46.8379366392708,123.80323447261,228.307518720778,295.862105655336,247.124803539317,144.011547380803,46.8379366392708,12.3628188275043,0,0,0,0,0,0,0,0,0,0,0,0,0,0,0,0,0,0,0,0,0,0,0,0,0,0,0,0,0,0,0,0,0,3.21001679363291,18.0704167746372,51.3300406645337,101.725312794869,143.721323170632,129.008225873457,80.791856034062,28.6477861748031,8.12605989878736,1.60813668264555,3.62275621350554,14.5234934815145,40.8256908030119,88.3339691392543,113.748984857835,102.722495564835,62.6615263481069,47.5105609003016,77.1576698059304,169.955406843433,250.557933616308,291.928142578602,303.399573914691,303.879367135085,278.020854010404,189.766365985416,100.751097364158,39.0230494034303,7.71390135688722,0,0,0,0,0,0.543474255026805,2.2127300227955,6.28538475156491,13.67852462873,17.5987355832271,15.797110721787,8.62812363213927,3.50793328931869,0.995039402207829,0,0,0,0,0,0,0,0,0,0,0,0.726043970339461,3.15394893927812,7.2185586442475,11.5265756942786,12.5667608344398,9.08891281943811,4.58621607346574,1.25489926096502,0.286807304737364,0,0,0,0,0.330535763559127,1.25227210449388,3.31003771942798,6.60719749856245,7.91025156685395,6.60719749856245,3.31003771942798,1.25227210449388,0.330535763559127,0,0,1.46460823211751,8.98887577975744,27.4396154447834,58.4392520589295,90.0160320501212,86.8330915750151,58.4392520589294,22.5918176165529,6.886670890489,1.46460823211751,0,0,0,0,0,0,0
0,0,0,0,0,0,0,0,0,0,0,0,0,8.14246928929319,42.0430244872696,111.129199789962,204.935129276329,265.573990774247,221.826043419341,129.268739133658,42.0430244872696,11.0972073492376,0,0,0,0,0,0,0,0,0,0,0,0,0,0,0,0,0,0,0,0,0,0,0,0,0,0,0,0,0,0.514741318750691,2.42034284543601,9.64374194431428,20.5386648879657,34.5887210903394,53.4347072529497,85.6355153984894,138.651967817771,184.687985116713,164.123206957759,102.460378106635,36.3311742974546,10.4019278163395,2.40483061926106,7.79352684366078,28.6284968797749,77.250090991551,163.631761910435,209.059674275122,187.99692231578,110.872000511224,70.9772473845392,91.9240441639417,187.7115209671,272.599256656899,318.060671978733,329.763683815194,319.995473086961,277.966763664415,178.860108480622,91.6735344979932,34.7036917862373,6.63145390598448,0,0,0,0,0,0.244394161179235,0.995039402207829,2.82646568782122,6.15107619521574,7.91395025780168,7.30870643577593,4.9380899781344,4.37433108531141,5.60518012364795,6.68385597509365,5.58282579335896,3.25338197438837,1.05812139061886,0.279289908743759,0,0,0,0,0,0,0.299468901726669,1.30089865563653,2.9774144783981,4.75432770582891,5.183369353776,3.74887314146274,1.89166103804958,0.517604055417051,0.118298439303513,0,0,0,0,0.119763008863173,0.453735697265255,1.19932582320514,2.39398558286271,2.86612110686652,2.39398558286271,1.19932582320514,0.453735697265255,0.119763008863173,0,0,2.0250366281223,12.4284448909131,37.9393104031238,80.8008744893553,124.460424311681,120.059540235054,80.8008744893553,31.2365157904613,9.52183696175272,2.0250366281223,0,0,0,0,0,0,0
0,0,0,0,0,0,0,0,0,0,0,0,0,6.42048388595342,33.1516830640317,87.6273782756002,161.595045487567,209.409881414782,174.913835920935,101.930732198956,33.1516830640318,8.7503481356144,0,0,0,0,0,0,0,0,0,0,0,0,0,0,0,0,0,0,0,0,0,0,0,0,0,0,0,0,0,1.24795873163694,5.86797266410978,23.3806603951478,49.7947323236278,78.5236966127645,99.5190250068051,122.315731866637,167.10198356578,208.922828593333,183.515601002914,114.145753221142,40.4746628133221,11.73572417048,3.23784054972911,13.7621267059321,48.2359577034285,127.00229261589,265.334534845121,337.444462395311,303.299376373568,178.445632590916,106.936995227253,114.719970017847,204.766840117945,283.559210129024,324.395124498859,331.606839205973,311.501954980717,256.382905444065,153.893385197722,75.3332764157402,27.6061286082315,5.00793709171546,0,0,0,0,0,0.0965424044890741,0.393067886675341,1.11653155865701,2.42984399961224,3.12622766112146,3.30301942690711,4.09804449450279,7.40394675345706,12.6813392065627,16.2045985454722,13.5352184529113,7.88762489893425,2.56535036231314,0.677121240472383,0,0,0,0,0,0,0.108506554163903,0.471354553430091,1.0788064587206,1.72263535128706,1.87808999296479,1.35832904262294,0.685405461807233,0.187543454932185,0.0428630683779905,0,0,0,0,0,0,0,0,0,0,0,0,0,0,0,2.45957307554411,15.0953656837893,46.0804042141001,98.1392892427401,151.167393397547,145.822158732089,98.13928924274,37.9393104031238,11.5650519578816,2.45957307554411,0,0,0,0,0,0,0
0,0,0,0,0,0,0,0,0,0,0,0,0,4.44728361636575,22.9632126743863,60.6969522348223,111.932217422896,145.052172276072,121.157758602699,70.6044720872724,22.9632126743863,6.06111324197113,0,0,0,0,0,0,0,0,0,0,0,0,0,0,0,0,0,0,0,0,0,0,0,0,0,0,0,0,0,2.65782787750905,12.4972572696172,49.7947323236278,106.049843130022,162.014529113563,182.561221130017,177.021185629173,190.444962125341,211.213157727141,181.030703977705,111.70664218268,39.6097844095262,11.8273891601077,4.46602017940638,22.5332820643741,74.1151717965564,188.10733575894,384.397592300315,484.610865918468,433.930394383265,255.525729399506,150.15985352126,144.932595685607,226.313070937343,291.446850160975,317.240944307533,311.193603829361,281.046761434634,219.057122636351,121.850994782352,56.4194927120251,19.7937200354729,3.32218956194854,0,0,0,0,0,0,0,0,0,0,1.05812139061886,5.46352979123781,14.4413419617973,26.6315089774625,34.5115849315827,28.8264988419411,16.798591822202,5.46352979123782,1.44209232545726,0,0,0,0,0,0,0,0,0,0,0,0,0,0,0,0,0,0,0,0,0,0,0,0,0,0,0,0,0,0,2.62423070507015,16.1059342068537,49.1652851639443,104.709284210873,161.287387353394,155.584312671704,104.709284210873,40.4791808298031,12.3392814612311,2.62423070507015,0,0,0,0,0,0,0
0,0,0,0,0,0,0,0,0,0,0,0,0,2.70605941563621,13.9725331755566,36.9325577732513,68.1079186754873,88.2605721617795,73.7214267688494,42.9610326120641,13.9725331755566,3.6880338589866,0,0,0,0,0,0,0,0,0,0,0,0,0,0,0,0,0,0,0,0,0,0,0,0,0,0,0,0,0,4.97243272280807,23.3806603951478,93.1591389061396,198.404763036273,298.619066834641,316.282559628197,259.417104866228,214.162198828624,194.76100464888,159.991474241078,99.6013745731427,39.5503880187742,16.1705700433777,10.0554451863099,35.3598432073907,103.594689636509,248.967734686989,492.755040456635,613.871373498395,547.434995113756,326.469008657164,197.653969881658,186.456527609134,260.050141184548,305.962455183869,307.00165959771,278.462430086809,238.673827548497,176.072551217724,90.4428607653933,39.275281653585,13.0137990610952,1.93600016128062,0,0,0,0,0,0,0,0,0,0,1.97960051210971,10.2215175579575,27.0177771629825,49.8239136619337,64.5664588297582,53.9304397168093,31.4278694947314,10.2215175579575,2.69795765523181,0,0,0,0,0,0,0,0,0,0,0,0,0,0,0,0.0594791572375181,0.365046941679223,1.11434932959352,2.3732745630076,3.65563814731928,3.52637585529817,2.3732745630076,0.917475569800341,0.279674367353664,0.0594791572375181,0,0,0,0,0,2.4595730755441,15.0953656837893,46.0804042141001,98.1392892427401,151.167393397547,145.822158732089,98.13928924274,37.9393104031238,11.5650519578816,2.4595730755441,0,0,0,0,0,0,0
0,0,0,0,0,0,0,0,0,0,0,0,0,1.4464228183689,7.46849485224252,19.7409169936495,36.4045397948799,47.1763867413378,39.4050305270572,22.9632126743863,7.46849485224252,1.97130051828561,0,0,0,0,0,0,0,0,0,0,0,0,0,0,0,0,0,0,0,0,0,0,0,0,0,0,0,0,0,8.17196342912751,38.4250350581109,153.102740382591,326.069060775851,487.377412468607,500.71651758555,372.144321802233,245.121003149525,170.927785152114,133.183780733425,89.8461920488956,49.8059962972182,31.9764465842222,25.4049008409509,55.1876598149329,135.797854858701,300.791539401207,567.577864294372,694.501931181371,615.800394450012,375.935018156508,242.865124373063,235.71860756924,303.164649810262,327.192346932474,299.066256310158,244.145900769556,196.140136489339,137.126018259538,65.1454372000662,26.3981742701783,8.1348481409931,0.991064235543071,0,0,0,0,0,0,0,0,0,0,3.25338197438837,16.9431576625493,45.0350030916114,83.8141875432807,110.693277902808,94.9664887176463,57.7605751955705,20.4371218710009,6.02372351065588,0.484605445935547,0.0724238051903977,0,0,0,0,0,0,0,0,0,0,0,0.178127535043221,0.725237931753093,2.21729618742826,5.44813472661222,8.71358689781714,11.4507150337383,12.4906050466183,10.4707570063365,6.599231355711,2.4250949388673,0.739242455194621,0.157216832723064,0,0,0,0,0,2.0250366281223,12.4284448909131,37.9393104031238,80.8008744893553,124.460424311681,120.059540235054,80.8008744893553,31.2365157904613,9.52183696175272,2.0250366281223,0,0,0,0,0,0,0
0,0,0,0,0,0,0,0,0,0,0,0,0,0.679154583747582,3.50676333930878,9.26916672867246,17.0934181602549,22.1512402135353,18.5022710961815,10.7821661462496,3.50676333930878,0.925606099361331,0,0,0,0,0,0,0,0,0,0,0,0,0,0,0,0,0,0,0,0,0,0,0,0,0,0,0,0,0,11.7977543236133,55.4737092772602,221.032378934497,470.741542706042,701.37189166445,710.220851819831,501.307172513797,283.399299239739,149.826300678541,111.540453879571,90.8720043826161,76.066928704403,63.4399848413785,53.2773436100017,84.1297312725678,173.219050120798,344.482750409719,602.989820272315,714.905437239191,626.678859960133,395.286643089352,278.813813402484,283.463051087694,343.41733569974,345.41024084617,291.622285080438,215.915599840047,163.359489265273,109.424530365396,48.6917215697226,18.4667851518525,5.22785148556021,0.445670259961703,0,0,0,0,0,0,0,0,0,0,4.69686405079814,24.6178664043974,65.7044921824516,123.422094929328,166.306738118874,147.723139231772,96.43719930016,41.0727133961552,16.3404963520976,4.4341648408025,1.1401595320099,0.235007210545172,0,0,0,0,0,0,0,0,0,0,0.45092443823211,1.83591777027078,5.5800751825888,13.6477968860045,21.6956074892468,28.4499277146633,31.4389953551077,27.1030411109422,17.8508821427079,7.09551603875596,2.35639133816805,0.560113937396485,0.0291525698181735,0,0,0,0,1.46460823211751,8.98887577975743,27.4396154447834,58.4392520589294,90.0160320501212,86.8330915750151,58.4392520589294,22.5918176165529,6.886670890489,1.46460823211751,0,0,0,0,0,0,0
0,0,0,0,0,0,0,0,0,0,0,0,0,0.280128594969845,1.4464228183689,3.82322186197495,7.05046439654732,9.13664715861426,7.63156920376593,4.44728361636576,1.4464228183689,0.381781618374496,0,0,0,0,0,0,0,0,0,0,0,0,0,0,0,0,0,0,0,0,0,0,0,0,0,0,0,0,0,14.961933394586,70.3518585478383,280.313663172803,596.995276799026,888.170874318818,893.327590384693,614.807344152205,319.620021389357,139.638004600555,110.048597337074,121.143903580335,137.428509303105,126.607033959383,104.231833177916,125.729700762881,215.604001257343,380.047893447161,604.31860474233,684.143675954053,588.462458309798,386.154116469557,300.045908648224,318.069084136326,366.26963837078,349.87509323739,282.558178126613,200.5112778091,148.004390883738,97.1831707044277,41.7183424917861,15.7978433617877,6.16877186452925,4.73450607850733,5.45746038333334,4.55845408815548,2.28366943433403,0.863970676743838,0.22804405392839,0,0,0,0,0,5.95657149350978,31.5701231145505,84.8566380820296,161.565209606349,223.746379840503,206.97909170232,144.485119710028,69.6889251865379,31.4075470166461,10.5041766672538,2.72745487282786,0.56976055683522,0,0,0,0,0,0,0,0,0,0,1.00274827335932,4.08264271811565,12.3415617074724,29.9614606969823,47.0937817340317,60.9108031800824,66.5566113458371,57.356500616675,38.0467376597109,15.3566212174576,5.19252990631498,1.26019029030072,0.0770568196561499,0,0,0,0,0.930519532569064,5.71096372769137,17.4333979405805,37.1286083998999,57.1904992954323,55.1682600247921,37.1286083998999,14.3534134981932,4.37535556434088,0.930519532569064,0,0,0,0,0,0,0
0,0,0,0,0,0,0,0,0,0,0,0,0,0.101498981656187,0.524082316996302,1.38526781129896,2.55459445876916,3.31048096839621,2.7651461383453,1.61138407967941,0.524082316996302,0.138330917214052,0,0,0,0,0,0,0,0,0,0,0,0,0,0,0,0,0,0,0,0,0,0,0,0,0,0,0,0,0,16.668308164861,78.3753293989669,312.282804458683,665.081242124325,988.794036595551,991.433828145133,674.199476341383,338.311573046792,142.15804095437,138.039288011806,195.206203132562,250.914170670082,236.239701301412,187.976273096697,184.22286072161,266.645679198105,417.798323218391,597.36074939851,636.503260396079,531.96135696167,363.099185690627,307.602809966596,332.338272143221,361.726851565929,331.627911649334,264.90299208448,192.75356110089,145.231452217041,95.4802741505785,40.2574251136416,15.7008564256103,8.76400378433017,11.0516921312762,13.2312777114406,11.0516921312762,5.53661636813321,2.09464387381531,0.552878811027909,0,0,0,0,0,6.63590504257788,35.8537486804925,97.5232941195096,189.904177715207,274.647643219873,269.703775616865,205.602359232794,113.56957925635,57.0668022267938,21.8902581133185,5.73689887992492,1.21344196171887,0,0,0,0,0,0,0,0,0,0,1.95882441251017,7.97526202364864,23.9883011161329,57.8461605166513,89.9880091228735,114.939730353107,124.411973425281,107.388876917295,71.9143329950161,29.567866216926,10.2005400452125,2.53132110919201,0.178920767349096,0,0,0,0,0.519331842628659,3.18734342706263,9.72974597401952,20.7218311273083,31.9185641358318,30.7899330755487,20.7218311273082,8.01077722618843,2.4419277488042,0.519331842628659,0,0,0,0,0,0,0
0,0,0,0,0,0,0,0,0,0,0,0,0,0,0,0,0,0,0,0,0,0,0,0,0,0,0,0,0,0,0,0,0,0,0,0,0,0,0,0,0,0,0,0,0,0,0,0,0,0,0,16.3121332456012,76.7005747481327,305.609823519994,650.869526371779,967.36348274024,968.550566830205,654.969892087913,327.612620237549,154.343522386003,195.704095624615,314.784186531653,418.318677378132,393.66972462151,305.546364378365,261.034482835478,330.326512165707,468.875976133458,606.021839682352,601.540217131907,481.681122012482,334.633281550769,298.693227067331,320.561296553243,328.681554236905,293.524373870674,241.985747419365,193.495150213108,154.213166902102,103.377225986538,44.4588137028133,19.2556952746732,15.2459295209035,23.5372329993831,28.1791840267051,23.5372329993831,11.7915544458712,4.46104726073546,1.17748822904308,0,0,0,0,0,6.49410643174234,36.2598575950846,100.568433186213,202.978833987583,312.915550991606,332.492156445858,280.251270210374,175.705619915356,95.9876740623123,40.1284377904112,10.6096219403783,2.27018407352031,0,0,0,0,0,0,0,0,0,0,3.36135613368267,13.6856043603034,40.9745930519107,98.2169988818277,151.375617856766,191.220339292782,205.508674051564,178.110561437313,120.730590475412,50.7252379933896,17.884437900504,4.54178774424978,0.364943689865061,0,0,0,0,0.254612572767861,1.56265732937047,4.77019788019087,10.1592821828136,15.6486990910186,15.0953656837893,10.1592821828136,3.92743989874783,1.1972027432195,0.254612572767861,0,0,0,0,0,0,0
0,0,0,0,0,0,0,0,0,0,0,0,0,0,0,0,0,0,0,0,0,0,0,0,0,0,0,0,0,0,0,0,0,0,0,0,0,0,0,0,0,0,0,0,0,0,0,0,0,0,0,14.0231453219065,65.937623839412,262.725353115832,559.536745837532,831.499777114892,831.96870792659,561.156502887415,287.298740854113,171.797449975415,275.741116356781,470.224501168007,630.131919732289,592.747170488448,454.686941952406,356.645862741011,409.344484224532,540.798930901671,646.507345065103,600.054476549744,456.756018384625,312.433193835759,280.188258543181,290.717004694719,281.552252530752,252.463917769271,226.110374875872,203.953790029975,168.895377082824,112.587439859598,48.5457784328977,23.914577512987,25.5539926788442,44.0349461907892,52.7194021637475,44.0349461907892,22.0603868578481,8.34600974915796,2.20291955335441,0,0,0,0,0,5.58282579335896,32.9387876756168,94.1878860480236,200.522743599177,336.489095829439,391.509597919084,364.08755881502,253.142399377443,146.733410187737,64.7052443366416,17.2505105090417,3.73094263117932,0,0,0,0,0,0,0,0,0,0,5.06697759006309,20.6299623849001,61.5039404714873,146.653427866351,224.184301841293,280.561755500621,300.248951075404,262.029597676743,180.292355250228,77.6360681329992,28.0052038409471,7.27872133237164,0.653892567011498,0,0,0,0,0.1096554379497,0.672998477469752,2.0544081227912,4.37535556434088,6.73951381706988,6.50120658643185,4.37535556434088,1.69145277248728,0.515606082194567,0.1096554379497,0,0,0,0,0,0,0
0,0,0,0,0,0,0,0,0,0,0,0,0,0,0,0,0,0,0,0,0,0,0,0,0,0,0,0,0,0,0,0,0,0,0,0,0,0,0,0,0,0,0,0,0,0,0,0,0,0,0,10.5899898567818,49.7947323236278,198.404763036273,422.550599519179,627.854970938494,627.854970938493,422.550599519179,227.466066940367,187.182217063254,358.709171741229,630.140573240645,847.427542176614,798.687831728393,611.538970676977,461.234430418056,503.638380252991,641.684396253106,733.187077005096,647.049423561675,469.474274450198,306.155988887125,261.80383038829,254.682399916745,234.774608298912,222.601454303933,228.259743252583,229.318199159656,190.340084400124,122.199211464285,51.5585178692585,29.2451353847623,39.4600494278725,72.3693994338267,86.641901560875,72.3693994338267,36.2552265026791,13.7162813961099,3.62039650023779,0,0,0,0,0,4.21603478867845,27.2146234063208,81.3669020076291,186.184765302446,344.842512871167,438.968098734396,443.834154141335,333.242910541126,201.194490245899,91.7668197019376,24.6581475277452,5.38631198486025,0,0,0,0,0,0,0,0,0,0,6.70963466908279,27.317963890556,81.1245970176681,192.569747700137,292.326761766917,363.173609757188,388.359341516722,342.394664729461,239.823395673087,106.101636705992,39.1730366886964,10.4130467457872,1.02920616176793,0,0,0,0,0.041485462611042,0.254612572767861,0.77723524669128,1.6553091489885,2.54973080863446,2.4595730755441,1.6553091489885,0.639919935238893,0.195066995717262,0.041485462611042,0,0,0,0,0,0,0
0,0,0,0,0,0,0,0,0,0,0,0,0,0,0,0,0,0,0,0,0,0,0,0,0,0,0,0,0,0,0,0,0,0,0,0,0,0,0,0,0,0,0,0,0,0,0,0,0,0,0,7.02523875979638,33.0330706907723,131.618712601318,280.313663172803,416.509471398903,416.509471398902,280.313663172803,166.593913667053,198.289397943883,425.165914501069,756.722178378926,1020.93548349391,967.824052635732,746.913881776637,562.894172077712,608.649684120991,766.686376148302,857.47176220395,735.836939804835,520.255855127444,327.452139961277,261.895079601303,232.916493784936,204.90148164772,213.763858840048,251.118645699299,267.22484685711,215.783506395345,130.682779563809,52.8972154291655,34.4140987515848,54.9437060962317,104.478734207807,125.083754670575,104.478734207807,52.3411856813988,19.8020120315358,5.22671801389048,0,0,0,0,0,2.796853576881,20.775644855993,65.8868910315216,164.30667419117,336.04695980162,462.185949276577,498.228345187238,395.065921425522,245.39398046844,114.462686899065,30.9851391219049,6.83093061182315,0,0,0,0.0624781063419307,0.383452669831116,1.17053501007723,2.49293546534412,3.83995603710009,3.70417631859052,2.49293546534412,8.76857835193593,32.0708310818746,94.0894523425464,222.369699635157,335.654188946255,414.927259684924,445.16803264634,397.904582260197,284.474678200954,129.528575532358,48.9277747529492,13.2842882136003,1.4230291280392,0,0,0,0,0,0,0,0,0,0,0,0,0,0,0,0,0,0,0,0,0
0,0,0,0,0,0,0,0,0,0,0,0,0,0,0,0,0,0,0,0,0,0,0,0,0,0,0,0,0,0,0.073616030645353,0.346146747096819,1.37920539239316,2.93734916691121,4.3645170020485,4.36451700204849,2.9373491669112,1.37920539239316,0.346146747096819,0.073616030645353,0.136925316859162,0.594806203908506,1.36135478016284,2.17380777709963,2.36997727333851,1.7140866373768,0.864918813044165,0.236662634707407,0.0540892599938882,0,0,4.09394560978135,19.249964215594,76.7005747481327,163.352297330502,242.720166554925,242.720166554925,163.352297330502,114.008802901987,196.318448916732,453.194031139226,816.704299733583,1113.93629437874,1070.30829993396,839.693674680293,644.563931383545,705.556109799466,895.514894584791,1002.31209458264,856.12282491957,605.661938800974,379.887715898585,288.109169324711,234.134400216072,197.84879858187,228.369751073551,295.429993458496,319.697229256306,248.743067840322,141.544746715293,54.0411086546329,38.6374096310709,68.2614599725489,132.500119894774,158.631444153745,132.500119894774,66.3791864517225,25.1129475125302,6.6285332488735,0,0,0,0,0,1.62986153407335,14.8882789899592,50.8711850178663,138.924136918623,310.441843227046,453.685393820569,512.189318081024,421.583562813304,267.213230007776,127.55067275345,38.3767393038671,14.5244918571165,8.27817024438204,6.38800465458985,3.46399296219207,1.47566105050834,1.26735971128902,3.09398813673373,6.58939091015193,10.1498702064306,10.0071804084483,7.46966611195591,13.4734394765577,38.6890552773089,102.928149827104,231.709681934383,342.849152704529,419.997796743425,452.974670487096,411.715201135114,301.129682228608,141.228006490337,54.5205294752673,15.0914278131798,1.72838559087478,0,0,0,0,0,0,0,0,0,0.179758348043461,0.681034821711387,2.09396240594924,3.59325385776602,4.30190590862191,3.31964602763926,1.80012869409056,0.681034821711387,0.131895961062538,0,0,0
0,0,0,0,0,0,0,0,0,0,0,0,0,0,0,0,0,0,0,0,0,0,0,0,0,0,0,0,0,0,0.18635674296834,0.876259964202798,3.49141651020252,7.43581009336714,11.0486420688732,11.0486420688732,7.43581009336714,3.49141651020252,0.876259964202798,0.18635674296834,0.346622275828889,1.50573381756693,3.44622822816572,5.50292828380183,5.99952539815773,4.3391581983816,2.18951567366432,0.599104263021855,0.136925316859162,0,0,2.0957452159658,9.85431274806277,39.2640444968714,83.6222139418471,124.251681961909,124.251681961909,83.6222139418471,74.6302673414288,179.7627295671,436.538398741255,800.006238531932,1116.04756128751,1098.66153589879,885.625358444854,702.561334229334,786.217859020951,1011.44642659015,1142.49575448786,983.844614785742,709.255327722696,458.691398499904,343.065572717277,263.415629099234,214.779134825066,261.428629437744,352.071123626482,378.685674332621,285.236176725137,154.162969089113,55.8540418856955,43.0302348781174,80.7238349274928,156.979438801741,186.434372875448,154.635210660467,76.9099030389999,28.9467864762623,7.60614212579885,0,0,0,0,0,0.834347799970729,10.1180871079546,37.5510990603445,111.368705588497,266.78617233013,407.3261998159,474.841172148175,400.995878507503,257.998877156737,125.947286446465,43.2947548473563,24.2111724322094,20.0699156297132,15.4873251787544,8.3982383112133,3.56072146719142,2.96874099380745,7.18403295209469,15.3001237692976,23.5673179081606,23.2581641758265,17.4342969633225,20.2276892635111,44.1427045675842,103.053841550386,215.958249645606,310.638782757113,376.480269336778,409.461176304319,379.628555068598,284.538324229778,137.431070284288,54.130971172557,15.2426472292619,1.84409342534822,0,0,0,0,0,0,0,0,0,0.455052791750371,1.72401894138488,5.30080215477476,9.09621287267777,10.8901439898219,8.40358297092854,4.55697104847564,1.72401894138488,0.333890614568814,0,0,0
0,0,0,0,0,0,0,0,0,0,0,0,0,0,0,0,0,0,0,0,0,0,0,0,0,0,0,0,0,0,0.414412895812446,1.9485929162836,7.76407659542654,16.5354660336986,24.5695416308859,24.5695416308859,16.5354660336986,7.76407659542654,1.9485929162836,0.414412895812446,0.770805170724375,3.34839245267691,7.66358864678901,12.2371984464547,13.3415118452314,9.64925167577717,4.86896001881789,1.33226481949541,0.30448920798794,0,0,0.94243267158275,4.43137181896843,17.6565920658813,37.6039539007424,55.87456131973,55.87456131973,37.6039539007424,47.7159764064636,152.532321841045,386.27753060494,726.988002920418,1054.05844877307,1076.53061692967,900.884535059853,745.037201700281,852.689224632642,1109.4323613314,1267.53365895557,1112.27530533996,832.308836096178,570.06610094184,431.65953529016,322.750642965196,254.657850111712,309.147612973764,414.880098766116,438.260069698937,321.904579393147,167.738741692936,57.9625551607804,45.3972827180576,86.5612561529567,167.16933049325,196.491337433384,161.817003569013,80.9848631893867,33.022335086565,13.0207216467048,5.73103595189131,4.14497314129298,2.0915309479068,0.572293280292458,0.13079766507613,0.375196669979389,6.5185857386988,26.7475522822021,84.9351772079195,214.469958444191,337.710703120703,401.988609609317,344.363659635865,223.806646824059,113.02102077566,49.7923295077469,42.1048675947883,42.7437061079235,32.9839790087838,17.8860657325013,7.54888334990994,6.11073332326877,14.6532318885836,31.2075769989582,48.0701267105901,47.4867477426559,35.7528114419847,32.945556710125,54.7578287137123,104.315909716813,188.824487010612,254.950983461167,301.150974874271,329.529410228037,312.09856458875,239.943642153052,119.223769844531,47.8129710774394,13.6649119533272,1.72838559087478,0,0,0,0,0,0,0,0,0,1.01192874576503,3.83380644324844,11.7877182016551,20.2278053235414,24.2170797511916,18.6875618167157,10.133615442362,3.83380644324844,0.742492996304227,0,0,0
0,0,0,0,0,0,0,0,0,0,0,0,0,0,0,0,0,0,0,0,0,0,0,0,0,0,0,0,0,0,0.809537267470889,3.80649009912876,15.1667803174274,32.3013017320202,47.9955131605783,47.9955131605783,32.3013017320201,15.1667803174274,3.80649009912876,0.809537267470889,1.50573381756693,6.54093659717335,14.9704815531375,23.9048260610243,26.0620534550334,18.8493864782693,9.51129810121238,2.6025204148329,0.594806203908506,0,0,0.372286783549357,1.75051354960391,6.97483869867396,14.8545943583795,22.0719859817881,22.0719859817881,14.8545943583795,30.0097683998291,120.232955204069,317.619850175907,621.319924922377,951.201141709504,1018.31912354831,891.253394739514,770.583472727272,895.592907032644,1167.47623605402,1341.4097677571,1203.99052477933,945.778656379392,696.159082405967,541.007422036592,401.42659970736,307.183198860248,359.771154289646,471.364218654783,488.490759950163,352.868718370723,179.851100628843,60.6292650723322,48.0810610675127,91.3449520712301,172.557237095634,198.822023177104,161.291188030777,81.1407442510418,36.8781421144169,20.664125700463,14.5079432355451,10.492873461541,5.29464699267918,1.44874303603467,0.33111031167761,0.148212987173367,3.93861102310393,19.0519603721313,64.0077844885938,169.496255272077,274.209174425006,331.515101877437,285.221087097449,186.209205672203,99.3341461118982,62.3258602677846,72.1212288524733,80.721730815774,63.0891849741046,35.0005146916312,15.2565660991454,11.6019906434659,26.4485100651049,55.9640785852272,86.1302700232414,85.1732983006388,64.4200913771696,54.0316087256632,75.0754010397559,115.587600112766,166.337822449266,197.195339840218,218.305248254155,236.933590972758,228.794927491326,180.450938643812,92.071150081014,37.5096159369259,10.8559553277252,1.4230291280392,0,0,0,0,0,0,0,0,0,1.97675805941284,7.48917136373153,23.0267862779142,39.5141232669648,47.3069944637458,36.5053256828283,19.7955696787083,7.48917136373154,1.45042723674417,0,0,0
0,0,0,0,0,0,0,0,0,0,0,0,0,0,0,0,0,0,0,0,0,0,0,0,0,0,0,0,0,0,1.38917150617442,6.53196313094368,26.0262991019556,55.4292554296503,82.3606299376361,82.3606299376361,55.4292554296502,26.0262991019556,6.53196313094368,1.38917150617442,2.58384956356866,11.2242920858655,25.6894490753957,41.0208455600532,44.7226625714659,32.3456765446846,16.3214528099663,4.46594289082944,1.02069152757712,0,0,0,0,0,0,0,0,0,16.2779495474842,89.5619029451083,250.090053479473,514.6895604381,840.071444024279,944.977935725968,865.532079535599,782.764493311226,918.489384599901,1186.99072523772,1361.36084288658,1258.66528412341,1057.62038524562,849.497336908415,678.775788175931,501.127894387561,372.777843392931,416.415066256752,527.371672549742,536.634179149024,384.302957748358,194.329913947036,65.8965088890221,53.8531454892901,101.144090596231,184.278246714425,206.091061759437,163.496806080964,83.6767875949259,45.6747621615753,36.4244692972999,32.262201371196,23.3336449614248,11.7740305909596,3.22165856350708,0.736310266589019,0,1.93088754935042,13.7609344579079,49.4181418072053,138.658054074699,230.649424273062,281.625674627245,239.958000094077,156.084361404184,90.2786497427973,82.2584416662884,114.240493921261,133.416361114941,105.064513504722,59.0595078808639,26.1713162908748,19.0189186822922,41.8359025558347,88.1364741197938,135.566313328496,134.20519549631,101.986051602201,83.2496156073331,106.448739760856,141.615534517408,160.015351918908,154.473657531917,148.459180410178,153.316027257723,149.517221912613,120.898662619324,63.1920529944819,26.0928947503806,7.63125509859515,1.02920616176792,0,0,0,0,0,0,0,0,0,3.39213039483167,12.8514694522416,39.5141232669648,67.80650667933,81.1791271291289,62.6433893780265,33.969333409522,12.8514694522417,2.48894309135282,0,0,0
0,0,0,0,0,0,0,0,0,0,0,0,0,0.284188204763612,1.59980449719158,4.54433513738347,9.00591363868634,12.7238913201723,11.4213159829683,7.15263937914026,2.5362368631895,0.719413798400848,0.14237105480633,0,0,0,0,0,0,0,2.09406579088906,9.84641599619759,39.23258026141,83.555203294753,124.152112897442,124.152112897442,83.555203294753,39.23258026141,9.84641599619759,2.09406579088906,3.89494814414469,16.9197294786772,38.7248055812183,61.8356689716505,67.4158643134611,48.7585402049573,24.6032947228253,6.73205445849096,1.53861146838206,0,0,0,0,0,0,0,0,0,11.0962856998631,66.8401431298064,196.54973188132,426.637102392425,739.287656535388,867.151288484855,827.610828347965,784.930217041011,927.084804415765,1174.08460667178,1328.70158971808,1268.76708526498,1150.55698471757,1005.67063818155,821.460361943998,603.972728622567,442.71850326627,476.138625797201,580.815308679088,577.124654855373,409.400513654171,206.124625959473,72.1521875805457,63.6692437226074,120.104617079169,210.938982229437,228.660338293764,177.36347204174,93.9825525578153,63.3887413368923,64.4373031425138,63.0227838094444,45.5812436656331,23.000048135659,6.29336754859592,1.4383495476333,0,1.03208369888221,12.4933523862775,45.5815103188956,132.492655846111,224.514632064795,275.409394342037,231.079967659408,148.819812920591,92.5315504490172,108.283076698387,163.185787976004,194.361982652382,154.885320339492,88.8340418835415,40.423788475767,27.9062872330589,58.324442506542,121.979588113159,187.44039805976,185.767967621032,141.863772039345,115.94650178233,144.238739055744,178.587663758575,170.552965073727,132.401196001605,100.948509494891,90.7418868166887,87.0415415572607,72.0622920935905,38.4820918545185,16.0698849011224,4.7404025060201,0.653892567011498,0,0,0,0,0,0,0,0,0,5.1133673462779,19.3725702139588,59.5644046991668,102.212927205726,122.371091186201,94.4299376562345,51.2060740635817,19.3725702139589,3.75188416974138,0,0,0
0,0,0,0,0,0,0,0,0,0,0,0,0,0.688996858507002,3.87862780479307,11.017461601774,21.8342848191099,30.8482934922487,27.6902795414279,17.3411351338819,6.14895059638647,1.74417459541319,0.34516988340696,0,0,0,0,0,0,0,2.77293834048999,13.0385131885843,51.9513410116053,110.642859346405,164.400829908977,164.400829908977,110.642859346405,51.9513410116053,13.0385131885843,2.77293834048999,5.15764647419873,22.4049152544646,51.2789514977898,81.8820965641861,89.271328401148,64.5655099037008,32.5794058315293,8.91451070899286,2.03741198120754,0,0,0,0,0,0,0,0,0,7.91481312490915,52.199559329806,161.076105134788,364.219894693459,655.290285174892,787.830600768022,777.16244087664,779.816835156371,934.109418826601,1153.73256413447,1276.61625436216,1263.61370859161,1243.33472119643,1170.13988981756,966.888980159593,703.295878076,508.545132550848,533.155531729504,631.333287415229,615.063842381054,433.96944766733,219.033679197941,80.3348870882074,76.9662363447779,146.70389805897,250.967180576136,265.987789174661,203.486221097089,113.155188386022,91.2200355990071,106.089518855602,108.147529490999,78.2177269171465,39.4682404313729,10.7994618996421,2.46821769395923,0,0.484605445935547,12.8136630181524,47.5795932426121,143.576011674261,249.160204431044,310.083289704976,260.694139820484,167.080179042987,106.087154475838,134.277400150069,207.5667880169,250.060838442718,202.963242075524,119.942466689222,56.7626477267223,37.2496890299494,72.7407224840537,150.661414863873,231.811733709871,230.519435428779,176.9804351477,145.156692272296,178.601054643682,214.412556193883,187.929830530064,125.239527873918,73.922886817832,51.0000550097592,45.8307714073698,39.9595702128876,24.2698373071891,13.2314312527868,7.00529019327796,3.43301216597895,1.67423564255361,0.675023971261623,0.141129022652798,0.0279292499859307,0,0,0,0,0,6.77106346189995,25.6529393364063,78.8745139896762,135.34920725778,162.042421013787,125.043060135127,67.80650667933,25.6529393364063,4.96820277023688,0,0,0
0,0,0,0,0,0,0,0,0,0,0,0,0,1.46738430657402,8.26046955297859,23.4643308646679,46.5013540965277,65.6988507221986,58.9731014620091,36.9321125915977,13.0956672670298,3.71463874999423,0.735122176189444,0.1347439610289,0.633573739200764,2.07844727739629,5.37641133602115,7.98864464272929,8.28147517442372,5.37641133602114,5.75000776091866,15.9937569117144,60.566064996056,128.703013689335,191.235859117379,191.235859117379,128.703013689335,60.4313210350271,15.1667803174274,3.22556307116408,5.99952539815773,26.0620534550334,59.6491778645382,95.2476522865125,103.843023120962,75.1044916416913,37.8973188102262,10.3696198795906,2.36997727333851,0,0,0,0,0,0,0,0,0,6.42967045857312,44.523428486115,141.44228622536,325.175623480444,589.999483136572,714.492330242447,724.178625999179,773.872656614202,943.502999656349,1134.70298077906,1225.91110340534,1264.93254150857,1346.88257657616,1338.79448697929,1106.44077858981,794.409953043633,577.816921492317,604.693876780573,699.36179990927,666.601055146864,468.346474004068,238.345843629496,90.8686711171747,90.4955222529046,172.727075487193,290.857621639613,304.499200690559,232.136874216833,136.260155871563,125.349265908391,156.900736903,163.023817339824,117.907015404715,59.4952399661047,16.2793316905327,3.72064227808753,0,0.19988356985766,13.7343206864084,52.0508314970237,162.813202386657,290.369048398279,369.898090442773,317.422777944063,204.179028949259,126.110721216284,152.023113856968,234.151635852145,284.977417975368,237.824210164186,146.670997133326,73.2043734931981,45.4582082210015,80.7147941796353,164.498105136587,253.408282157266,253.018637376898,195.29636137022,160.941725731691,197.268041656271,233.933157338788,197.654831586796,121.80212068793,59.492445234409,28.9511203343824,22.6246853587672,22.4584517805467,18.6968568094115,15.3625786579793,12.1492569823779,7.70583508111914,4.08809617730427,1.64318547957727,0.342158652688712,0.0677127522472984,0,0,0,0,0,7.87629928019011,29.8402501714853,91.749144171795,157.442160998388,188.49248883469,145.453748894374,78.8745139896763,29.8402501714853,5.77915893466979,0,0,0
0,0,0,0,0,0,0,0,0,0,0,0,0,2.74527549533495,15.45420960423,43.8985562600161,86.9976783376833,122.913570869802,110.330613188542,69.0949352766232,24.5002037177118,6.94958143459359,1.37531312508171,0.326678462707221,1.53606064088749,5.03906784551331,13.0347792711568,19.3679785800668,20.0779282297372,13.0347792711568,9.41635433566092,17.5029004829779,62.0775155025597,131.513239968087,195.411488120353,195.411488120353,131.513239968087,61.7508370398525,15.4979464913211,3.29599313994426,6.13052484759285,26.6311175771398,60.9516157976972,97.327381795342,106.110432283144,76.7443958678134,38.7248055812183,10.5960402053542,2.42172565298141,0,0,0,0,0,0,0,0,0,5.91819854447977,40.7766926845525,130.592890816104,299.269546488744,537.838132317344,653.265914703706,686.280588339278,792.6504086392,986.211116258369,1153.87769082655,1213.2794636841,1294.3469735653,1459.94247502741,1493.0991896298,1221.30081458597,862.661389387494,637.862435294622,679.384752600469,777.502056591565,729.717608496433,512.637350204891,264.287507545213,102.246614963935,99.3443329967466,186.928421744444,311.699081783611,324.464723459974,248.260618976831,154.221120305182,156.986470042722,205.600434018645,215.874303224594,156.131142130767,78.782926828971,21.5569077144737,4.92683260910187,0,0.0724238051903977,14.268843363306,55.3787231709725,179.420467774232,329.32486113584,430.992559793386,380.454444818998,246.686045452376,145.186820763522,155.279561566497,234.358156234252,288.957693487908,251.17891657663,164.076156749728,87.4406361321156,52.0206450544653,82.9521165407489,166.607359433924,260.534690503756,264.726416537682,206.908963257598,166.032417826993,195.937242120992,228.099097084478,189.0580316879,112.337433374515,48.8727779266329,16.7981115725319,11.4388007135516,16.7023880486909,23.2160655445758,26.0958233643822,24.1812745221896,16.3043887096507,8.77110437341008,3.51430458767177,0.728709037080208,0.144210570448647,0,0,0,0,0,8.04827802864377,30.4918111007333,93.7524838653546,160.879905659824,192.60821643334,148.629726952453,80.5967365358601,30.4918111007333,5.90534668926655,0,0,0
0,0,0,0,0,0.215347426334953,0.815868067860593,2.15652338577554,4.3046566619035,5.41604186785802,5.37313697357027,5.73822274618253,7.42093696821499,13.2251363308994,32.5477432855129,76.3115864550855,144.670571076508,202.360438031253,181.323264959291,113.554333601849,40.2649527803461,11.4213159829683,2.26026357485232,0.695740254187868,3.27141009505987,10.7319053562751,27.7606933993843,41.2487625560965,42.7607708642933,27.7606933993843,15.9933536712162,18.1814155718674,56.1249956838381,118.049913491333,175.406744396367,175.406744396367,118.049913491333,55.4292554296503,13.9113844586121,2.95857440005937,5.50292828380183,23.9048260610243,54.7118523870383,87.3637437878202,95.2476522865126,68.8878876023312,34.7604541561049,9.51129810121238,2.17380777709963,0,0,0,0,0,0,0,0,0,5.57098687785688,37.5710786365311,120.717773780257,275.056410507808,491.64848004115,608.262762403863,679.13203332011,859.599052190256,1088.74773095807,1239.27032891603,1261.42281307665,1360.37557044946,1574.86618491423,1619.66407620487,1305.92977815789,913.451477020834,702.192133660113,770.512248873845,873.842329802243,805.134656022089,564.486332398864,294.399254403448,112.250260893178,99.8681396120746,181.474667665032,300.167808130162,311.700068976239,240.387248761421,158.486879983336,175.599206935125,237.514824729283,251.111310456144,181.616316151726,91.6426073047288,25.0756262542828,5.73103595189131,0,0,13.7277974673612,54.7286728805368,183.807122084038,347.23853395996,466.684680591315,423.551954966913,276.881461253227,155.090532271692,142.94797225657,210.050262028433,266.11101445533,249.645911947116,180.029444978057,106.604222513969,61.4243160163504,82.5505159858886,160.12643274596,256.135790553518,267.21141993443,211.815921400352,160.135105377329,174.893012528435,197.031124763076,160.5237467158,93.7656343131057,38.7959795376562,12.1555369499646,10.5806232329026,21.9639420265159,38.8735946292332,47.5593477294016,45.3831744394814,30.7730252613761,16.5355776729787,6.60359007006987,1.36331501826956,0.2697982685567,0,0,0,0,0,7.22435646225539,27.4837086878699,84.7404398430959,145.958176995406,175.745020074514,137.113361339469,75.4357004762243,29.1708932206648,5.8864252464293,0.154574533013432,0,0
0,0,0,0,0,0.569211836143649,2.15652338577554,5.70017787997486,11.3781788071102,14.2864922864304,14.0830042243794,14.7671408939522,18.8770544516437,28.5953100688195,54.7658067228688,114.702087921816,210.7015714417,292.534118615297,261.773972888858,163.936872923485,58.1299738886782,16.4888011538501,3.26311229779534,1.30163493120588,6.12036119571665,20.0779282297372,51.9364633936761,77.1707974187942,79.9995583225597,51.9364633936761,26.7191798718132,18.9580221834305,45.0086025171233,93.0844858458275,138.311381458362,138.311381458362,93.0844858458275,43.7069675859174,10.9693775407012,2.33288927303089,4.3391581983816,18.8493864782693,43.1412823482856,68.8878876023311,75.1044916416913,54.3193417836681,27.4092450150423,7.49983009130077,1.7140866373768,0,0,0,0,0,0,0,0,0,5.23738124394073,34.0387061727076,109.097767431437,247.565656255994,447.233227103333,581.311688518347,712.832351981452,992.681757405167,1273.61826871367,1414.64246484487,1383.13338456403,1457.02523601311,1670.00950526341,1697.24064177478,1351.85122629341,950.878218311822,779.396746372751,881.071692548655,982.040963923048,878.730567883964,610.118483605415,319.650980552657,117.493111692639,91.0821306023718,155.833244583639,255.212716906316,264.567755079766,206.173416709692,145.047156559965,173.811457211992,241.471973166134,256.999749437656,186.653549325372,95.619861333922,28.1841479995603,7.99529680532785,1.24657069257877,0.405431371145448,12.4053158814689,50.4112974884234,174.991489395694,339.290201282221,466.935929410925,434.36298544063,286.157992407995,153.305313587544,119.599695144232,169.943532726009,225.005412517928,235.012552190076,190.41975659606,125.145136430852,71.9210824891296,83.6985380716096,157.74721398968,262.988316527938,285.648790616171,230.646806444864,156.868410813801,145.888286423017,152.510714099751,121.180274522253,71.9943150222816,33.5644955332859,23.669221032816,35.5986423867931,57.6480202698632,80.803635685297,87.9721964741178,78.8925688992777,51.7302150319011,27.3917435681357,10.9021272693009,2.24054524067799,0.443400988368159,0,0,0,0,0,5.69653536345368,21.8817564198718,67.9055247244168,117.961619826553,143.87251003594,114.977323730296,65.2131703816802,26.3413658155819,5.72771206427449,0.408575367047895,0,0
0,0,0,0,0,1.3216717087659,5.00730267237852,13.2354307491854,26.419368101197,33.1070576390958,32.4342539378102,33.7300838567131,43.3598319278014,60.2988431323684,92.0175107901207,161.413646158637,275.872054455662,373.953947776676,332.720276027211,208.086313320475,73.7205381375535,20.9111274784469,4.13828492435628,2.13917686751172,10.0585308344207,32.9971473467017,85.3551778678782,126.826639888022,131.475577730717,85.3551778678782,41.6936668045923,20.7271391299198,32.4137300505099,64.4769329217785,95.8042963182898,95.8042963182897,64.4769329217785,30.2745531829982,7.59817077420272,1.61592497186137,3.00560946920218,13.0564252091266,29.8827193689076,47.7166486734977,52.0227106128735,37.6254380600172,18.9855918117067,5.19491553643481,1.18729827141452,0,0,0,0,0,0,0,0,0,4.42127509494833,28.0693454047859,90.7203454289423,208.763049823536,394.958332598867,563.447463905985,779.590214244502,1183.81751651156,1531.44056233722,1670.85442040952,1568.56301653066,1573.65075597783,1737.56264414456,1728.20203423462,1368.89765954339,985.792874630716,872.594354438693,1003.04946148476,1083.02657700347,925.876962465311,628.667402915224,327.34495746175,114.726453689967,75.7665646056341,119.067668612474,192.731375259839,199.796106965348,157.809663911885,118.710126058138,152.254568076548,216.028847405209,231.651673076102,170.377914948125,91.8231977444172,34.8443470297645,16.9867371839911,8.36997562725698,3.61409639553316,11.2933250023155,42.583256229923,151.497650057581,300.49609706756,421.816717211123,400.208319885393,265.248995018848,137.111369721192,91.7408217827528,127.794555658878,183.870869360862,224.982992755418,209.498669564457,153.189298066931,89.7313520791174,92.506895502789,169.287284996381,296.057308707681,335.757522931307,276.256064653204,166.813578599817,120.95518968124,107.699103477512,80.3891574033294,50.3317704144874,31.3329730572111,44.5797058553283,75.9879972769368,111.58792774689,138.551877362497,139.728993316633,119.587771811495,76.2690589190041,39.8711274029934,15.813770329402,3.23464520242992,0.640132077557937,0,0,0,0,0,3.94582539913557,15.6452937790042,49.5581840350573,88.3747925028953,111.949552743425,95.5721705749019,58.477718775186,26.0002077076899,6.48941033252084,0.948684600770615,0,0
0,0,0,0,0,2.69580640265304,10.2133672943821,26.9962341774275,53.8874375602372,67.400877516636,65.6372510759944,67.2605622191598,85.940410049035,112.956276984591,144.35298073985,208.486196703411,322.315711211927,421.498515905552,371.794882528053,232.095288773773,82.1281993008186,23.2959944208528,4.61024698974592,3.08830103763136,14.5213664586425,47.6375403723533,123.226128881619,183.097924025831,189.809533421729,123.226128881619,58.8429493555365,23.5774104773428,21.5095996913878,39.23258026141,58.2944872588014,58.2944872588014,39.23258026141,18.4212986537564,4.62329442841905,0.983249408464872,1.82883721962989,7.94450397579529,18.1828777043745,29.0343718917216,31.654501494538,22.8941258783377,11.5522516473727,3.16097449892166,0.722440919824987,0,0,0,0,0,0,0,0,0,3.29067481425424,20.6122140922774,68.1268429552631,163.333050593302,338.505472443655,551.052685308095,864.017045684906,1401.99994288436,1821.85816330811,1966.02469972103,1781.02425542869,1676.97101342595,1744.53341624732,1682.28140458837,1334.01780484829,1001.46487305126,964.42525649007,1115.22892166912,1154.94043041901,928.889753444207,607.767464857814,310.466638423763,102.886249523122,57.3921483848424,80.3436974948243,127.855073141283,132.541709075435,106.353696675788,85.9839746524785,117.558895336858,170.090303044102,184.747311091291,140.366115157954,84.8456366040326,46.7010206632017,32.6545412019988,20.497922280299,8.92442587947553,10.5723942066466,32.9502493549314,118.726924232205,239.946984757447,342.146928476567,329.554672698394,219.406797637312,110.343344508012,65.9733333243557,94.8655104358876,157.844510506521,235.590902607848,251.169372308278,200.953682193416,120.158665513628,111.654346285966,196.274518385809,355.386302959132,416.508922204301,347.947312571058,192.975404381541,107.576900357692,72.8274599882595,46.9398879587586,35.4883463365069,39.8599728461683,90.9412297279196,155.8521431259,208.630826370866,225.292318352657,204.31121115838,162.766307428466,99.4512520758041,50.9963658642749,20.1537240603286,4.10218290247045,0.81181665980195,0,0,0,0,0,2.40093479410537,10.5160201118795,35.298987881266,67.3708086242587,93.1928858740549,90.6470077434334,62.7232828237531,31.6368802186132,9.09273016278613,1.93502668165893,0,0
0,0,0,0,0,4.83024591944204,18.2999326839276,48.3708510549909,96.553511827987,120.547767806431,116.716272450419,117.996273054809,150.122026444963,191.861451262636,217.950135763328,258.657232615458,345.363370552577,422.835803134448,366.470779075032,227.779427130797,80.3732518601065,22.7981965129994,4.51173343137518,3.91658896769764,18.4160232356865,60.4140149542252,156.275599764717,232.205118772334,240.716793960459,156.275599764717,73.9033354202599,26.5088533567685,13.7630049638952,20.9703079635637,31.1591371826629,31.1591371826629,20.9703079635637,9.84641599619759,2.47120906461357,0.525559184818173,0.977536513156378,4.29946770604818,9.95100640194135,16.2275346577828,18.6002588179536,14.5607778119405,8.41624219280826,3.02428369836457,0.969315231207722,0.177765293732589,0.0265668475475926,0,0,0,0,0,0,0,2.18298379541695,13.5089575157485,46.3516063043869,120.296684773826,285.482036071075,539.148518928843,940.330376414313,1594.83335436849,2077.26176296951,2232.05280475518,1974.97773887342,1753.19262836195,1706.39805064377,1588.73989087981,1267.21740664806,997.271000025624,1029.34564911245,1183.17303926996,1168.78030703698,874.189171907042,542.996034032608,268.311331499746,83.3819988602019,39.650927557326,47.9858789279809,74.5073204302311,77.2384493303717,63.1308373702143,55.1174309248812,79.9747727942268,118.133265015335,132.304946186451,109.815214326153,84.9624195832507,73.191007892301,63.8530273754486,44.1742457368984,19.38778023372,11.810899714072,23.7375870136675,83.767011523871,171.792905643896,247.898992223672,241.452848986626,161.278110628248,79.4753455433394,46.3819832042153,76.7605497320556,155.257697156002,277.825882051204,326.640532085608,277.78943840829,169.084280928213,144.058146742924,236.302495182592,428.260142432531,509.490120777049,429.240808920344,228.025617555658,105.333435067641,51.0018883941879,24.2174705569757,30.2245282258677,62.6960116309696,170.239857565606,286.005290823951,358.496013672704,342.549803733775,276.211161588767,200.244592551776,115.028489665814,57.3145872749054,22.5669888887829,4.57002761366012,0.904402519519535,0,0,0,0,0,1.28332986760876,7.40599822065825,28.0847400697341,60.3731207685164,94.7401845773317,106.673086095488,82.1567509484041,45.2495719451125,14.0771654654811,3.46710903420073,0,0
0,0,0,0,0,7.60265388221901,28.8035136479925,76.1341854416274,151.972165347995,189.408804187077,182.365926724222,182.173200603335,231.337181215563,293.105216240829,312.916216164952,315.799611220525,350.647809300026,383.056649861421,320.391171522817,197.129280253402,69.0949352766232,19.5990566019552,3.87862780479307,4.36326710906907,20.5163291647013,67.3040971494989,174.098479576801,258.687589035515,268.170001588308,174.098479576801,81.9931176771728,27.9394170057259,8.98656153748813,9.84641599619759,14.6304874165972,14.6304874165972,9.84641599619759,4.62329442841905,1.16033357764883,0.246771500606174,0.458993314582418,2.12244455798912,5.12599766219826,9.00413931363817,12.0188442051986,11.3792399725546,8.33351304091723,4.0292327181463,1.5951541424414,0.430981043126707,0.0644096911620643,0,0,0,0,0,0.0357563577420286,0.156448689291096,1.74970827585148,8.94067889139942,30.0554673434801,86.7390419684998,241.414513229541,522.576761625939,984.847448568729,1714.78838989283,2237.36709452843,2408.70643812884,2112.34857919117,1796.97551688535,1647.92174275483,1482.33075320177,1188.75868335964,969.658836085049,1040.17290758242,1176.81383212111,1108.65563497017,767.609403155235,446.945216151348,210.463949798579,60.524528460197,25.0009986177805,25.4449446857793,38.1412884365181,39.5393896504131,33.0193340611355,31.2640596883083,47.9178527319921,72.8739871561333,88.432087578888,89.9766970777988,100.221240834445,120.895601016288,116.666343860249,84.2729971733963,38.7413033022769,19.179969789688,20.6581245582109,56.2906920066997,111.697632568653,160.536892914405,157.008093969123,105.00481046437,50.9897881316805,34.0844063672567,72.9675617250429,175.162895494417,350.71439011103,434.544716004884,381.768219894585,232.56962604581,181.244744019992,271.922564540461,484.20955401552,579.746368343496,491.158673507568,256.851950522423,107.664524381882,39.4866010054596,11.3090929019598,34.7321067414451,102.240541873962,289.078920546123,475.83882067687,569.294074686856,491.663620159076,351.470947840123,226.311184295412,118.840809925222,56.6030331887887,22.2020528689854,4.47237347862667,0.88507689323628,0,0,0,0,0,0.602575782805699,6.28703559533602,27.6941772291269,66.6935670566812,115.198710603245,141.725565910757,115.118604753928,65.8516203994361,21.1170488964914,5.4571196577891,0,0
0,0,0,0,0,10.5117889172116,39.825100580976,105.266726480601,210.123905175522,261.449174638309,250.370981747104,247.625056978387,314.866600188218,401.010780248062,420.402057432679,382.09274758275,351.423238292903,322.270186303017,251.530006156253,151.22024527892,52.1790687422581,14.8008029477498,2.92905964875262,4.2700311132553,20.0779282297372,65.8659169136298,170.378275264929,253.159851593483,262.439640251158,170.378275264929,80.1013433290923,26.6854563816161,6.17698573501236,4.06131791569943,6.03458767975954,6.03458767975954,4.06131791569943,1.90695462175706,0.478598867741585,0.101785006532622,0.189319420631802,1.09622532028529,3.08033980440161,6.66284969636129,11.9541288660383,14.367603630946,12.7692714784358,7.21885918936974,3.08589650560793,0.917877652570754,0.137175908475542,0,0,0,0,0,0.0945121211362526,0.413529184951294,1.91356742463549,6.99188006195156,20.1746416297907,64.1083536738758,205.853401685685,493.5212691856,977.618625697745,1727.46958867038,2258.95040119167,2448.54912588211,2157.25936609254,1799.7273947893,1590.66831771485,1397.97588621281,1121.74101677659,920.565009192059,980.066929480043,1079.78514115509,972.224759029445,624.305395825049,337.800931517379,149.35726672621,38.9300195107834,14.3195390165459,12.0263016782968,17.1517014973936,17.7804116345402,15.2235480470182,15.6886661303214,25.2777806468815,40.7062096910054,60.0193317340391,85.5763675474671,132.678609865236,190.608193624952,192.539926246947,143.611033657697,71.9447270049269,39.6164768020789,34.4859564503244,54.7328606291359,83.8227186650804,105.425173998054,95.8217273379029,62.2149764028441,29.4590982652937,27.8230023624514,78.2752319517871,207.324270648705,436.937023995826,554.301212244209,495.091228180793,301.379850331463,218.505731289209,295.234403333912,503.734608327829,600.561022151086,509.186884471818,264.986255415761,106.575898888788,33.2683497195284,5.28545710556374,46.4660200332847,154.888817091742,438.835246371123,711.424550750007,824.974483510195,660.690453785059,423.81870928373,238.835816842328,110.792387150773,49.1208871233775,19.1918439161877,3.84479100803906,0.76087913873931,0,0,0,0,0.515063543379039,1.93821536237094,10.3451181693635,37.9756924114347,87.2601771707192,150.15781953834,187.212615729807,153.986367805997,88.9883664378941,28.768480736329,7.54527179947088,0,0
0,0,0,0,0,12.7674298022698,48.3708510549909,127.855073141283,255.212716906316,317.043834880983,302.029294835947,296.508137776917,379.086809615459,490.598456745834,521.115789869977,451.809435267944,358.206543539857,263.342398994091,181.935414527285,104.019636457314,34.6148033317936,9.81862834156092,1.94309377558042,3.67084218407722,17.260507935364,56.6233312794651,146.470070944288,217.635384355693,225.612993595628,146.470070944288,68.8105597628383,22.7028104987931,4.36178896940535,1.47153714411017,2.1865118920705,2.1865118920705,1.47153714411017,0.690946785328134,0.173410706974789,0.0368797569988942,0.068596097459939,0.810259052265873,2.92342236415277,7.93121899133862,17.4213148033267,23.3046330041592,22.085540428139,13.0118752355512,5.66047288855106,1.71722364484136,0.256637377407593,0,0,0,0,0,0.219450806728687,0.960187033709568,3.22393175483345,8.75170069190809,17.8740529142726,51.7883827153465,174.502825826918,444.399915233896,909.724958591966,1628.88265412261,2143.63836488117,2351.83474101966,2104.20732622182,1758.57512305728,1540.33836722518,1346.31423546683,1074.72759616585,856.649419977939,858.925179500966,909.493974501121,784.851800821901,471.920484887977,237.208182806379,97.3732783220311,22.3560860761801,7.47341191275813,5.09104487419582,6.77539306032291,7.02375082825777,6.18985877694327,6.96260630613533,11.7366498026032,21.6141906714626,46.2236149115381,93.5662630182129,175.799644665088,272.192079905303,281.34076331677,214.810776969132,115.600122195358,71.505904081627,62.7485496863066,73.1753546103536,81.4187479797313,78.7373240631248,58.5283790277571,34.4612040996106,15.1644045050382,24.0014178044538,83.4484273645457,233.436537803877,505.684929302367,651.370763086095,592.853709864149,372.77289016972,265.745644331705,316.667841210678,488.259841317368,565.808523210589,474.748790521323,245.140902755692,95.8023985526551,26.45004034055,1.75961724115427,60.1316108791693,209.962949417077,592.37856543127,950.348806739118,1079.76366588375,820.714711092859,482.913819104881,238.594605091796,94.5647296735309,37.45829681058,14.5762975778273,2.90350679836241,0.574600218176352,0,0,0,0,1.24873994546969,4.18656274789748,16.441264992534,51.5143945024061,109.895746585259,183.200841684342,225.956249143444,185.721241452854,107.467059692951,34.7862579503694,9.16435145316298,0,0
0,0,0,0,0,13.622153228577,51.6090673747521,136.41440950565,272.298088920075,337.749813515757,320.136905364622,312.977710196213,404.450628832916,536.842534855105,590.025611170922,509.214977383805,370.175272453465,219.547245572512,126.864875730097,65.7363993123542,20.1717161478721,5.72178850675435,1.13233450191826,2.77214423746266,13.0347792711568,42.7607708642933,110.611173885435,164.353749454709,170.378275264929,110.611173885435,51.9364633936761,17.013737631459,2.77214423746266,0,0,0,0,0,0,0,0,0.841902410639387,3.68366738038105,11.2448340393993,26.6798560789212,36.8888311618557,35.5844529182219,21.1895646434072,9.25819242101703,2.82217771613244,0.421771671862395,0,0,0,0,0,0.447612584821814,1.95848812988186,6.09420094441338,14.8948140683451,23.5411361135108,48.9114192881546,146.473053144736,378.192728078431,791.714320946301,1441.55227032676,1920.8279627317,2144.74222997175,1964.55897777898,1671.13451379866,1484.92381757725,1313.15442442803,1042.23269890539,788.755079392835,708.057480173943,704.38995889975,579.583528852981,328.608419528365,153.850592772019,58.1248610768528,11.1548344841562,2.90757638759633,0.540828389163438,0,0,0.457808780800539,1.9887301287317,4.55167960490744,11.9233635239372,41.5243046898651,105.497850068161,215.826341631077,345.88138496387,364.090282597076,286.313009989139,170.334750131591,123.373440938283,119.525667407419,129.461252811454,121.143352806277,91.8622724108604,49.3960619555594,22.8594745731532,8.56849464041486,22.7924717570395,86.3563040525895,243.81721090767,531.690133074106,691.187849713524,641.826972187218,425.107930258773,311.872287878029,335.774336761502,449.98199195092,493.776910701174,406.593567482212,212.784206869839,88.4319103481829,30.2148967722815,8.22702257269557,75.7608126134599,254.702288811457,710.372411234735,1130.66464312931,1267.47443609153,930.62759486852,514.436798191692,226.859110120063,75.2254352470774,25.1008561979385,9.72719575672004,1.926142401933,0.38118107559233,0,0,0,0,2.6594916600127,8.72449859898622,27.1424942254367,70.577711975828,132.679444778205,205.712350131173,244.596619119717,198.924549727776,114.693398357039,37.0445452935337,9.77786458738345,0,0
0,0,0,0,0,12.7674298022698,48.3708510549909,127.855073141283,255.212716906316,316.092052834388,298.154158727512,291.478054778138,383.193826809946,526.078009089804,606.236308960537,533.962661177355,375.239607594798,190.473718225181,90.2585377629626,39.8689501541319,10.3261698234874,2.92905964875262,0.579657094026454,1.83899847007852,8.64707500191592,28.3668472715511,73.3777762354418,109.029786298394,113.026365407887,73.3777762354418,34.4538626206841,11.3623806335422,2.26528336126164,1.21088633826183,2.39972129232752,3.39041591417397,3.04333088793948,1.90589669222798,0.675807235907445,0.191695443602827,0.0379362789092559,1.21544325195809,5.31806133746782,16.2340165319122,38.517351446601,53.2559122550175,51.3727988273915,30.5910911196934,13.3659285936819,4.07434022940329,0.608906122555111,0,0,0,0,0,0.802015626640953,3.5091463868947,10.7120878912001,25.4158453775846,36.124093642776,52.8730508752489,120.426992467027,302.082387467855,646.206982545805,1208.18643646107,1643.16777996287,1877.02670720741,1767.06499826163,1537.74240975503,1395.85793486571,1254.11166986599,991.639159754091,712.706517191127,558.611135106977,508.134339631709,392.783032708219,210.110430885527,91.9192340715719,31.7215260426074,4.98896856769659,1.30100038871616,0.243204345539784,0,0,0.165877835675852,0.720576501220714,1.64920987367631,7.6003561894014,39.6415845036953,112.010789625759,237.458215688556,388.919486190433,417.930369905732,342.757677745371,233.157025006317,198.887539668073,211.011311046556,228.497627682677,203.795984391201,140.945648467731,62.4647438944645,22.8046600334664,6.65737075027569,20.2276822838172,79.8008357084385,226.510411777308,498.186727882624,657.102654346485,631.923340635186,461.018719343863,367.778864053152,369.3239780869,413.652302618251,412.567918735045,327.95931095087,177.385148781137,83.9260054494235,39.6099862454093,20.8295141757593,88.8538897725395,276.630323534215,757.324482422842,1196.73111466819,1328.90350353462,953.844571231342,505.4755033331,204.6383811832,58.9278289301397,21.4760263869272,19.9630850150971,23.0870046507624,21.4100211479772,14.2595908617684,5.51256329753986,1.68039640888966,0.357374768275844,4.97554543248908,16.3223445320885,44.0818035812392,97.4561534344391,156.808885520586,216.277578976013,239.1424717436,189.683861972982,108.23764646267,34.72018143211,9.16435145316297,0,0
0,0,0,0,0,10.5117889172116,39.825100580976,105.266726480601,210.123905175522,259.88045338772,243.984006510522,239.765047291915,323.153601817445,462.380510713724,562.799573793213,511.66811306292,358.772717529884,167.246081140841,67.5976626688885,24.5624660499886,4.64356055298528,1.31716464814978,0.260665170347768,1.0716731445567,5.03906784551331,16.5307306728563,42.7607708642933,63.5369174220989,65.8659169136298,42.7607708642933,20.0779282297372,6.76897431018052,2.15080038357083,3.06532194313005,6.07482147773424,8.58273478662999,7.70409959732256,4.82471951943201,1.71078546688932,0.485271186160444,0.0960345364439145,1.54142733285246,6.74437501722332,20.5880091595844,48.8477748452894,67.539244348618,65.1510764900792,38.7956771471726,17.0408472776293,5.53413707806123,2.0026248954546,2.26901694476354,2.91930820966492,2.45603110157684,1.43124783222007,0.581901944150185,1.38521409628522,5.52328511768228,16.8604865986018,40.0037345411375,55.7929630620353,66.1825094952742,104.986064293685,234.625756702043,505.353062459574,975.392199099346,1361.97242097816,1595.8218627481,1542.11962465453,1365.75641986631,1256.26888997028,1139.24389527564,902.556926379257,631.142414071415,441.714374323983,360.786167038077,255.705003073959,127.395670448,51.9319385558903,16.0905088878708,1.97911631157402,0.511574471230414,0.0960723946403235,0,0,0,0,0,4.65525335295736,35.4042042499973,106.601096917433,230.999043445048,386.701121342925,427.452831732922,372.849666206887,299.465442058768,295.938943741748,334.533043759433,365.26967043169,321.931097478683,216.728362483919,89.1772070263882,28.6971389020179,6.81791813685708,16.033318840028,65.2314216648078,186.385845322683,416.970240925519,566.158805420357,581.596524860033,495.139002966048,443.942310321042,429.007902086965,401.410020445913,352.794404805431,269.219259848771,160.662537251551,97.9649066751643,66.998990805036,47.8663625361952,102.684724019429,272.077046135421,718.938876362212,1126.77135894265,1242.00640027521,877.985285192343,452.620765872056,173.022361649032,46.770004135734,25.3458069760581,40.629711965118,58.6318577989591,56.1180826272218,37.691316006069,14.5709485822699,4.44166685263995,1.29565625167847,9.8395883550388,30.9141321897962,73.9486221301349,140.030327617124,188.925217519779,220.159059001926,214.200331168296,161.755892394679,90.3324417464477,28.586115140946,7.54527179947088,0,0
0,0,0,0,0,7.60265388221901,28.8035136479925,76.1341854416274,151.972165347995,187.704290488379,175.426078883247,174.432175278872,243.15963042501,364.96952998221,470.484006718041,442.759361374258,314.191588229063,141.348284180927,52.0176532194135,15.9204614609525,1.83433392603449,0.520316204064816,0.102969899896552,0.548603738266,2.579565860604,8.46230092585619,21.8898074160391,32.5253932066013,33.7176390270394,21.8898074160391,10.2781585406123,3.79328143499879,2.94832503059352,6.81654402634504,13.508952346088,19.0859526747675,17.1320778250366,10.7290241055046,3.80437835602167,1.07912723901412,0.213557876746588,1.71722364484136,7.51355578197846,22.9360251862309,54.4187534335404,75.2419428916836,72.581409873274,43.2202366565489,19.1221765977724,6.72657985066896,4.11253405251082,5.99752373804096,7.71639027488527,6.49184435006902,3.78311094968668,1.53809813157505,2.07014593647568,7.6367552944165,23.3121063922809,55.4167183686173,77.1134281741326,82.7932935347971,97.8822998429884,183.137122386299,389.818263669462,775.633848227153,1111.94446480529,1333.14596921422,1312.72321553876,1164.87707983059,1061.43900414749,955.53813194201,763.64879277157,538.689565108195,359.416977144189,265.83495990159,167.417957749524,72.9158305570808,25.5103291534092,5.73992364780015,0.386730719711803,1.1497499727776,2.8279286100964,5.17761488727366,5.76811019164663,4.4832332950592,2.06007935470519,0.725237931753093,4.01093032779713,29.9938599344351,90.9674682636634,198.645748965076,341.002114955846,392.731406625761,374.117537374369,362.079209784592,402.221155757594,472.547845160248,519.844078877346,459.389895546472,310.470025860973,128.170700748382,41.4296756823301,9.84293724203993,11.5332032094271,46.9568977085072,135.849920413846,315.761149308349,454.774270796098,523.967195481941,544.005665363849,543.951961222707,515.034180269787,422.021003496818,333.192451489426,252.489806330429,180.069539481371,142.404472183167,120.338273106994,94.5488076029401,122.557922252124,248.308071266073,610.535313228679,944.896349450988,1034.31338437519,723.150205179026,366.139940188549,135.889340620243,41.7468918806586,44.5703951378334,88.8468521271904,135.063449585751,130.08952640409,87.5167079603824,33.8327653928277,10.3132525470113,3.04440991312863,15.8357914653798,48.6407250819537,109.651989981254,189.745436362538,224.670823348389,220.902317970293,180.17710803169,125.117514398626,67.0903628397412,20.6749147043873,5.4571196577891,0,0
0,0,0,0,0,4.83024591944204,18.2999326839276,48.3708510549909,96.553511827987,119.100705040368,110.824624046247,112.410389309472,163.634629653896,258.812854411202,352.691976785647,342.181109361838,245.33132083346,107.11253234365,36.0265366982044,8.84856941043187,0,0,0,0.246700831167613,1.16000128594466,3.80540001166916,9.84359621883841,14.6262975959369,15.1624369153441,10.1024209497356,5.6757632200007,5.66819922031696,13.0022036900886,25.5930169909905,40.7973707948856,50.3857698515687,43.5722018768112,28.0043260331477,11.4265147277196,4.236812887398,1.24213289407431,1.87043573449176,7.39058541590687,22.4459192415815,53.2559122550175,73.6341436675912,71.0304619578836,42.2966897584907,19.0336660640306,7.88611424125617,8.39340584422372,13.9258478898183,17.9169407108717,15.0736271988425,8.7841299070625,3.57136070743162,2.87399088951961,9.27546566112353,28.3144652399892,67.459103759948,94.1016243834346,97.0767326770595,96.3391502716272,149.240106400694,306.150252616812,619.350832211333,905.414589583965,1105.05478430001,1103.43030579759,970.600325755737,857.364242017506,748.877441365082,605.627044880075,446.903532254281,308.829627280624,217.761377323628,124.707391806507,48.0001311057372,15.8851457313978,4.7237084089664,5.24037822400342,8.59060453364861,12.2573826129334,15.8917287671002,15.7339920841635,11.6703208613681,5.21502824090957,1.96702441532489,3.79664518115286,24.4554963168791,72.4700658375089,156.084170990087,273.144178129077,331.355848374944,353.834503064532,413.185257977143,501.291773004824,603.293880020536,665.365720994938,587.464722432439,396.867319931296,163.632400438359,52.9717229239043,12.4828308322822,7.32746861865181,29.8334459334841,89.1624308698579,224.945101725836,360.504458839614,488.470920375196,613.400840489997,657.638522010225,612.913305815393,467.414461788331,353.972816737156,283.17830441671,242.772974100011,224.757479451011,208.068680147409,169.642089061027,159.051283014876,221.933243845582,468.73168026467,707.615371764148,767.95553042746,532.10207791247,266.133134097908,99.1573680020915,45.9071552192696,85.2061312413317,179.036405809491,275.063196384416,265.258779945464,178.507340434041,69.0085026111413,21.0358836192169,6.28630031922616,23.5555406878681,70.2273781441083,151.183416600796,244.97235610482,263.883443043145,223.712381019377,148.040680712836,90.176608166879,44.8537185596717,13.1355345031873,3.46710903420073,0,0
0,0,0,0,0,2.69580640265304,10.2133672943821,26.9962341774275,53.8874375602372,66.3885302901523,61.5155266689686,64.283859681878,98.6762249446191,164.966325890357,237.061713496615,236.979789323959,173.165825175014,76.5675429876687,26.0562013990826,6.39972997080971,0,0,0,0.0974536024733721,0.458232360442456,1.50323749715059,3.88849080191103,5.77778917414039,6.7434144384076,7.84729888995366,12.1060882767525,22.7373442725891,42.3407375785073,64.3112479776513,87.3971589045211,99.04289509029,83.7609797307329,54.2213832824394,23.2025489449029,9.2173528805195,2.89642420423517,1.94667576464087,6.4205368124176,19.2962123757391,45.7828161135333,63.3014874117231,61.0631653947628,36.3614383347964,17.0156864544894,9.43777486108476,16.1265224604963,28.4044741631025,36.5450838994073,30.7455932092151,17.9169407108717,7.2844844884116,3.79992494951028,9.89641740421128,30.2099944983272,72.3257001698232,101.744604895563,105.053076882188,99.2426893239995,133.13793560111,253.404811628171,503.416093913181,739.43245278683,911.266887453532,916.818931758145,790.735433396307,662.528535840327,548.561953646883,453.070723530487,364.997231683311,281.816765299977,202.01121844063,111.700676733007,39.1987755855491,12.9910643666021,6.61886967517358,13.0118167728459,20.8512513261572,28.8263638721906,36.1963021456844,35.3370276054969,26.0508280087879,11.5969774993662,4.42918716228191,4.28022360762919,20.2082492453656,56.132855648539,115.31991766322,202.974643681035,261.892346359909,318.846615599481,437.917736255487,562.143383947825,683.6980149259,752.561196757091,662.908795436779,447.429851445357,185.608734296364,64.0675565284192,22.187216319213,14.8204916809881,25.6135836670149,59.4746422561973,161.886860849198,300.273069414406,480.740004175261,687.752009143214,758.52454043827,695.890250967348,517.051138993526,399.70040505135,349.652028508695,340.751676102809,339.624202771698,327.841070146057,274.202344682852,218.141529400259,208.467582572222,332.696955946034,475.702990884156,509.010447988347,349.408951825789,172.87479443482,68.026295025946,59.8302324253989,150.315078745278,319.873870170382,492.665144532941,475.244649611161,319.842831396728,123.646875315761,37.691316006069,11.4069322724009,32.738684564357,94.2159252444425,194.431803076799,298.201189531827,300.009088521669,227.367634326127,122.894229672011,62.9381078285209,27.5162127784245,7.33106732173436,1.93502668165893,0,0
0,0,0,0,0,1.3216717087659,5.00730267237852,13.2354307491854,26.419368101197,32.5094365132132,30.001067461604,32.6861543660454,53.3929246813572,94.3593855145209,142.151573134535,145.630500494439,108.013632196909,48.2228307124552,16.5544640639808,4.06598407029047,0,0,0,0,0,0.315162007114517,1.71118691024719,4.38826627169752,9.76858096760286,19.7718900783145,33.3155039522392,56.6095077798184,94.2977581246468,131.249058795353,164.969842310286,176.056111527706,146.235723636389,95.787967245696,43.2439080067295,18.3958545321973,6.14221240968904,2.2565455165498,5.00429550886849,14.5721012399523,34.5742375998788,47.8039765131815,46.1136419333357,27.4594075939548,14.0197467775915,11.8902089862512,28.1446638724566,50.8940832268959,65.4801258009691,55.0888134969496,32.2667351821709,13.7190765330735,7.11172005386897,13.3987330123605,33.6194446747567,72.9656505348976,100.872277142541,106.81305627622,107.1576029839,134.798866168702,229.093071639693,424.46854858746,614.911767880744,759.444736247303,767.562845361407,647.918426078036,509.391928410051,389.930113598693,329.922956044341,298.767156839141,265.635814766341,199.541893665319,111.501801693882,38.0224727711032,14.1520916063197,12.5954882459108,28.4389148471266,44.6186833311372,59.7998236725134,72.6133993248695,69.8040489814837,51.1088953413405,22.6541827501604,8.77991498165382,6.46245367607212,21.333235382803,51.7619573551266,93.9542119034811,153.738709495634,203.872362179671,277.366266497742,429.385042175843,572.642738797898,702.095117338153,770.271597784386,674.188772095848,452.378908382166,188.379089843903,70.3922604091156,33.6854729406083,28.0215293285298,30.0419383746508,46.1635681919236,129.258324118095,275.437010198488,494.081715589303,747.387593030742,822.419238064779,741.419146832563,549.869809899127,447.076301053895,426.774230524433,450.130882614212,466.091763994742,462.997833291499,397.706946449951,296.521197826709,214.90467384554,228.232018113613,290.218837603759,301.733237615364,204.710249717091,100.432815059683,47.0357052564777,83.3637302349421,236.377410156869,503.422472555838,775.439312238996,748.020005736576,503.422472555838,194.616260190787,59.3249359843329,18.1897757486126,42.7161174072436,118.463879341061,234.648122230342,341.813711093113,325.768031846856,227.633814093968,104.387790895154,44.3575640209709,15.9202281754568,3.59419885072569,0.948684600770615,0,0
0,0,0,0,0,0.569211836143649,2.15652338577553,5.70017787997486,11.3781788071102,13.9850043616587,12.8555102327465,14.8071695608558,25.9363008812104,48.3455620501052,75.8456684467089,79.243701112747,59.4564479690242,26.8776270337779,9.89101065592927,4.40752327164047,5.53112820900017,8.21853369719632,8.51979100678124,5.53112820900017,2.59709058010724,1.61486542297591,4.33510918083441,10.795956598643,23.5037700367501,45.587836269851,73.5531822720898,118.839656025123,186.644527645348,243.529010428436,285.542030724306,286.711606920726,233.929755827555,156.329270136355,76.8828263536633,37.2461470298301,15.1156357932754,4.9360038527428,4.38325005520046,9.87852294833988,22.9360251862309,31.7124334597667,30.5910911196934,18.216154798917,11.1417968870111,15.3845894461937,43.8011098588158,80.1056728539473,103.063641257924,86.7080452598991,51.2583852777867,23.3515146323009,14.9399541235208,23.2410233680324,42.576562601632,73.3854859615078,95.5665396601696,106.663894919247,123.252901740654,152.878554379792,224.060599310037,365.385815531971,514.553168149298,638.426954603936,654.759280273978,550.139892400219,414.214618579634,294.582145561037,256.066092503501,263.884212359591,271.225968638578,217.196084872477,126.881023953662,44.8663647106457,19.6857917000135,23.9477544207069,54.702579592115,84.158435754923,109.432117458309,128.327447642624,121.297624119451,88.1324962938886,38.8747330564651,15.32685050465,11.0243865005918,30.5453126222003,65.4551504965255,102.192918334269,138.11379835215,168.014326497873,235.260218983679,389.8270392308,538.181188386048,671.381796673075,737.871235464531,639.6348044164,425.974218317563,183.571582071338,84.3064808598114,60.5525606227326,59.2598430429524,51.3016117913329,50.6958956830366,117.746501428836,266.112967011018,498.32754494491,757.361827582523,818.965302378054,725.770671990103,543.747450129859,468.80429928456,481.919489124325,536.527482118372,571.464567239759,583.909881204772,516.81485011161,379.159427837925,236.27319104366,162.0517414956,164.776282058237,160.947147230609,107.466656712145,52.4851103479369,35.350993059971,110.132803207154,326.826589617271,696.05572602276,1072.15907690183,1034.24784660317,696.055726022759,269.085648074456,82.0254629837735,25.4902147511183,52.1362606681901,139.75346250867,266.48154054262,369.637854733337,336.084220119507,220.768186449289,89.7228117290599,32.3858244131195,8.94535317140642,1.54793396402293,0.408575367047895,0,0
0,0,0,0,0,0.215347426334953,0.815868067860593,2.15652338577554,4.3046566619035,5.28508153320847,4.83993809322937,5.9878180651552,11.3059625566832,22.1353696713662,35.9201129045291,38.1137657410106,28.8500400812616,13.3821296826445,6.10996421108232,6.29662823769838,13.4098808329167,19.9253304816514,20.6557103370678,13.6636886203055,7.32985323899981,6.71714655791791,16.2895768884254,33.0442673343767,60.4970767167466,102.704235300699,152.752422421995,230.532131943437,338.926322108897,415.194306748004,454.695583965608,428.549389740942,342.757452423277,233.23453895124,123.091282478597,64.7657843145895,28.6705412336691,9.32640770757636,4.57692291416861,6.16906451820858,13.3659285936819,18.4803651772055,17.8269048882148,10.6154323740429,9.0387441067131,19.3307798905481,60.2714536951343,110.757892856504,142.500666047197,119.886645284193,71.6526351780253,35.2601217694615,28.7717174925701,43.267205378527,63.2755420399261,81.4540862928105,93.2460279103009,109.515109585397,148.168113348999,185.231953400114,235.124835799819,322.607600970799,433.50223508515,542.248441477698,574.157372063412,495.113547431194,374.300883561984,257.269220180257,225.486430255863,253.756548196746,289.947527087834,245.97455503168,151.228841146799,56.9641153092779,28.8642543486913,40.9144345250771,92.5863080983588,139.890891345691,176.655178322482,199.831030965675,185.443541044219,133.589392765155,58.6005747034565,23.5706863492503,18.1413933873459,48.9465985004881,99.2483762291204,142.59719031866,158.6015247534,157.321491162835,197.915461219394,331.303198746772,478.000834973416,617.761275434097,685.498422282521,585.580608052127,385.115681526609,176.657681917831,106.875206461789,104.245425555125,111.552059588322,91.609924964744,71.3686771806415,119.719525232808,262.140255515794,485.545613093174,718.40812792395,756.399083578488,659.366937587151,502.58429906215,457.885211122579,497.134051413654,573.237481132456,625.307983588777,658.208114352127,601.410827477207,443.116899386902,258.518451080031,125.829241473982,91.2295394199955,77.8133334999053,50.3914343082024,24.4961332968091,29.5065773014436,131.456042385481,396.95769895279,845.416768777821,1302.22513589453,1256.1788372704,845.416768777821,326.826589617271,99.6266524082571,31.3913610715026,58.9206082338075,153.620187261086,283.636149578183,376.630604699204,328.487178203545,205.210403975384,76.402694868267,24.4078574174064,4.96174931017854,0.585623091654536,0.154574533013432,0,0
0,0,0,0,0,0,0,0,0,0,0,0.877266722240406,3.09273495273692,7.60690051173558,13.9273676128016,15.5157524882101,12.0595369786415,6.25720932907807,5.31638309851263,11.5198859076124,28.5595622741867,42.4357773059122,43.9912966445608,29.1749036755688,15.9152145824242,14.7967026447535,34.7246282444364,68.2483156796696,119.773606069075,192.510919463422,271.524650039832,388.49351311117,542.182972928738,632.930427210185,655.946993704071,584.711802690254,459.460356690231,319.069542023323,180.946949366878,103.155928244118,49.7349373967512,17.2498346854148,6.47114326044878,4.07504423305714,6.84219664282381,9.46034476298229,9.12582974861476,5.43418104045039,7.80744883694853,22.844514942156,74.2601008327091,136.744765964086,175.935274008836,148.01537686209,90.1256332683373,49.8319094513875,54.2827366084121,84.0056386950017,109.295402705344,110.425904572107,104.452643085015,121.901651782887,183.274685995787,229.83691544029,259.212133649499,292.827928559723,366.289473860572,462.519816138141,515.404837713673,469.730358376295,372.198653668685,260.146973043577,227.266999763721,266.840841861336,326.843458115407,290.868179192557,187.142008577756,74.5936731996289,41.0587324640278,61.7534814946888,137.86665818531,204.881717817705,251.554001712817,274.242783951584,249.47701989011,178.008010197051,77.5982211623699,31.9465701431096,27.0401999627668,74.7705789339026,149.081938964692,208.298756680671,207.629171600569,168.156128024219,169.671562163587,270.634283760847,416.642400740775,571.285409876219,648.358159784292,546.643164761216,357.381990459202,184.608365392692,149.001489637168,171.580233591622,187.183001815065,150.289493543126,103.933534140764,127.329974667591,257.23988497415,459.002686918825,650.692943086985,662.876575495979,566.56826591155,435.056004980468,409.297484143001,459.177420966899,543.98171153785,609.375296917081,663.458018494225,626.575502074382,466.959116474963,266.016626333804,105.558137103776,52.7281500852048,34.712012946393,21.1061034867984,10.2128306481745,26.0584678056235,139.328919750763,423.532275809882,902.013713382823,1389.40339708045,1340.27450072613,902.013713382822,348.70619630493,106.296219816629,33.9734803147247,60.8648676329812,155.474120239666,280.002275625527,358.718398001482,301.805079106386,180.288166898593,61.9673788141801,17.5160238669175,2.09705713847664,0,0,0,0
0,0,0,0,0,0,0,0,0,0,0,0.331892485095997,1.17006089845252,2.87788542607692,5.2690801220105,5.87000683018645,4.5624319211912,3.43556376948516,7.03453633124621,20.8369845867973,53.431037879825,79.391539790558,82.3017038857988,54.7415551984814,30.4237643553561,29.0167186873928,66.480799541104,126.836441258157,213.839140592128,326.153252650018,436.301460029873,591.912826792742,786.306333582084,879.44764840449,866.663838954858,731.410426014124,563.837600359696,399.314084654085,243.324185021706,150.091562246588,78.7372147024643,29.5451359150593,10.4631348193523,3.62385501925009,3.07685763157968,4.25420891869367,4.10378133986718,2.73084842788974,7.94564036362097,26.6492992492473,84.8477656442548,153.872278533277,197.128295391653,168.070616891049,109.206554760377,73.3957142693653,99.7199348836526,155.158615441016,191.144780932406,169.55390664692,135.792975373226,146.924797047756,228.53425210127,287.536337705643,301.890307943903,286.446873303092,321.923541561488,403.257252167555,474.836698031547,460.865148191822,384.531853163935,276.493662074689,242.553786141707,295.861112745026,384.225067636835,356.612685735761,238.453042387264,99.007792774023,55.3401443384372,82.3914179654645,180.584157618203,264.331181762979,315.959373583026,331.757562204586,295.382870053748,208.633648772497,90.7337987457684,39.3310175794827,37.786949832443,104.816885646982,205.118931459397,282.676803477397,267.68261673168,190.14789185326,150.961422218489,219.561621028985,367.589582808813,542.585851518163,636.586403142564,535.513027132901,355.603730106772,215.967099040087,213.903528900672,260.067862511935,278.807767109837,220.657766851877,145.740920387217,145.710743339335,265.329110523696,444.401446808378,592.72476385994,579.574498357608,482.445423424461,364.297629906035,339.274138445605,380.921332149372,459.15693621334,529.757821850604,598.631773241051,584.215379812858,440.761072383907,248.774699730101,87.3185646858888,29.8554970441825,10.888284758296,5.3605366225211,3.36144188653953,24.8668424467345,137.018707651121,406.430753289002,854.554858692886,1307.66661752747,1258.55634171001,846.141504206115,326.934900611119,99.6266524082571,32.3121462885857,56.7813672672024,143.022494353532,253.124298299306,315.963754577665,258.980349735657,150.127008078823,49.5548376738468,13.5093137469017,1.22205638257566,0,0,0,0
0,0,0,0,0,0,0,0,0,0,0,0,0,0,0,0,0,2.20073591405882,10.3479849591523,33.9467055437291,88.0134384733772,131.241613919046,137.281872620851,94.3010208867973,56.0475427926024,54.4705755371164,115.35004096656,210.694999406068,340.869238996327,494.824338910215,629.143298000378,809.036508886722,1021.89613829231,1097.76158158875,1033.46308208808,829.318221331473,628.171345742294,454.321494147653,298.236438327459,199.187758706254,113.507764908038,45.9232247170719,16.4737658891461,4.5054983413911,1.21544325195809,1.6805293392764,1.62110631504658,1.66152444525022,8.59198819072053,29.3216876307497,89.5334918734428,158.996300224946,202.519799739814,175.776505201157,124.268965625649,102.047408197946,163.316241936169,256.460465953176,309.138515428187,259.04758744478,186.720585745802,181.731777520288,276.210427458073,347.239995049358,352.365759938913,295.842605459626,293.025482236005,354.170751213359,437.551580700906,451.264403138165,395.144506056218,296.16029598014,266.934689343887,339.549129546198,461.537261793848,442.595569544191,304.507870770451,129.428930145775,69.6644288509902,97.2795315764919,208.040286343757,300.354679490929,350.013218240115,353.833030622736,307.862605005409,215.060266049376,93.4758477397321,43.2947993723024,47.2206611279315,130.51764989666,251.162696813051,343.204739851687,317.439496557484,210.237690440032,138.197332807781,180.540029790822,329.336754027135,521.388162675367,635.158200886027,541.793622608579,375.697635059523,268.859305259968,295.724455807569,357.082897216177,368.297850450001,286.072808182025,184.197659906081,165.832018434661,281.621916360269,447.025072608243,563.817909640151,530.756576705336,429.252718449399,308.946096287669,267.859463331342,286.371342786464,345.567556069363,411.428428195319,483.745897320725,487.134131917797,371.961263410009,210.120825943053,71.3807405912952,21.562528473095,5.20849396184348,2.3881121233814,3.16863584179998,24.7322857078781,123.721800485077,349.793428383661,718.21046411075,1085.35161511373,1040.01196018186,697.812802583199,269.348241430732,82.0254629837735,27.0078472200579,47.3889525111914,118.279511262606,206.908504563229,253.66364150542,204.017951162842,115.592778902895,36.9247936319699,9.75414480978895,0.625586918229768,0,0,0,0
0,0,0,0,0,0,0,0,0,0,0,0,0,0,0,0,0,3.1771730099373,14.9392475078121,49.0084048435002,127.283552515371,190.304228668933,200.392398312561,141.02314013252,88.1676927693896,88.0010444754749,178.000787960752,314.425177772376,491.768408905266,685.24983386242,832.758458133838,1016.53141543109,1222.06369644712,1265.60754638673,1142.46492791737,870.191852675614,643.20024252795,472.058764323011,333.706141142295,241.933123396661,150.635127394652,67.3725753863244,26.650718904994,8.07364413712172,0.794117509995253,0.242071091070819,0.0514819596257509,1.48272543876814,10.3690209369119,33.5456706018191,94.6766946588653,161.649376595998,203.62381099118,182.800729120441,145.014943407181,141.33058031786,242.156797447856,377.150489744536,448.134214447992,365.491422938806,248.281392855598,220.647257974799,322.771457055336,408.342324990129,414.315648561167,328.304925480938,286.818578985515,319.30467525407,399.192958463873,426.882228959072,382.407583260005,295.881762849681,281.390524165741,382.868708252819,544.972118972973,536.142452228879,376.250206921844,161.519521348015,81.1818815705034,101.815650695834,210.7691888341,300.519031532392,341.929331415042,332.765691721935,282.507695538406,195.164863861055,85.6732113200355,44.5241224848808,55.6018300634405,147.06488889635,274.04695084457,369.47234905259,337.212493822697,216.211459552277,126.1946676107,149.880059219947,292.33811192973,488.882354333759,618.613984269777,542.980140803167,401.493365655603,330.553817913137,378.697319147158,441.608101694557,432.480575258465,327.974010307417,208.248258047266,182.392486131383,301.621597127102,462.975058937854,561.163145952672,513.849729689381,405.197007592469,272.764778155684,208.117744388565,198.187873780176,232.747130046957,285.759395197014,350.043906011114,362.82242967518,279.714754487372,157.956715310261,52.1873979613055,14.0806126268173,1.61904309738344,1.1163354294032,4.88442407919131,27.5270929349445,112.810919591856,285.290809922499,550.606308861013,803.53599119624,760.296070136919,507.164589139396,195.175515817649,59.3249359843329,19.8387782925147,35.1465270190003,87.2206443828628,151.443020450623,183.483908851529,145.696415769247,81.2369786469632,25.3322753549485,6.52993983992199,0.281319287365188,0,0,0,0
0,0,0,0,0,0,0,0,0,0,0.216590955759038,0.940875268000727,2.15341574316668,3.43856866559396,3.74887314146274,2.71137340821421,1.36814430426986,4.40365382242755,19.0315401137711,62.6028702181948,164.042597449304,248.44107187558,268.03281110632,200.019794748114,134.703127548672,133.628878856237,248.228700965985,421.794641568064,639.703821069773,861.319037312657,1007.90240354976,1175.95049577455,1353.19177160489,1356.52790017585,1176.67059496545,846.868344426226,604.81750280697,446.829310105474,340.358533130468,267.929667325713,181.391124156931,88.8392738444987,38.8032524425394,14.5553074040453,4.61202901521429,3.87306082987008,3.03829903700902,4.35912210563925,14.9059276034101,42.0248143859832,107.009170919236,173.118196186005,214.588126548746,202.032009214844,179.382979213112,192.421905114186,326.323811583492,499.303480264492,590.077446327397,480.393885142995,319.048462214152,263.422935364672,366.083353357016,468.472455398751,485.623294415925,381.45552270786,299.764985384214,293.315647240103,352.127030937374,379.738624756198,340.13027772486,270.437084343138,278.443507770759,411.702944138663,611.27327140759,612.573931312552,435.365353030755,187.250599656105,86.9708423474163,94.6827878000247,187.762144123217,264.712483901883,294.524642445292,275.995653723393,228.293347764315,156.220766243829,71.1584223915851,45.204905763385,64.4497289508245,153.766596368049,269.232818123584,353.003538761558,316.997380015076,199.563071271508,108.478501184083,121.221644086253,248.240022029352,432.788269205153,569.252587555684,519.591280354006,413.946949815804,381.376212184394,441.067259982387,491.212741819757,452.608588880854,333.105571645051,209.709579139879,187.690535104216,312.256405009212,472.535898788979,561.051293650575,507.087934362925,394.383662326673,250.477788431866,164.923322387808,130.109975348479,141.24416821166,177.601829828981,226.642001148575,241.062386298842,187.277511486057,105.831270049545,34.7511492053369,9.34211420822332,0.985146708852255,2.08851102276678,9.13808991506444,35.9110306645147,115.381692838529,241.6895575546,408.117340674342,545.230190987405,498.211488377551,326.84382010262,124.693166162115,37.691316006069,12.8068683270349,23.0626062271149,57.0306634709693,98.5649180082693,118.52955581029,93.3449409290521,51.4989748590507,15.7967136420618,4.00154551684563,0.11112884326017,0,0,0,0
0,0,0,0,0,0,0,0,0,0,0.548293418129333,2.38179712960588,5.4513064700076,8.70463201255926,9.49015835708587,6.86375933198544,3.46341570197811,5.43650276854828,21.3233180820345,70.3808833128867,186.728785531853,287.826832101562,320.919049946894,257.97415465777,188.347199854594,184.834139169806,312.351171904407,510.585911971981,756.230609206584,995.089299411076,1134.29300626759,1279.36385032566,1427.89271277881,1402.1941213612,1180.0250141116,800.140641054511,540.804263640881,392.121966061084,318.247574614651,271.599351776774,200.347814962164,109.352052422973,54.3295190677103,24.9315370695727,11.5162297223238,10.0317949912286,7.98718887223264,8.74879953783054,21.7954541487033,55.6252216389171,130.197088118774,200.295517957362,244.313392146746,240.872865253311,229.881375152782,250.395849796847,395.786330038465,586.755685435,688.74167812982,562.580331336532,371.531532212313,294.573805622065,397.505696802179,519.917024789631,557.358167524605,446.150975836911,326.405660879356,275.819613874854,300.130864189931,316.114409648373,276.767528342044,225.501455910312,255.837057985636,411.528723692419,632.611603273944,642.074798728566,459.925976062453,197.481215222967,85.0552495952276,78.465332105199,147.063250636198,205.238333342715,223.648481878365,201.901136108553,162.493445420933,110.810008690856,55.7460899554189,48.208669066047,76.3379264545431,155.14196772583,243.850820244991,302.667362056446,264.180734885619,163.821371720069,85.0066635024983,91.9869979697638,195.249178509017,352.024902566222,481.777961060107,460.046217918161,396.218116951293,400.711676455448,462.73509631299,491.185718108758,423.260004430418,300.553507432315,188.482105767364,178.431351370459,303.458939788773,456.49845475088,535.190745614362,480.037862519663,370.179811810759,225.936138406714,131.829620770593,83.2789297270685,77.9326464710356,98.7732960461826,131.131508627292,142.628538545053,111.420248057818,62.9190776474339,20.5147740400913,5.48792206330932,0.526573315756227,3.43237136645289,15.0180285507843,50.3180856501863,136.228956483523,234.209413447187,323.582417716023,361.349349869235,302.983518440481,190.013141892119,70.7280332733495,21.0358836192169,7.26567828084637,13.2226081926243,32.522368248188,55.8086070883936,66.3356928739665,51.5590682324482,27.9586911957015,8.3405412003043,2.04854156117476,0,0,0,0,0
0,0,0,0,0,0,0,0,0,0,1.21927363369128,5.29654806150711,12.1224038594663,19.3570229971192,21.1038460097297,15.2633617416839,7.70180948431193,6.50031042091706,21.1373569024305,70.2963769750549,191.0990478086,304.416426078871,358.837365632629,319.927261392464,253.801226368517,240.260446600223,357.851159751659,560.120826742514,817.038718787561,1066.34799062947,1201.34879954993,1329.64585521334,1467.45136543692,1438.56381421111,1197.34181603713,772.316832331107,483.552017584256,328.740448734512,275.09567200865,253.309935570841,205.381647276919,129.081298825236,75.4323914313322,42.2765905045653,25.3643358802586,22.8738375492988,18.5556256379624,16.7795622904282,32.1352785824416,74.645535790203,163.283400219317,241.138736761349,289.560898740074,294.076772754857,288.633350855633,304.916655261173,435.973819463761,622.403374045294,730.351631799023,608.805542470464,408.408133430067,315.745669237146,412.143304916996,551.021935177818,611.20707177259,501.67620080115,349.96074175715,256.798476203303,242.589398134617,243.548764736739,205.314086839276,171.952832454945,217.279083725534,376.912135261611,594.359559783675,607.957596056595,437.324343928913,187.142384025607,75.4811448783955,58.1508136353167,101.509831593552,141.114579769779,152.975566272835,138.081336363438,112.677842574985,80.8302701522107,50.2771273003806,57.7708461940125,93.3820545783799,157.253250602074,211.281709059935,237.838271660424,196.678300927093,119.794673974041,60.7084647572881,66.9523139704244,145.241397014772,268.133307502941,381.610456003789,382.103289094712,353.308900860508,381.728705526851,436.236215756674,441.57053996698,354.546551957306,241.527853905579,151.297207205708,154.242673000221,268.905399702993,402.226263293062,465.44833403167,414.087202595997,317.301070966951,189.505527720605,102.364326728708,52.8492822115981,39.6419320832159,49.1283373449023,67.6856696921892,75.0206114671685,58.8238461054365,33.1593973905932,10.7298472277625,2.85371684964182,0.247247676497728,4.95526864259837,21.6813269912149,68.3781859015375,170.493724643277,258.212926141053,296.959657025902,259.522583768813,184.530253859525,104.127479664873,36.3152288155524,10.3132525470113,3.62256822163821,6.76882902305155,16.648632923987,28.5691683435585,33.9581235901707,26.3937728751551,14.3124259340577,4.26963398764766,1.04867567519257,0,0,0,0,0
0,0,0,0,0,0,0,0,0,0,2.38179712960588,10.3465724355288,23.6805799113265,37.8130884965294,41.2254300106892,29.8163022474442,15.0451442691905,7.89319204111728,18.6980884676917,63.2048642846731,179.884225237241,303.35311042191,388.635289170849,391.247141250619,332.461394835801,296.584487791227,376.548869840169,559.804419989058,812.207941550892,1070.2468423054,1210.95351313562,1336.47825272688,1490.72462034434,1492.57071707507,1262.22013839071,797.919017466535,462.276694548302,278.559396581153,223.759258652725,219.947903827916,199.648206589248,150.224773079822,104.375797279715,69.0353039576125,49.270786049949,45.9043209232873,37.7478226907059,29.430725869661,44.2838268634087,93.8845308534047,195.925828686499,282.392117291331,336.449957803251,348.68561653798,344.475100522388,349.454755546894,448.605385158447,613.651851163807,725.088104979655,628.875882581072,436.090835518767,328.364578104339,404.501873733638,548.854782626769,627.553899425365,528.192961660571,357.509327824323,231.941230369766,183.938870967985,171.929602997344,137.933549882515,119.420265581205,168.296858704661,310.750277171596,499.115165090511,513.069129802546,369.959332466857,157.78781595469,60.3481086279715,38.6855152427386,61.8909214684187,86.6843705580579,96.2576117858437,93.0675699231685,82.4464380801189,66.3530167353936,52.6320627226175,71.0217229160984,112.821529788104,162.242710270076,182.512314387034,177.286494298604,133.183567974968,79.4980316137029,41.7645905266417,50.3053943593178,105.05727467592,191.268615227798,278.215393144069,290.274450825164,285.473303743242,324.811501065496,367.393539718658,356.300906117635,266.536390577173,173.766392283331,110.16614902393,124.975894001209,222.577577966531,329.075829824953,373.784496324367,328.221073877173,248.490957443314,145.264809190964,74.465647732681,32.8441483789452,18.6724307367582,21.5319323824336,30.7359527111797,34.6773366152681,27.30695125542,15.3819910459367,4.94733349868753,1.30888381829599,0.101981413192684,6.2842806647062,27.4962981471412,84.8803517968064,204.946137527812,293.049916024944,303.307243234854,216.224249026948,125.111048967967,58.7571267576816,17.7192131897946,4.44166685263994,1.58732557371692,3.04386505147839,7.48669995055816,12.8472284902768,15.2705800749131,11.8689780104867,6.43613436743467,1.92000560707708,0.471577465937398,0,0,0,0,0
0,0,0,0,0,0,0,0,0,0,4.08718021873588,17.7547892994601,40.6360376283533,64.8875193404478,70.7431207948643,51.1649792615921,25.8175708084921,9.91622783602934,15.024429249266,52.4891078398607,161.648869709719,296.898841812685,421.34197248432,474.880551027126,421.299987268536,350.813460377243,372.056530150456,518.735274511795,753.428150872686,1017.44178498758,1171.22451398619,1304.24340854493,1493.43708692886,1552.64710071423,1361.73435411366,871.531095255906,479.90487058889,250.511331418221,175.620012623963,181.486677834501,189.330250219227,175.094728703079,143.029926698159,109.803990013983,92.2550481801371,89.2078160009426,73.4102757085432,50.2152672935746,58.6755406399328,110.3307122894,218.405122112868,307.738302355439,363.503938364578,380.673027043315,375.17147595071,367.913338402958,432.010743474747,573.094620184197,694.178622748753,641.89277126355,466.18893723049,337.953174986719,374.483188976096,506.210717732398,591.620068109939,508.295193568834,337.033479605386,197.819681191805,129.793410092544,110.650956146453,83.7075069888223,75.4367304647498,117.892582881029,228.598310354792,371.92078317098,383.508910848728,276.911758538976,117.763905260445,43.2199421911732,23.1862322941843,33.882059943535,49.9653485488513,62.8526337502833,77.5085180923065,83.0997964610795,76.9082106218944,66.7121801129237,86.478627358926,129.467290148066,166.460754329969,160.498565625794,130.741930943068,84.7846122445044,50.1114059077719,31.4883661675483,44.798422675481,81.0318768329492,133.570393674574,188.960492101768,201.670835985309,207.913479784528,245.892512642076,275.61455528208,257.574531053294,180.032287218724,113.045600856896,75.7446129734506,101.077522580597,180.32988548348,257.175742229457,278.773172342943,236.833058400534,174.992003780746,100.183645380043,49.4594717120323,19.0916754696736,7.31355035476894,7.29977832699739,11.5189100075269,13.7099839508934,10.9949587089694,6.2416836966327,2.00621040918358,0.53320783959434,0.036950921015509,7.00098870589171,30.6321889572968,93.8657851429096,224.054420962022,313.451073585275,310.168415729732,198.170128747374,98.1760284471602,37.7279098343404,9.01988038543269,1.68039640888966,0.61126027015166,1.3061340454361,3.37975853266739,6.27459344742166,8.64288783276043,8.04734618626139,5.55737800321149,2.40515943139579,0.855786134378956,0.189906395215356,0,0,0,0
0,0,0,0,0,0,0,0,0,0,6.16109979164706,26.7639357208167,61.2556015557453,97.8127854642471,106.63963991402,77.1271454151142,38.9179389251963,12.5408054327925,11.3297152880592,41.9929353525858,145.007583424458,294.91720637966,460.97029728237,562.404601304923,506.766749753401,393.708576120758,347.23859418358,448.361496423633,655.936107807399,919.993363401035,1087.23355988546,1229.01766178203,1454.59545291016,1582.03322504055,1453.13017260677,962.265627165054,521.846390105396,243.130205232356,138.213530177159,147.310882893752,180.754320304637,203.880508238352,188.2665048788,160.153981711935,149.129044139442,147.7711575946,121.843081771441,77.4960908505888,74.52342775307,122.612318617941,226.6141565833,310.666666929209,363.37324095118,383.314081648107,377.027957103191,363.741513254429,405.195568461785,530.717700557439,667.068076614334,663.471201990622,503.828694456744,347.46967303488,327.941712533608,429.32861487822,508.541131639901,446.611355550107,294.03676941778,160.530087677925,86.1956420923768,64.7538493993634,45.5331433741205,43.0886190467233,74.1005269310679,149.170665726226,244.862309304625,252.982685070977,182.802698318858,77.5622044465499,27.5929712873229,12.5561553073939,17.6274114441831,31.0325126791207,52.7559674154842,91.8361977852212,115.942634056553,114.031732635927,92.3713655709921,100.964879982068,137.027184025695,162.981809419847,141.249723391602,98.0240739275635,53.6624649334457,34.0153803537658,32.4635366461697,54.4285568214558,78.6890184968805,102.51607200581,124.580412106991,129.307178321897,136.316661233817,165.879427252759,185.635578552425,169.7841674564,113.262487358582,71.1974097430319,55.768339071388,92.3274267987194,160.008020786483,212.747800728061,209.449026794235,164.18601697562,113.480914784831,61.9315555336554,29.4893792905063,10.6006350677857,2.92318992934815,2.23151543733237,3.82929580353379,4.55160957420875,3.53771459129799,2.04130983535252,1.26430540241489,2.10628482221685,3.89565144858363,12.3553107833364,34.9181005998612,94.604274275489,218.217347323752,300.511933469824,289.647314388962,172.440350553847,75.3430272609147,22.96683876639,3.43237136645289,0,0,0.274165323262222,1.11625129687483,3.17077492871349,6.90037677387509,8.87799741304004,7.96913547898275,4.3526115227578,1.76963978579065,0.501965450693708,0,0,0,0
0,0,0,0,0,0,0,0,0,0,8.158458968278,35.4405023116076,81.1139778237766,129.522589110622,141.211010379998,102.130897484036,51.5346964971464,15.2036477810058,8.40689230787508,33.9689961963794,133.370497610171,297.222166474704,497.399500282564,632.150291769915,568.044098740411,416.644218140334,313.534284712954,371.929059538326,545.278206147683,794.043315125574,963.66736056985,1105.70237489615,1353.04252158499,1541.42838596086,1485.8025966435,1027.73318173765,563.094831011917,246.94317553977,113.046378351006,120.979460005787,173.270154905499,228.740553727828,231.120375676564,215.258764531665,220.296134657809,222.908143203606,183.252909928966,110.955082336894,92.3071695537853,132.567607151905,224.034043483436,295.965329866156,342.327133267663,364.12531215823,358.944476460146,348.021029800074,384.781277223633,504.617219130845,653.947513568498,688.179514590415,538.484058953843,352.617545840317,273.021415269264,333.423768817164,395.926046389524,356.7672298339,237.291632458015,126.224775092665,59.4821405873828,41.168340478521,29.9629999908331,29.3160272982444,46.1182736814521,87.8281838723146,142.028817757971,146.540588730347,105.899280396095,44.8761952325689,15.6088720154761,6.14660611173127,10.1747674437586,25.5254925257721,60.6538037284592,130.329882746516,175.957109974482,174.697102409068,129.741291430831,115.891600227142,136.053709527644,149.624237899387,120.66482824309,74.4047962993618,36.1985377447065,29.4528278237672,44.6227731032292,80.3485729150215,99.0311446173041,98.9135684496003,87.8283189945812,79.2565313810031,80.9900780029688,100.14847835442,113.657612340821,104.73405483369,70.0915951301113,48.3365238100696,49.6842514194653,99.6015259879542,165.121343841997,202.272360852002,174.632672083819,119.38724375026,71.7913274278414,35.0810944883437,15.762444408596,5.56377804428806,1.07753646200636,0,0,0,0,0.311193901952641,1.75182993346449,4.97617198560074,9.86172317814,19.8229838356565,38.2776952400926,86.5015104140543,189.43026867435,258.863072732021,249.105728369379,148.242787057247,64.7705731901794,19.7440342569991,2.95072641608659,0,0,0.636593493443959,2.59186064883652,7.36232673328887,16.0222120882856,20.6141145813255,18.5037981241768,10.1064720436095,4.10898489994821,1.16553011169706,0,0,0,0
0,0,0,0,0,0,0,0,0,0,9.49015835708587,41.2254300106892,94.3541540766331,150.664468162302,164.260782027703,118.801650415039,59.946667936176,16.9672441602815,6.40267111316326,28.437168058261,124.086147539324,294.063476411363,510.400748388961,657.281670151178,584.184674266647,412.072443515473,279.80737773443,307.236065679718,441.636193615835,653.855085290184,807.646910798477,937.300129489356,1184.56683461716,1412.67880573174,1427.03547180125,1033.00809631051,578.933253581434,249.20291028059,97.0528748113054,102.143321421388,165.038142049967,244.435531398304,266.027369667436,271.405296043972,302.987823292998,310.699219149065,252.934642829972,147.519527024874,111.629902900477,143.366866446827,220.224573215083,279.232946740608,320.619015171671,344.898098703854,341.089397579543,336.735785054748,380.359508449537,496.129416124666,643.838421005386,692.795281205633,548.393670877081,343.29104625925,217.28364998793,239.189374383295,283.481217030519,267.61527900295,186.123859214486,102.442660685167,46.4694034925086,31.5075404726592,26.3663486190935,25.9544459218955,31.2855682799805,48.6710609902439,73.6638989904242,75.244114462361,54.2112503239117,22.9364432238138,7.84268476641589,2.72696658931288,7.85259917124857,27.5268181745162,77.8967393988643,180.316615779932,248.488681252522,245.911383373343,171.325241023536,128.079933936783,126.092028600937,126.286681366844,96.5015403500353,55.1714298105182,27.2108023555581,32.6937737289797,65.0104412541935,118.770524530846,136.456694774896,116.181997579289,74.3067100446604,51.1891052957882,45.997720411256,56.8587864344438,68.8968805504447,69.7640842617365,53.5591800674498,44.5483901429438,55.5081751417408,117.819121727876,187.979871910745,217.416826203741,168.660856071874,99.7872114835488,49.1038393130015,19.206742621847,7.40111137297763,2.61242101116292,0.505947374469675,0,0,0,0,0.692020927245318,3.89565144858363,11.0658182245861,21.9301174449481,35.4316752884127,47.2735720855799,76.8265827489413,147.132446027613,196.644964948743,188.348455823832,111.949892498431,48.9133997656305,14.9102870799563,2.22832767536683,0,0,1.29845619311615,5.28660368953661,15.0168967182903,32.6804165102362,42.046494378888,37.7420936876471,20.6141145813255,8.38107355118323,2.37732525918386,0,0,0,0
0,0,0,0,0,0,0,0,0,0,9.69737566801051,42.1255859856576,96.4143740799938,153.954222112632,167.847411066063,121.395680736359,61.2556015557453,17.0148091877674,5.02411228717579,24.0770889665033,112.016894170704,274.163570511377,482.731057928461,620.885206880546,545.553774908414,378.798543181006,251.570148513814,263.638737932523,357.450845385694,512.78314929249,631.45710621053,736.193871352439,961.957781999951,1203.03969004505,1273.01884751768,964.589641471373,555.644140784612,239.913742260747,84.8463147029235,87.7001403999474,154.034247132689,249.271107167084,291.53630101315,326.850724973175,393.321141343737,405.118274806767,324.370173140114,182.757825455254,130.17820239261,154.995137662866,219.915969085479,269.768372586154,310.97992283452,340.400284987497,337.49797549922,338.66526304695,389.484619028826,492.76933804965,616.309420592733,653.904719146961,515.681873521867,312.155215453525,167.500717777965,164.313994137254,196.178742916357,202.708066195736,156.307430959323,96.8356243691279,50.495714832794,40.4947489315341,42.1398680915555,40.3504043909025,33.4121414356986,30.9783071831435,35.4094201355169,34.3220795547225,24.3781796963621,10.2747400157389,3.36587667770461,0.769271325626929,7.15380377554605,31.3008173876262,95.5494784073018,227.062933407073,315.140145324878,311.406037670279,210.94984287465,140.711374923376,115.980557750955,101.030450500269,71.3302154584669,37.2353596223411,20.9457864884574,38.3013976632119,87.8930834797233,162.396409904036,184.111145943424,150.40916747879,83.6161060652744,45.5991246317983,31.5888653155964,35.8138739130603,50.326655335233,62.4180811018624,59.9213290074979,55.5148768739018,67.8823120272216,136.694825598787,212.122278990684,238.392660871454,174.827126169735,94.2725956400271,38.9520380345357,11.2437014621041,3.05271138521555,1.07753646200636,0.208686402964113,0,0,0,0,1.35183228161024,7.60998284699298,21.6165865936645,42.8395147233393,63.475993636859,67.2397850412714,73.4350746374946,105.57283390805,132.711274110163,125.394758887913,74.2658618725077,32.4484080300477,9.891258455429,1.47823880534587,0,0,2.32652564449776,9.47234040024571,26.9067185332076,58.5555581212673,75.3373490398247,67.6248835400586,36.9356058882294,15.0168967182903,4.25960321967423,0,0,0,0
0,0,0,0,0,0,0,0,0,0,8.70463201255926,37.8130884965294,86.5442028667697,138.193558355279,150.664468162302,108.968113116415,54.9847183923841,15.1454022918789,3.90998756878296,19.644626236637,94.1477115194647,233.563477904523,412.334399598569,527.028572549012,460.070503201083,323.4470862913,229.568422249164,239.596153542964,295.295324958235,384.805339115033,460.380699042413,538.538838750776,732.930796589737,962.584425942821,1064.70759531417,843.791264533319,501.712249188313,221.265917144114,76.2944309156177,77.7713321346509,142.516750369681,248.039529833752,311.712091430118,381.456333532929,484.945010148942,497.442849530763,389.809737977609,211.693986078537,144.120463575156,164.324343571901,224.096909045191,273.902233613326,323.067779565029,359.57510286,353.181258512363,351.780734641528,399.538978331834,477.674746603321,557.53080743541,565.329198889051,438.638558876434,259.002886060827,125.48489162214,115.360830197768,145.787060149993,174.48310227943,155.374039490501,111.022181341406,68.5148063498456,63.6770907724185,73.3435404609057,69.767007175479,49.4402749453432,29.2574292812148,18.2600092221765,14.4667696764905,9.63005038089874,4.05880444047129,1.32961371135616,0.303883297056572,7.96967896708427,34.8706050394385,106.446680992508,253.260429002855,352.498744326802,349.896966990134,239.106550221042,155.126141721113,114.343280963127,85.2874269789017,55.6955606721491,29.7728899960832,24.8476665850973,50.7514488677833,112.469067618488,203.558392522237,230.221846286476,188.310939229023,104.424285968679,55.3216788962011,35.7795711921869,41.3161089205675,66.9595533149927,94.4640862166194,99.7629570499686,87.43663807989,87.1676611179858,148.148055922472,222.741272192488,248.358166778581,182.259161205707,98.737468329208,40.6708032812746,10.9278928104719,2.35836088819331,0.72095950306644,0.0756133353277636,0,0,0,0,2.31975347176619,13.058782786549,37.0942109317415,73.5129012379196,105.581304548626,100.752844381183,81.3519503013803,75.1944962997345,81.2154126326617,73.8410573544621,43.2783012172519,18.9092530718284,5.7641135786807,0.861441080406718,0,0,3.66187757688042,14.9091633673895,42.3503216038936,92.1645913480899,118.578598006429,106.439421916602,58.1354722267839,23.6361191621026,6.70448037115877,0,0,0,0
0,0,0,0,0,0,0,0,0,0,6.86375933198544,29.8163022474442,68.2416648054699,108.968113116415,118.801650415039,85.9233224578022,43.3564421147032,11.8633675989667,2.71137340821421,14.2707019929819,70.2844823200586,176.457543895851,312.279939101151,398.157618216484,349.101755607731,257.652423170013,211.562780247827,228.48717070812,253.755849790957,281.238224952645,312.450890190858,362.541706839969,517.872923599045,717.510171470766,829.746463957161,687.739568799714,422.482284873248,191.181885396764,67.2555937100741,70.4973949665996,133.38642649263,247.288018303596,330.735401609203,431.768437475398,565.432390015129,574.031544134346,439.503968909312,229.361456206691,148.974615677356,164.776269897557,223.057427045558,278.5668875862,339.690935129224,383.327917069558,370.608142289734,359.478136084658,392.574689222282,437.327409467465,466.823021543068,441.183487482947,333.411354342598,193.893931964722,94.0283811404155,93.382559255077,132.976399332661,181.886226357796,179.671208404318,139.949347709109,95.8923223845682,97.5860903402531,117.806970998917,112.227889972854,75.5301214226548,35.4644765857978,8.90071433549461,1.89294068132332,0,0,0,0,7.79937975407765,34.1254763310165,104.172086736571,248.366002950432,347.398983529741,349.465698410606,250.21329400354,171.59620699012,125.130218658452,82.6150233116292,49.11756405809,27.5940430597877,30.6673460985035,61.1828881941098,128.025561502638,227.354610750841,258.721999325454,217.061333553856,129.783057836103,76.0581126294813,53.3345778519559,63.387434470594,104.067649690514,148.746227762021,157.966987396467,129.561774330778,106.449952504332,145.398335160807,209.517788687701,233.213460061471,175.406146264658,99.6039370060079,44.3322165587102,13.0545695346629,3.03605685081096,0.801363669916857,0,0,0,0,0,3.49684424632287,19.6850786115459,55.916578915512,110.814864102176,157.443631533845,144.387067777383,99.7679520485706,59.1026863889322,47.421252752907,38.9571358316631,22.15473808799,9.67989818137507,2.95072641608659,0.440983148087111,0,0,5.06308517067492,20.6141145813255,58.5555581212673,127.431124039204,163.952379215593,147.168180084344,80.380854122482,32.6804165102362,9.26993173081808,0,0,0,0
0,0,0,0,0,0,0,0,0,0,4.75432770582891,20.6528907853457,47.2690288199084,75.4790624471691,82.290469514909,59.516602022209,30.0317543203361,8.21741184854234,1.87808999296479,9.88490280402004,48.2573245054769,120.610420510749,212.034196595729,269.231036244049,239.614884200908,192.437393208129,189.904109880826,214.550206872135,219.278632523395,201.853142953784,198.959986819199,225.413375822212,340.394325976048,499.436680686318,603.721052567718,523.08433054611,331.914397832785,154.146365645261,57.2212588240905,65.1099588565829,127.90363652235,248.838436988488,346.399863863288,467.110975111589,615.532537179882,616.443622355044,461.812484971822,231.434350336011,142.285963465796,153.078852070632,212.025135912831,277.280888385637,351.13075915889,397.842436037243,374.663128209319,347.765775925605,358.734304848836,372.00785686866,360.609844966925,311.228006151081,226.608135515021,131.236505703623,73.7843613208974,92.4781980266993,147.7356334656,212.269067035677,216.61476066974,173.848431950571,126.589688525438,136.751577110585,169.520317631972,164.206099525175,114.815147880194,61.8462650249625,26.6467926692676,14.2569948319468,6.71569673612278,2.18419553109397,0.576515866672896,0,6.70493761088299,29.3368443332311,89.5542164104815,214.29408052004,302.317386722907,311.998308974708,244.049006781249,188.415012867917,146.590118063981,92.7723890924451,53.0154494581957,33.8049413800574,42.8846901727609,73.8151531946632,137.433373316289,235.654108314769,271.90564283014,240.431028899852,165.788490390752,116.241267593783,95.067246837161,114.190329924904,171.080143035762,228.459629485125,230.979108241903,177.385223727611,123.632057344237,131.093569583265,178.89929836736,202.495221861711,165.343955986483,107.061018852099,57.5956616180117,21.9645697036342,8.1423711416337,4.38350183144896,2.91836658819607,2.11070934226604,1.06505247703688,0.291424029071648,0.0666049801077003,4.63048177547168,26.0667594375534,74.0441041625667,146.739795235684,207.715304699758,187.827629969886,121.830073729907,53.8688339379907,29.0660063196713,19.050554318917,9.96273251415182,4.3529395816935,1.32690794579281,0.198305081747824,0,0,6.14953220699305,25.0375329000456,71.1205279837682,154.775551869286,199.133611703598,178.747825242012,97.6291400576857,39.6930462540206,11.2590923939946,0,0,0,0
0,0,0,0,0,0,0,0,0,0,2.89288796559638,12.5667608344398,28.7620065505561,45.9270973559959,50.071666000451,36.2143445711887,18.2735616967531,5.0000869346579,1.14277018226862,6.01471293781037,29.1630040318789,72.6293163001089,127.01104616279,161.865983645561,149.354066783103,136.667643778253,164.156226532819,193.10107545649,185.749089323301,142.457126684253,118.683821779008,128.040341909633,206.657500340714,323.325712903203,408.957902588558,370.236373338767,242.477945356115,115.686056466128,47.6103465915034,61.7727450046908,125.102316936617,248.15071866014,349.591106499545,472.552836652953,615.79537628995,607.78287841935,446.967277084554,215.642858450052,124.762599821105,130.776424446413,191.433373386906,267.844789680781,351.741743258079,394.548417037467,357.131382153182,311.96319405022,300.055392259558,291.298024008329,257.137628038337,199.57933077098,138.870013465019,83.0812018186672,66.5216382783017,107.212983892791,177.626706094766,248.085565607289,248.792876147885,198.628199585991,149.568272970433,169.278556314276,214.384375161241,210.771920002773,152.28410537044,90.7436221345619,49.746052605801,31.4054297013216,16.2817945161487,5.29544799560051,1.39772733125033,0,5.30172369356697,23.0573800374618,70.0158017610835,167.626464877571,238.862265005788,256.109781023202,226.957000812991,202.115707558233,170.927703115402,109.420221107037,64.4228062188053,48.3846649937689,63.8425914135927,92.4303107610224,146.456039187166,236.783074643716,277.893658501315,262.430678305277,209.647131975545,169.905791942796,155.05482370717,190.064590926694,264.408946918239,326.720015406993,308.087303574701,222.038477387017,135.44516232927,109.650005079813,139.762078097569,166.068722223051,158.736754409058,124.305000674004,81.1314985257269,36.9061481457558,16.5280199606884,10.2683964160191,7.71390135688722,5.57908102606288,2.8151740021288,0.770299462164176,0.176051990351844,5.38631198486025,30.3216178300714,86.1302700232414,170.692026458389,241.316440504218,217.156107176955,137.654824351263,53.0253953531884,20.4866738405553,9.30753090826489,3.93555290992531,1.71953066220823,0.524165074175183,0.0783359525528791,0,0,6.56121641591762,26.7136859111083,75.8817353920324,165.137096209149,212.464733591416,190.714208139896,104.164982775434,42.3503216038935,12.0128392465046,0,0,0,0
0,0,0,0,0,0,0,0,0,0,1.54628502990191,6.71709184169736,15.3736545237751,24.6080907706097,27.1289826624959,20.4713723267127,12.1407232961469,6.32824754914095,4.1372009015754,5.58821433443984,16.4228283775309,38.7878674349917,67.1209127211983,86.6304190878925,85.0316190614434,91.7564942803337,131.00203830796,159.05739715156,148.191376410216,99.7576006687762,69.6720221591508,69.221047909188,117.91426241203,195.532408292166,257.510740698263,242.611635126943,163.496109591145,79.8675985405323,37.7144626073387,57.1810412187281,119.580723066118,237.885109400194,332.61878103115,440.99060375924,561.302635001544,547.964551646095,402.521683629571,197.213610456998,113.088398172403,111.888667506308,169.545582109658,254.223910931135,343.168124866064,374.544033708456,319.92814620665,256.833768580862,225.740687005854,206.032451051897,167.059169888504,115.911331349851,77.0442315613318,51.1062700692386,65.8104658151328,124.466731092246,204.707706031351,271.105232810871,261.681928587162,204.339871111057,156.948894627888,184.740673087657,238.808697257538,240.188528837708,183.868476373927,127.309993166086,89.3942474982772,63.3652612641408,34.6759922935363,11.2779284681515,2.97679608465948,0,3.93673032403424,16.8857972304263,50.6498353203022,120.79056638312,174.148701646114,196.742373988309,202.70490874822,207.219313793132,189.656071366735,128.033185453708,82.9180224495206,72.5760915946326,95.1085875289048,120.012514981304,161.973725483053,243.051348675526,289.881424632882,292.051698051167,263.450941869402,237.281729744503,235.080122930326,293.493912734594,382.344502741516,435.099868722677,376.683070215971,253.962744864326,138.882300331791,87.1794963544805,104.141513399403,137.744282602788,165.195311246168,156.009305799524,116.641500708784,58.9477942475164,30.1693745263298,21.6761468059117,17.911161610202,12.9542519758831,6.53664523049012,1.78858369024331,0.408780914494613,5.50392193859411,30.98368940709,88.0109217754962,174.419081517758,246.425796030611,221.198594989414,138.526399540221,49.1197364239346,13.9330110172565,2.75732475463273,0,0,0,0,0,0,6.14953220699305,25.0375329000456,71.1205279837681,154.775551869286,199.133611703598,178.747825242012,97.6291400576857,39.6930462540206,11.2590923939946,0,0,0,0
0,0,0,0,0,0,0,0,0,0,0.726043970339461,3.15394893927812,7.2185586442475,11.6837925270016,13.5316622659928,12.0343895256086,10.8593162199304,10.9175756974869,9.60781433829629,7.782645664215,9.67554838828827,18.7069696101694,31.3454454757009,41.4093100532819,44.6296837963002,57.8469234380568,94.4860266481275,116.992403733167,106.738022960493,65.2964005786034,38.207108642979,33.343502691511,59.7860233189554,106.470008175437,147.096230693367,144.732285911006,100.347815698209,50.109820566132,28.1105030883062,49.8114225959752,107.177794192053,211.883673618867,291.061537475028,373.922910115479,461.339435423259,447.161764531192,333.587167605146,174.552632375593,105.64170076858,99.6000457999125,154.715156704632,246.498594203145,337.3224573265,353.331245506014,280.896184716487,201.608011704146,155.214222277103,131.852074777679,98.7617949002053,61.2618182923535,39.6564448310589,33.3098092593979,68.3366732004759,138.464910077864,221.218415566923,274.554437893412,251.405312136073,189.178812407712,146.143549263926,177.660433653238,234.736934490108,245.118612100782,206.537028397411,173.638504270842,151.046187293035,115.102818908232,64.8740425349961,21.0994628489948,5.56917864612071,0,3.18786219209755,13.226201859286,38.4661523057646,89.4832308752418,128.64506647642,151.392603390947,176.492479055396,198.582639128808,192.155814924156,137.956693946293,100.17484241207,99.8699101039827,131.66119814288,153.923124779832,185.647205608408,260.389838916825,312.818695735863,328.131765527157,317.657740808901,306.929367924251,326.047738738103,417.023605380319,515.381534594605,542.020833353636,426.678210075039,267.198457677127,132.632428491339,67.5396203608153,78.6810817525151,123.413218935902,185.08966409246,198.282896826337,159.524486870668,86.0962587622126,49.6871321628547,41.0851402787762,36.5332963000485,26.4227154039446,13.3327587685755,3.64816416350542,0.833788148197497,4.94047222068098,27.8118146510334,79.0010321729657,156.563380914389,221.198594989414,198.553963154137,124.345119061451,44.0912309435129,12.5066551904587,2.47505079207911,0,0,0,0,0,0,5.06308517067492,20.6141145813255,58.5555581212673,127.431124039204,163.952379215593,147.168180084344,80.380854122482,32.6804165102362,9.26993173081808,0,0,0,0
0,0,0,0,0,0,0,0,0,0,0.299468901726669,1.30089865563653,2.9774144783981,5.11937464750814,7.42380576576499,10.5880725118569,16.4573788664209,22.9536907039859,21.7610516485917,15.1883549643781,8.57973822651907,8.96942387794176,12.8111631599015,17.1287945031431,21.0052022468694,33.2397728902535,60.764159367381,76.6201477114505,69.438620079085,40.4817916151939,20.8438917177951,15.5431994567386,27.7962589561859,52.2954609981608,75.3043453250097,77.2232900723807,55.0627428273138,28.1016429724148,19.5507990117399,40.4137346829655,89.7574159710161,177.210720849833,239.231550068737,294.9315635944,348.072888626489,337.862792636107,267.754579548045,168.438427962798,118.144357857613,104.158186391865,149.201736980318,241.601174113978,329.969147623372,330.388211877981,243.541361823526,153.268354582425,98.1584102641181,76.0628525871242,52.7881552570594,29.6924726235296,20.3438849509709,25.8259113507145,71.5563179840189,144.396437853066,220.187731739833,254.263816369668,219.183754616764,157.70375443672,122.610552943596,154.554514569106,209.952318109916,232.437436502754,224.509177725765,231.29916595408,234.63833326929,186.26918702417,106.617491406955,34.6759922935363,9.15268778150002,0,3.38039392724153,13.4398444449864,37.4563606264452,82.7547140149997,114.399490976708,131.148917805727,154.56530574663,179.357586500767,181.313870557273,143.177138346803,118.779791345095,128.526465233974,166.53235232062,186.21050362041,211.156673261938,283.563023620625,340.599295919742,362.81659200132,362.427001051467,367.890819702667,415.138283199851,543.270918446435,644.321861912203,633.597164588029,456.192898064623,266.136025065544,121.753733069524,53.4898930941292,64.4708751241627,121.746927674283,214.470967580552,247.70610502073,209.295825150003,120.616448071804,77.7619971673534,70.9726738534289,65.6942423440946,47.3432413896184,23.8891426229413,6.53664523049012,1.49395067707629,3.89565144858363,21.9301174449481,62.2937386705506,123.453049508337,174.419081517758,156.563380914389,98.0483689733762,34.766730794664,9.86172317814,1.95162218767664,0,0,0,0,0,0,3.66187757688042,14.9091633673895,42.3503216038935,92.1645913480898,118.578598006429,106.439421916602,58.1354722267838,23.6361191621025,6.70448037115877,0,0,0,0
0,0,0,0,0,0,0,0,0,0,0.108506554163903,0.471354553430091,1.0788064587206,2.46721955939321,6.44789562935579,15.3082058005545,30.3950187648155,45.9503040834139,44.1874659116345,29.9352133894714,12.553780801851,6.12903908927801,5.25418495721962,6.72094941108561,9.70628532120757,17.9960701955277,34.9212196776505,44.2279264329804,39.5516213009676,21.6024489823731,9.34116097375278,5.71627856241067,11.5029797849715,23.5038448229931,34.9976734264661,36.8516470393882,26.7373240466646,13.8279290588556,12.7100646538842,30.9019158329095,71.9983019928318,144.782430306839,193.993426332007,227.607463883015,251.599733814578,249.464804813103,227.799539926548,192.614979296069,159.043984107809,129.887276397679,151.915112460361,234.363854739875,314.744068792666,303.052016213157,209.591949126685,115.96273220716,58.1014364892527,37.9675686900421,21.8898074160391,8.86797044232287,7.76441076273126,20.6993595015,70.0299677752416,137.689201764347,199.870470418652,214.844724591856,173.828418274355,118.966010117377,93.3862672901706,122.570562458774,172.742662061599,208.60357326275,238.410463711792,293.563913624032,328.582939553689,266.748063354261,153.922246609161,50.0612663718601,13.2136129564647,0,4.43571621390727,17.1881584245503,46.6011695719267,98.3248306314567,128.637292971107,134.392606985408,139.007106846635,154.57994528313,163.053090504559,147.728661546501,139.289900757205,154.408383788905,190.421897549046,205.743735351666,226.735395602621,299.067368570775,360.126232134397,387.443566515245,395.11227322138,416.429537724776,490.252366365714,646.603147241383,739.417414766793,687.497035815823,457.901439852734,250.556978202536,107.083075863157,43.4682435224488,56.8234299674479,123.171624164366,236.984305258485,285.163120043629,249.497026273498,153.318446552391,109.850860713755,108.767473614408,103.66311445323,74.5167604197659,37.6007528258868,10.2884722780356,2.35143098391764,2.69840516230573,15.1903585072875,43.1490722993334,85.5123592273117,120.815056527519,108.446928803404,67.9152712929718,24.0819095576233,6.83093061182314,1.35183228161024,0,0,0,0,0,0,2.32652564449776,9.47234040024571,26.9067185332076,58.5555581212673,75.3373490398247,67.6248835400586,36.9356058882294,15.0168967182903,4.25960321967423,0,0,0,0
0,0,0,0,0,0,0,0,0,0,0,0,0,1.33411836597251,8.18800823608762,24.9948717461336,53.2325831275674,81.9960170621258,79.0966619632562,53.2325831275674,20.5789904371686,6.27310014646463,1.33411836597251,0.696565594470975,2.83603425456888,8.05591566749869,17.5316301579497,22.5561258883615,20.2470010659523,11.0585809933053,4.70728782035943,2.61006793952955,4.89483753925762,10.2275864491078,15.5322089197036,16.6658927634875,12.2326064547256,6.37953935277458,8.37711500407971,24.3903320663454,61.0892853578935,128.674215197282,173.969984578918,193.278839245851,193.454258315044,199.584003471635,224.392455086347,250.25025348376,227.989178961435,174.521483470807,158.183021384114,217.853995193974,283.592462550609,264.99927358634,175.375980698851,87.887589516262,34.4657723070455,18.7487290645161,9.8435962188384,4.669370688413,7.58658567561938,22.9666141063376,70.1970913030038,127.496871079045,171.959831796026,169.324982408164,127.475631786728,83.0953746152105,68.8363059378626,97.0672359577461,143.760949833949,192.703191717969,256.728186074592,354.313561091773,415.041151516616,339.24309465555,196.007216121732,63.6303876134386,16.7575278763656,0,6.10865183852665,23.5229897610009,63.3355626459355,131.079078897331,165.640658761158,158.124487064887,133.763588234902,133.490217872983,148.100197085888,158.919802397608,164.265930991557,175.611348150779,197.37263646579,204.552561509104,222.22156119756,293.358250138499,357.816989775462,393.083459389764,412.93151704684,447.721272751539,536.834942108988,700.096337908392,773.864854189919,689.351427208886,435.499045047929,230.04377003997,95.7392896897893,37.9229577666312,52.1430587776611,121.644018501361,246.791962818144,307.475706984216,279.856522517312,184.450713970848,143.572833389039,148.904087769398,143.834264557706,103.030398129657,51.9885796403776,14.2253284895994,3.25119971779103,1.64191118142042,9.24294832788874,26.2551173803924,52.0321042689493,73.5129012379196,65.9872088448217,41.3247220553966,14.8698228443426,4.92002263583349,2.70064568978399,3.43856866559396,3.8307296692615,2.9774144783981,1.36814430426986,0.481646565362741,0.118298439303513,1.29845619311615,5.28660368953661,15.0168967182903,32.6804165102362,42.046494378888,37.742093687647,20.6141145813255,8.38107355118323,2.37732525918385,0,0,0,0
0,0,0,0,0,0,0,0,0,0,0,0,0,2.09985999544558,12.887665274592,39.3411353967376,83.7863975302724,129.059130288728,124.495637318395,83.7863975302723,32.3906782695156,9.87366067431555,2.09985999544558,0.313237586863527,1.27533219156215,3.62265320551734,7.88377371499482,10.1432320205627,9.10484497865394,4.97291748540725,2.0218373699601,0.816920121289889,1.15283493781341,2.83551639969629,4.86576559971653,5.78358696371466,4.49526253471138,2.43762467709813,5.94520804430202,21.6303341327009,59.4376729733084,134.129056328915,186.501377022859,200.263479232921,180.979047787352,191.758112402168,254.410613476869,330.733061865687,312.794896280636,228.396638240613,162.775204801261,189.443113344098,234.907108608191,214.329600501609,138.165938038293,64.9434869412043,20.6205571548471,8.80344539963195,3.88849080191103,3.11960855749705,9.14312350287818,27.9965723734499,75.3157542349144,122.768835471012,149.092660678667,130.026706070392,89.4685618338181,56.564088775281,55.671646548245,88.4570667347939,136.340926508677,193.716696352656,277.063639254818,398.44786831459,472.161997075264,385.906256408837,222.818870499992,72.8963743418271,21.2230862528949,5.52764856676619,17.8826228213125,41.5673456705826,90.7985970769181,173.602546743365,213.085603281454,192.378714057579,137.851074354953,121.430775992034,142.852765663032,179.180159378491,193.088895247345,191.094121271396,187.307312992881,182.366195025674,195.63640199904,262.712672193457,331.533648290824,382.841263386007,424.671253838519,467.597365655819,550.838687182326,690.10179798237,736.054705696364,637.17996283354,398.440315208145,219.548137310539,105.559231439601,53.5680953822526,62.1092406318973,123.541507960588,249.68282116211,323.161528406618,309.211025003937,218.074663946643,176.183303428478,182.757250799285,175.704140653876,125.201156521231,63.4114214948977,18.3417866378494,6.21480378775634,4.24453530879303,8.30738533654696,16.2996457801507,28.8757730965938,39.5605984967172,35.3277832067288,22.0885840858838,8.38063030032416,4.15463929119139,5.19399407914795,8.70463201255926,9.69737566801051,7.537234211039,3.46341570197811,1.21927363369128,0.299468901726669,0.636593493443959,2.59186064883652,7.36232673328887,16.0222120882856,20.6141145813255,18.5037981241768,10.1064720436095,4.10898489994821,1.16553011169706,0,0,0,0
0,0,0,0,0,0,0,0,0,0,0,0,0,2.90336576803076,17.8190956869718,54.3949149153221,115.847036918473,178.443258952892,172.133557686402,115.847036918473,44.7848840851192,13.6517903427539,2.90336576803076,0.123737448007123,0.503791235034592,1.43104749067307,3.11430709809456,4.00685517129652,3.59666377665575,1.96443895815858,0.798681278799708,0.3147467252882,0.417706632978082,1.02739253402378,1.7630126385423,2.09556681352087,1.76548376456523,1.48141060838219,7.26731305627805,26.8401366770314,72.6512024160954,164.591471533619,230.67256146897,242.675943059359,202.812604622199,209.62897727332,295.537114768111,406.737132867289,388.47907869106,274.6209037363,160.666701792721,151.991420805989,175.563119914848,156.489428577304,98.986727067374,43.8233195679054,10.3061207727854,2.08882765650918,0,2.65643115339968,12.1522279682569,36.5707167886166,88.6790075704621,130.068534702656,140.245809806355,104.802505014832,64.3712601326618,41.3912649636649,55.8166040438438,100.801881747417,156.637512509025,217.706869108391,300.889133467177,419.29669578495,485.417829325227,392.592082635086,225.387413488938,74.6367403357427,25.33932487664,15.6747825484097,38.1149629424046,68.9705800804775,125.457236484946,220.781860119881,266.097532294824,234.760998653419,152.372914158553,120.305858500986,146.602357366877,202.987438514385,219.711752981764,199.148824959196,165.040309434083,146.167152496733,153.592866439224,214.192778193506,290.351365390865,368.277707072713,443.048962585392,486.052514640906,538.175977695765,622.733562985394,636.996206178062,544.576201322881,355.645791498541,220.491748334894,131.253323894366,82.1058652488087,81.702167481515,130.910987302335,256.520108589621,346.562338373661,349.641156967031,258.568085863454,205.248906647267,203.552102686131,192.649670382328,137.816519010176,71.5071768904243,22.8610382900851,10.6051008250932,9.10838825922684,10.8429916391826,12.3255872678923,15.7521612372767,19.1259082715768,16.7049328905423,10.3714923049533,4.8968756650229,5.34162009124427,10.7789308388992,19.3570229971192,21.5646478273347,16.7610090521058,7.70180948431193,2.71137340821421,0.665947326582142,0.274165323262222,1.11625129687483,3.17077492871348,6.90037677387508,8.87799741304003,7.96913547898274,4.35261152275779,1.76963978579064,0.501965450693708,0,0,0,0
0,0,0,0,0,0,0,0,0,0,0,0,0,3.52637585529818,21.6427532092882,66.0670855599749,140.705727950435,216.733973666363,209.070323965284,140.705727950435,54.3949149153221,16.5812190721435,3.52637585529818,0,0,0,0,0,0,0,0,0,0,0,0,0,0.36136987493273,1.58114100128436,10.7712311514876,37.0755730538355,94.9719441915291,209.643819266067,293.006292854987,305.431974464371,242.814795139203,234.479432222041,323.913103716466,449.365656961169,429.501403691082,297.971766497353,150.944037354736,113.194216637073,116.962212216126,100.68753001104,63.0559204577895,27.5505351198518,6.34217620148672,1.25510841963328,0,3.8350541332205,16.3602645955061,47.6172888165684,108.628577557387,148.49475584764,145.923826012789,94.3860029607932,51.6264718705874,35.8055267232073,66.3420618083087,129.854890237186,199.89102615412,263.029695994103,332.141058616504,426.229277868849,466.360777579908,368.454099673239,208.924668236427,71.1228685777451,31.5475728890122,35.3615632750772,75.0741344725456,113.341906779674,168.932459818725,263.334059766869,309.441227480016,270.645988533642,168.092978854947,123.556215112281,151.220980901097,218.788304934583,234.154126145364,196.702621946722,137.080584199584,106.83749067689,109.344708501528,164.66044865336,251.961226402541,363.312493629037,475.441305819138,509.118899847308,509.89621633272,520.370145750255,505.096000481729,436.111207265792,319.313470033854,239.654925104468,181.622502290279,136.033404053342,121.89386528266,152.392948862635,275.917897324424,385.982883048188,406.232429722783,306.270441161688,228.15285967826,206.655988462446,189.117188992393,136.440168199843,73.7920201664474,27.8483832626057,18.4379364879337,19.5810801501644,19.9104672724952,15.4738347305829,11.3757425013322,9.11318309669747,7.15062056002132,4.27789436551451,3.89868520567615,8.82711018978458,20.7380409377418,37.8130884965294,42.1255859856576,32.7418900454233,15.0451442691905,5.29654806150711,1.30089865563653,0.103723768561815,0.422306474780302,1.1995854215047,2.61058938806127,3.35877396165749,3.01492819815574,1.64670449513492,0.66950008628032,0.189906395215356,0,0,0,0
0,0,0,0,0,0,0,0,0,0,0,0,0,3.76245125184756,23.0916406098263,70.4899871627635,150.125359290288,231.243362591011,223.066665155817,150.125359290288,58.0364158885129,17.691258962488,3.76245125184756,0,0,0,0,0,0,0,0,0,0,0,0,0,0.839076613962626,3.67130336418364,18.7058938490803,55.4823917100866,127.57531349636,261.132971145175,355.462097988334,364.491078267603,277.287081415754,245.360040439576,319.74439819888,438.763367048418,418.536281129661,287.083148796091,131.858826997569,79.3447015458814,71.0052943041402,58.675482149787,36.7457274486101,16.0550261930619,3.69589209766429,0.731412238081176,0,4.86362259561808,20.1677633760836,57.8490466300008,128.259493456412,169.0840461372,157.396197943295,91.9134921917154,45.5374124502258,34.5650453784967,80.1397501713759,164.219399287745,251.732795142564,319.976617769323,372.874846335667,434.875160920633,438.861508380048,333.844537761007,185.381028608339,66.8739069563332,43.1013644702747,70.2046530513217,139.160968988049,186.139035766046,229.025798232815,301.328600678173,338.222341174953,293.52946789322,178.801008358062,124.629435110883,148.241038281452,216.577497363623,229.247692197646,183.122195241397,110.202424070562,73.4395981114511,72.0666573282235,123.50679866735,223.708501582118,369.288632771358,516.466840445383,534.510332817422,476.362844166739,410.540684098922,372.180046107708,334.481464588549,294.483234748979,274.73671367654,256.069588041494,220.456358396281,188.795707411857,192.525701912097,308.394430974444,437.566941423225,473.22370028821,359.750246978348,249.37792959665,200.635903624696,174.958562921401,129.768629379552,76.3005325268673,36.5624801393826,32.1936206950875,38.1488974370527,37.3717950172945,25.9029250127823,13.6517098611206,5.69375997396063,3.09955096984237,1.55000927977097,4.63679420949652,14.5649331873661,35.4713547626293,64.8875193404478,72.2877946249467,56.1853079988485,25.8175708084921,9.1323975814521,2.43681883486731,0.814692367013751,1.73508308387951,2.578106717739,2.578106717739,1.73508308387951,0.814692367013751,0.204467814787973,0.0434847620139838,0,0,0,0,0
0,0,0,0,0,0,0,0,0,0,0,0,0,3.52637585529817,21.6427532092882,66.0670855599749,140.705727950435,216.733973666363,209.070323965284,140.705727950434,54.3949149153221,16.5812190721435,3.52637585529817,0,0,0,0,0,0,0,0,0,0,0,0,0,1.71145988314223,7.48833696719533,32.6325649244686,84.6208825330864,171.576704853355,313.892156969705,407.462740739193,408.665732312444,300.597987104867,241.950287447489,285.882150055732,379.038298774443,359.297764021955,244.576912083864,105.237003560233,52.1209032232659,38.7949937324029,30.036759823116,18.8106266784821,8.21878147475242,1.89197632814165,0.374419654036226,0,5.418307787059,22.2179070597419,63.3529916124054,138.890445038583,180.446976112904,164.395311372835,92.350941889776,44.5826814043346,36.7362009514596,92.3363242714818,193.061813453911,297.517660946323,377.219250687317,422.194635614773,457.785820506432,425.555277745183,309.281250750191,167.193413208276,66.294203054051,62.0971998536509,122.682733472226,235.199131423561,292.994754758098,310.069122598066,335.260094434756,349.453084614489,298.338640109058,179.109955341845,118.633321236778,133.2543192347,192.792524507516,202.811422597675,158.013269277011,86.2661644846826,49.2321279377225,46.1278286908593,95.5472782255661,207.06687742267,379.960071304757,552.288580715717,552.742581028565,442.228519621942,313.56348012963,259.64429435939,250.626127992169,276.536151901762,315.297912837622,345.480548585504,331.24777996149,279.865737979534,247.328988381551,342.367176709454,480.995187415397,526.301888302355,401.362504147394,263.088894194502,190.851984993721,162.205156423485,129.075721626732,86.2941512737673,52.0622629969159,53.3194313679023,65.7019114306224,63.5353430947478,42.7597113314445,20.0774307357943,5.03894298672798,1.07164659047741,0,6.16109979164706,21.7204735912749,53.4237444209022,97.8127854642471,108.968113116415,84.6948925370351,38.9179389251963,13.8157547510049,3.90554655537727,2.15341574316668,4.58621607346575,6.81451774722376,6.81451774722376,4.58621607346574,2.15341574316668,0.540454568083462,0.114940037368962,0,0,0,0,0
0,0,0,0,0,0,0,0,0,0,0,0,0,2.90336576803076,17.8190956869718,54.3949149153221,115.847036918473,178.443258952892,172.133557686402,115.847036918473,44.7848840851192,13.6517903427539,2.90336576803076,0,0,0,0,0,0,0,0,0,0,0,0,0,3.06653033715658,13.4173244204797,53.9879323895399,127.168101664662,230.2828912277,368.949312323608,445.832272153624,430.51859025648,304.029570621853,220.787629773252,229.344695083126,288.520429524277,271.105935638054,183.700448212251,75.8218666647594,32.1252254431459,19.2931655679885,13.5071876056954,8.45892383277041,3.69589209766429,0.850800131579999,0.16837223921985,0,5.30252726995476,21.6485858245809,61.585500072033,134.41050510853,173.594501651497,156.739189259767,86.5772408653819,41.4939404063336,37.0068229039671,98.6428721145989,211.051542010668,330.963723267434,428.218383131275,475.200583296663,494.707006826827,432.818469524439,302.616820270839,159.735623853692,70.8212005612233,87.4586297694671,188.741301386253,356.142716224006,426.514699350953,407.043926272355,363.246118912824,341.541813812286,282.300079429666,165.832618350813,103.746343532546,107.724070940003,153.736228256552,163.26967339867,128.780785725818,69.5122426385906,36.6736301099979,33.9156459275047,84.1406334211022,203.696259123592,390.960021687817,570.998932200268,553.574864576744,406.543068372479,238.281056173213,176.761958580382,188.291931016434,260.724802556176,350.300481859533,433.959678427801,451.131750173769,380.099049916427,304.038976179714,361.904718521068,495.229612109298,545.341367795766,422.511147612651,273.007711721526,189.309921210458,164.970437230707,145.280269070742,109.820373053008,75.6765116314715,80.6581296527145,99.6564638741955,95.7744870923126,64.4568711130952,30.2651333445163,7.59580662563814,1.61542218154299,0,8.158458968278,28.7620065505561,70.7431207948643,129.522589110622,144.294348375306,112.152023007794,51.5346964971464,18.4093476267396,5.71091617860016,5.0000869346579,10.6488861434312,15.8228531866225,15.8228531866225,10.6488861434311,5.0000869346579,1.25489926096502,0.266883058202457,0,0,0,0,0
0,0,0,0,0,0,0,0,0,0,0,0,0,2.09985999544558,12.887665274592,39.3411353967376,83.7863975302723,129.059130288728,124.495637318395,83.7863975302723,32.3906782695156,9.87366067431555,2.09985999544558,0,0,0,0,0,0,0,0,0,0,0,0,0.378321009738586,6.06770871649809,23.9589649557221,86.1644377690124,185.321763408787,303.664008451068,425.68517049956,471.829543283604,433.44476782442,292.919392070989,191.471868092573,168.282436733416,195.129397721771,182.108611355071,125.590940810161,54.716128696683,24.9598067831976,15.0492626061245,9.75924046700454,5.78366697518002,2.4173014174184,0.538225341895648,0.0665116578279162,0,4.55845408815548,18.559532719538,52.7194021637475,114.73023043326,147.611459832209,132.500119894774,72.3693994338267,34.6008169907161,34.3444057089749,97.704768270594,214.817706453588,345.305471916348,460.025153322438,513.92866950113,526.272957432581,446.001350938248,305.373237740128,159.624143716497,79.2199092172613,115.594398766758,257.233304730077,479.820585765057,561.764854203427,501.6258200161,379.369016215186,314.8106132745,247.141442716522,141.045428544654,83.8112549254687,79.5977537952494,112.463267973166,124.30674268329,105.33718215793,63.3736587749976,35.2975459716296,32.2682303469484,82.287123604801,202.366370106696,387.145079484403,556.622791741604,525.676281264635,364.771468585974,184.057395086054,120.854345383589,141.086474989033,236.998579332346,364.124547397883,497.209855399508,549.84688201388,463.459283912598,344.970137087615,355.057976725067,469.374055828525,522.521518149993,422.754881027843,285.010892956903,204.671452683201,190.064096525352,181.602040174513,147.042666841343,104.912509832557,109.335687194573,132.933605693143,126.823497358353,85.3530629243693,40.0767487803812,10.0582816026222,2.1391238626637,0,9.89674378189414,34.7906172122132,85.3432071553466,155.791048187231,173.16191022141,134.302229851825,61.5666883901229,22.1789043880133,7.8642715418842,10.1986493944542,21.7204735912749,32.2737852719607,32.2737852719607,21.7204735912749,10.1986493944542,2.55961101380681,0.544359883237269,0,0,0,0,0
0,0,0,0,0,0,0,0,0,0,0,0,0,1.33411836597251,8.18800823608762,24.9948717461336,53.2325831275674,81.9960170621258,79.0966619632562,53.2325831275674,20.5789904371686,6.27310014646463,1.33411836597251,0,0,0,0,0,0,0,0,0,0,0,0,0.917216066141454,9.68245500284727,36.0860293691403,121.515894160095,247.15440882198,378.900076959801,478.442471138691,488.898405353356,426.357997194327,276.481267396248,163.872660349515,117.064459024806,118.913607908914,110.644583352055,80.9484744478971,42.5862786769196,26.1527190237245,20.2062228193253,15.3490383977436,10.2804518828308,5.3041233381763,1.70333162577243,0.382963172526532,0.087526257081019,3.44245042378332,14.0157759714207,39.8126041878445,86.641901560875,111.473127211045,100.061355245034,54.6518764765551,26.3024375413739,31.1676117574152,96.5538472042352,218.874301342923,361.035668640981,488.065871311444,538.83182727863,537.880901923982,444.135911753185,300.965668066166,157.363078436897,85.9974521885655,137.791104035669,309.152727192144,572.054139154857,661.034198926841,566.154124697197,375.547450542359,272.103578467039,198.487933051112,108.490511064774,61.5490220038367,54.0193382722956,78.8273866552261,96.5398214665448,94.7259902993791,68.9715338629268,43.7528123810679,40.1563296130857,91.6933175053438,207.674513396035,375.130252164234,515.650060878826,472.89715352858,316.173724380459,144.766626115828,84.5205629990284,104.090828860743,203.156309147198,348.948705942053,514.718814279428,596.002956855099,502.452150584153,353.810706255709,317.925617734181,405.890214300867,463.157164303114,405.522248800145,299.358191537121,233.882258929815,230.55957212922,229.160727137014,189.718442018615,133.007897413067,131.700638830452,155.97293044014,147.524805604835,99.2851819889153,46.6184476555923,11.700087673444,2.48829151204086,0,10.7720726827052,37.7128947394958,92.1563537089439,167.504929816881,185.559774403005,143.466874873618,65.5376811369848,23.9427675374043,10.2033640752978,18.2735616967531,38.9179389251963,57.8269713512881,57.8269713512881,38.9179389251963,18.2735616967531,4.58621607346574,0.97536384739167,0,0,0,0,0
0,0,0,0,0,0,0,0,0,0,0,0,0,0.74458420810615,4.569805636391,13.9498767579316,29.7096133030082,45.7627606284817,44.1446028432565,29.7096133030082,11.4853312038123,3.5010771338277,0.74458420810615,0,0,0,0,0,0,0,0,0,0,0,0,1.95343192726596,14.5137916081166,50.1318355961462,156.481787451953,302.185900680849,440.266514681228,515.697548782998,495.063333343823,414.062410015964,260.535225279405,143.06693586506,82.0272895501479,68.9367584758697,66.8963493299537,59.5711945457569,48.6966562396973,45.2108489509365,43.8355585263784,36.319434148102,24.6523523094817,12.8970112924812,4.19997869207316,0.969459625617184,0.331709984438379,2.85236861535076,10.8010535937274,29.1831537322533,61.0692374561106,76.950135197635,68.1277529968966,36.8239256836958,17.7183111996195,29.4523175841943,102.918338244175,239.627123688125,401.824658058746,533.722410434133,559.308182514887,525.065764500274,413.873387920816,277.244917898122,146.102666984756,88.4383223538636,149.00679462554,330.130612991649,603.738587805767,691.168659405891,576.36988949669,346.349072802095,219.360339970632,145.546641159858,74.8854838624774,41.1799300129234,35.1518431924499,58.4249050796984,85.5454687193111,101.068164723083,88.515661610827,63.4632320713108,59.0099110811274,115.412402923078,226.149031309327,365.714669437749,461.18424380828,405.573822275771,264.764982259841,117.026296134268,62.2997221831952,74.7709680019384,161.564354024809,304.900420474028,477.882453308503,572.487820117405,482.916342939764,326.839820988835,262.771774218363,327.166989614065,391.168537249165,384.615987753757,318.832867224341,270.48919658946,272.048530980856,271.233369791392,223.914241402735,151.161350148434,140.503855879341,161.00694563735,150.746005121415,101.453070832524,47.6363600021719,11.9555587218763,2.54262327938558,0,11.2000064050529,38.8736064051594,94.2149119640129,169.657392852816,186.571390097526,143.25048369136,64.9274199980832,24.1493197944122,12.7172979101561,28.7620065505561,61.2556015557453,91.0178188798352,91.0178188798352,61.2556015557453,28.7620065505561,7.2185586442475,1.53519176137618,0,0,0,0,0
0,0,0,0,0,0,0,0,0,0,0,0,0,0.365046941679223,2.24043641198899,6.83919937039414,14.5657178283713,22.4360866485689,21.6427532092882,14.5657178283713,5.63090780663846,1.71647140292916,0.365046941679223,0,0,0,0,0,0,0,0,0,0,0.142499009145671,0.670038414838219,6.32434063768638,26.322985171782,73.7272812125487,194.206696358996,343.824545535544,472.726050812077,522.564095737727,481.788514985055,393.345810189759,244.066774753204,127.963772938332,61.6510183690149,43.4474287236208,50.1781942902229,62.4588518271135,75.4341570857897,84.5610648904421,88.321082030127,75.6184224901431,52.0277537780482,27.5983955210931,9.11139871624154,2.15584670791075,0.771534774220048,2.77044905487017,9.22361350795103,22.4084346097944,42.5884087520339,50.6897968868281,43.1087979352099,22.5673145668715,10.690585011362,30.8711714841805,121.195520837914,286.292965845241,481.279611094996,612.11851407839,587.5659247675,494.198271602402,354.444153080572,230.984369065918,123.595325389647,86.2492014340074,148.55526802132,316.308225596638,565.284290380588,640.861182086582,524.748018551118,293.274679069066,164.126935733222,97.2712120443031,46.0944513367365,25.3076745517732,23.5028073623636,49.6935508018934,87.0992828485791,117.190734501913,113.591300005033,88.1745669587561,86.9423937157893,158.228186557215,269.42727261343,377.80738350971,416.599182612245,343.27090363304,221.376562634057,103.407707817632,55.574848843922,57.3951295412789,120.737676545224,242.003837008415,396.003517422104,485.90748260055,409.829597535796,268.992390797229,198.882727284783,247.759099180442,321.239799833749,365.250636680593,338.741919040413,302.601482479835,297.692687336573,290.513118930733,236.275147253489,152.684801895731,132.610907028941,146.261639726808,135.313774248626,91.0670761218852,42.7597113314445,10.7316394395008,2.28232882290295,0,11.9535605433484,40.8948068033343,97.7320096394402,173.144720611233,187.924736103816,142.471309496448,63.6365150485029,24.0294894468462,15.24796591367,39.7677109044792,84.6948925370351,125.845542174093,125.845542174093,84.6948925370351,39.7677109044792,9.98072067075285,2.12262875477879,0,0,0,0,0
0,0,0,0,0,0,0,0,0,0,0,0,0,0.157216832723063,0.964901431553018,2.94547670617051,6.27310014646463,9.66267643652188,9.32100703355892,6.27310014646463,2.4250949388673,0.73924245519462,0.157216832723063,0,0,0,0,0,0,0,0,0,0,0.345480100848644,1.62446700870836,12.478785287966,41.5938465582278,101.043438284889,226.595295754324,362.43762040813,465.815956345449,489.187312674837,440.494796485572,356.905027319581,221.49874734519,113.813155377934,50.4823371746149,35.5042213107961,54.4157173995665,86.3299666178794,123.475723866783,147.409515560409,158.521960552633,138.538602237117,96.6392700116993,51.9744933418813,17.3895637020599,4.2113512167296,1.58252450925538,3.88268245952783,11.2357950770753,23.4839399692452,37.3688295003527,38.9516469733827,29.645364344258,14.0169612561899,6.16202921160455,35.0888065308847,148.552929936489,352.323697738939,589.64283352623,718.191841017857,631.144101701929,465.335515905157,289.618808716154,179.948669845154,99.7478474216255,84.1834978749854,141.639224302798,277.067742823549,472.304187652446,527.627382125799,426.733687650577,230.120112277017,122.124577018665,70.5593685698573,35.287306279468,22.0075919974368,22.6403812222456,51.485724752381,96.9105138902704,137.989970589068,140.849446508866,116.465639862066,123.608727607605,221.726080872756,344.17293142931,426.192325730157,403.876385138624,306.857644061606,200.407963617968,109.493958042788,65.0567568802164,52.5446158529259,88.102829531718,178.488608652605,298.556798385902,370.252724755003,310.721643043785,198.363986641842,139.339917725796,180.961228879545,263.383433275225,347.317997493215,350.946761310979,318.594903765818,296.044276824717,277.529346899556,220.747832913156,136.471494250377,110.682764994675,116.958291926671,106.697351410736,71.8080319382098,33.7168035662792,8.46209124568376,1.79965743919526,0,13.8740447254792,46.6783648977375,109.69837989362,190.468327318121,203.291573055319,151.570929728041,66.3688367747991,25.0541712374931,17.439702742706,48.301146585864,102.868893543595,152.849732646888,152.849732646888,102.868893543595,48.301146585864,12.1224038594663,2.578106717739,0,0,0,0,0
0,0,0,0,0,0,0,0,0,0,0,0,0,0.0594791572375181,0.365046941679223,1.11434932959352,2.3732745630076,3.65563814731928,3.52637585529817,2.3732745630076,0.917475569800341,0.279674367353664,0.0594791572375181,0,0,0,0,0,0,0,0,0,0,0.735782858745443,3.459692690459,22.4560141649452,64.4773841354891,137.926267532701,260.04748200387,364.670825098114,426.463022869468,420.060205778423,371.288004604454,301.268284655677,188.228449545919,95.4172880725915,40.897940145575,33.9519245265905,67.899919007543,121.380065480647,186.091118776017,228.849880730617,250.939116637988,223.352846453908,157.987444599806,86.344329951991,30.170835882284,9.62289137110604,6.97471379548831,11.4476800542435,21.5763941811147,36.0868041996564,47.8287974285077,43.0675660742051,28.1332919854112,11.1174667240949,4.05995553311155,39.8735176895259,175.191344148991,415.47465836102,691.856217750107,817.285324011612,671.465791520482,437.403671439927,226.979308438964,130.406416329558,77.797523510701,84.5141591872172,134.497372856755,229.016509023652,356.674896510995,387.897204521647,311.413267633364,170.523871636976,97.2211658987364,64.223803384108,39.0834288649267,27.4693809404867,27.6308545915628,56.163387871776,104.570130212682,151.249735197383,159.723770574483,141.845155153211,166.038344020037,302.00486311528,443.672741754896,505.179968333648,424.495276580489,301.557936199626,204.789547015069,132.784177491469,86.4217699612795,57.3768555905926,65.5973831103713,124.442268888709,207.132055197507,255.634325673381,211.953927439151,131.551621762264,91.6390519546708,130.874474607543,218.176772831292,326.517652028976,349.468828077745,315.363675734187,269.9649488957,237.993771961165,183.106738752682,107.95552137983,81.7460241809855,82.3542962808428,73.9061714455378,49.7393482539434,23.3546553125986,5.86144602581352,1.24657069257877,0,17.2470333156518,57.2876186434139,132.858881223401,226.916553289461,238.78875690823,175.466653563632,75.4669770214221,27.9196412077665,18.796073324447,51.5346964971464,109.755514775253,163.082351836606,163.082351836606,109.755514775253,51.5346964971464,12.9339456280374,2.75069965471208,0,0,0,0,0
0,0,0,0,0,0,0,0,0,0,0,0,0,0,0,0,0,0,0,0,0,0,0,0,0,0,0,0,0,0,0,0,0,1.37654917185082,6.47261219978668,36.7864363063523,95.8267895513699,185.295884316146,297.602527606992,359.37751374612,370.029601863018,331.202359303996,284.71804556736,231.454587885794,146.320055812414,74.802964356423,35.6364379063534,41.4856368072622,90.2184055776859,161.976377193305,251.611895354257,314.072530743974,349.819758093935,316.891862889491,227.325138078983,126.150855120124,45.5873734399197,16.9595545070389,14.9772172195346,23.2251711664798,38.4753345284909,58.9247332789245,72.3902414130745,60.9228016908241,36.5139459595182,12.6529039150624,3.79185911091068,42.3340209324325,189.052726358454,448.127844056396,743.945967678763,863.585635146107,680.5518944615,404.619944051898,175.088788041381,91.1996328978564,62.2320847949954,87.9964189873059,130.612808143098,186.189936019069,249.073046733729,257.888326038149,207.815829392577,129.544266903262,98.6850627918492,86.8920836474155,65.3377733883732,47.5304417869973,41.6025107651222,63.7017270688852,108.731322117641,156.487171158441,170.995494472601,163.16481067336,206.756250826812,380.344247468217,542.708168330953,590.35750808194,462.100732562108,316.466509613577,225.403125794328,165.081224987854,113.425788806587,68.7429040437982,56.0874050965411,92.2688815162241,145.949404756086,172.792672940387,138.226848024568,81.9744741879888,58.330349939324,95.4139274823733,181.001022895381,297.210808296036,329.290394716747,291.733822493707,226.251083962272,183.430963750332,134.689033920528,75.3983129929962,53.4139694665225,51.0801413630077,44.9700330282182,30.2651333445163,14.2107161043264,3.56654141620898,0.758506686530044,0,21.3930054441576,70.5587429971137,162.421828888263,274.793195476798,286.765836334954,208.880119674521,88.8457704167588,31.9217472643929,18.8875652666947,48.301146585864,102.868893543595,152.849732646888,152.849732646888,102.868893543595,48.301146585864,12.1224038594662,2.578106717739,0,0,0,0,0
0,0,0,0,0,0,0,0,0,0,0,0,0,0,0,0,0,0,0,0,0,0,0,0,0,0,0,0,0,0,0,0,0,2.26229496060592,10.6374390838838,54.6351321588608,133.523013862239,239.524868560792,337.803800370608,353.392487202746,313.997799327418,246.906145636512,203.772174718206,165.338093375956,105.265266066319,53.9773904461799,29.4195441667801,45.9521852319952,105.316471423253,189.929351245258,299.099787714064,379.102523509284,429.045873343928,395.684700236061,287.89284070069,162.394061037884,61.5033318250846,27.9143375017506,29.5772020825085,43.6906109082451,64.144447018614,90.450064579971,105.645507415026,86.2027198582845,49.7393482539434,16.1770947147491,4.33446625181887,40.4573884278993,182.350973803907,432.279604137081,716.7763742049,824.892516300377,635.509398138173,357.021413409201,133.786814660709,63.8716480199473,52.7639783799968,91.5771587387714,128.104028947201,153.696103488789,166.672610071126,159.694329172368,134.570360980308,117.714644976376,133.428015933756,144.793184991796,119.626515866185,86.9050357795499,68.7068269278969,78.4766937795529,114.854579403537,160.842277015797,182.483101264555,186.675042755904,248.522359264065,452.001100314343,629.113536961557,665.383418310941,503.172032309473,342.508098019934,254.964721173465,198.808348418415,139.139070562774,81.4023266574377,57.2802140585078,84.0997344274446,123.010273744823,133.473777145912,98.8426285396279,53.3755617055681,36.3567347259213,67.8685984664618,144.753440674804,255.828800747599,290.649133876234,252.664573527616,176.678533641942,128.685395661865,88.3694558082527,46.4705396821032,30.8844025772922,27.9190254656514,24.0370486837685,16.1770947147491,7.59580662563814,1.90636127841618,0.405431371145448,0,24.8315137138758,81.6379326974263,187.285083146376,315.469147509355,327.924999733824,237.865187264054,100.633323652253,35.2010116686647,17.5683353645425,39.7677109044792,84.6948925370351,125.845542174093,125.845542174093,84.6948925370351,39.7677109044792,9.98072067075285,2.12262875477879,0,0,0,0,0
0,0,0,0,0,0,0,0,0,0,0,0,0,0,0,0,0,0,0,0,0,0,0,0,0,0,0,0,0,0,0,0,0,3.26604498224324,15.3571285569816,73.1787333473937,171.359748008533,291.140303059023,372.44418988411,345.630920060128,265.186101270906,177.515606924572,137.360646399136,109.843799219991,69.7747376616708,35.6189821758019,22.8503591569327,45.5575929407249,108.012722749604,195.691473879187,312.60705145549,402.490141291666,462.991703912609,434.83416107256,320.901874703405,184.351788104298,74.7223851863226,43.1301703181203,53.2009521437595,75.1679639544058,98.3960638331925,127.07006294105,142.071439016756,114.683332073802,65.8642848779771,21.4215266623599,5.65418701457624,34.3656495392048,155.387091469242,368.735616454713,611.615614405321,701.562359346409,534.587851316546,291.112351279708,99.4277255019403,45.4370073055884,46.1924359732523,90.5511814058864,121.826922044719,128.516152894077,111.128719815701,97.4009349416185,95.1699989304508,135.788588289791,200.67103250077,237.200771233098,201.979352515241,145.919389987203,109.147825951843,101.474238439065,126.540173860669,171.360351502012,202.810788684081,219.351653310989,295.438147840766,516.160631604062,696.0223866557,716.999360746605,531.06181861304,364.291317957687,280.595395315092,224.214766007434,157.164913693451,92.6182676308648,69.2786873519528,100.037667290193,137.075898321818,135.01375198496,91.3854771253599,44.4301225940741,26.3245087002502,50.8443669368451,114.49310683809,209.57975846709,240.884689748524,205.505224363773,130.210947539265,83.546906021998,52.2089676106182,25.2629013992949,15.8040956781783,13.4529443429638,11.2863760070893,7.59580662563814,3.56654141620898,0.895114474186238,0.190366586181906,0,26.0186941160999,85.4280225775224,195.702642245473,329.044521587815,341.473873508944,247.257046223201,104.368701199042,35.7713393022437,15.0545950255869,28.7620065505561,61.2556015557453,91.0178188798351,91.0178188798351,61.2556015557453,28.7620065505561,7.2185586442475,1.53519176137618,0,0,0,0,0
0,0,0,0,0,0,0,0,0,0,0,0,0,0,0,0,0,0,0,0,0,0,0,0,0,0,0,0,0,0,0,0,0,4.14200416008312,19.4759382420569,87.907591836296,199.920009431293,326.625345052126,389.524449449069,330.898106302271,226.289035352412,133.345270970768,99.6206263470071,79.2826353958906,49.4713332757951,24.550070389889,17.5626507940313,40.2727495637485,97.3269811051168,177.171753856465,287.275577422976,375.881691640467,439.621985498018,420.581004119307,314.824134524914,184.825448778415,82.7092761933112,62.3635122094927,86.337700823515,117.147402261554,137.548988186853,160.33350174125,168.997143399093,134.320492000099,76.6152647207773,24.9181470504156,6.577115893767,25.8709150848285,117.195328380148,278.34255260278,461.945010339831,529.306843240036,401.275305612116,215.023128511565,69.864092706126,32.2229858255425,39.3603699766495,81.9164790808543,107.811780995779,105.139975712078,75.3090511551597,63.6199822710317,83.1823888803738,177.632157245488,292.875183609731,355.826322056226,306.311936804063,221.388255747556,161.709088558795,133.382414118202,146.565495009357,192.220060045483,235.802857965433,264.097497812331,350.907452447899,578.398798826978,749.92101718415,750.473373261136,547.973208948029,381.543825030969,300.123569782018,237.79357494979,163.724091114623,97.7445388733709,84.1371391589521,127.779311926673,172.183962031911,161.599259992766,103.839990650725,46.9607406402737,20.8909449876472,36.0477632499954,83.8874654915108,158.59919489056,184.472401371831,155.574400921533,90.9137069038391,51.0799703053498,28.1743744681836,12.1081432559804,7.15729060470617,5.7174557692048,4.65525335295736,3.13301667782527,1.47107927964116,0.369204840829222,0.0785198621823088,0,24.2139762977002,79.4608530211889,181.930331201466,305.665207166363,317.002942098811,229.376075438354,96.7325130405942,32.6804910108628,11.8365419257657,18.2735616967531,38.9179389251963,57.8269713512881,57.8269713512881,38.9179389251963,18.2735616967531,4.58621607346574,0.97536384739167,0,0,0,0,0
0,0,0,0,0,0,0,0,0,0,0,0,0,0,0,0,0,0,0,0,0,0,0,0,0,0,0,0,0,0,0,0,0,4.61439039592197,21.6971250878496,94.2345292623116,210.013315770804,333.596476428708,378.584116692699,302.944800141924,193.714639492873,111.888525779816,88.9811678249094,73.1392756703857,44.376624382464,20.8583047302349,13.9631534378198,31.6845049591495,77.0501773175791,140.949384509576,232.132922385668,308.795524073901,367.323446331219,358.047054372591,271.838832151722,164.054447704364,84.5621149642038,83.5523387434264,125.41419355789,164.49051626393,175.361430301512,182.710124785632,178.318138787471,138.636407229763,78.2881566298323,25.4622340119526,6.72072701360974,17.1404645507074,77.7913471069477,184.923838531416,307.091909623839,351.524923274359,265.147523898419,139.706509010947,42.931873681295,20.2466741470603,30.0986513707449,66.0506903340453,86.2703919126981,80.7182917570248,50.9876555266712,46.8763650075994,85.4330287058608,224.842747868026,384.342474187587,471.233499069093,408.047244805096,295.896058449962,214.4295925877,166.809079773012,169.907924256594,218.096502587216,274.480644876674,314.034244109269,410.352114431672,638.519925612868,793.137716207562,767.468888410947,550.98674743634,389.007029282069,309.633182415866,239.024735567611,159.521625967303,96.1368686499759,95.7218758505105,153.165052741234,206.081284038091,189.023372922738,118.382051419859,51.7472031844789,18.2450190532512,25.2101120226872,57.8879892555782,111.049014291769,130.019481668509,108.801470706127,59.8658890832789,29.7673280613997,14.146580780065,5.11414064538367,2.86834262839784,2.144202472519,1.68673774531153,1.13518579688499,0.533016091538846,0.13377397395198,0.0284500982562898,0,19.8467204142557,65.1074365271061,149.013778534762,250.244583863426,259.417510914708,187.623777646638,79.0783216836195,26.4494317642972,8.48021681567889,10.1986493944542,21.7204735912749,32.2737852719606,32.2737852719606,21.7204735912749,10.1986493944542,2.55961101380681,0.544359883237269,0,0,0,0,0
0,0,0,0,0,0,0,0,0,0,0,0,0,0,0,0,0,0,0,0,0,0,0,0,0,0,0,0,0,0,0,0,0,4.5157882996297,21.2334924443983,89.7672107811172,197.259411798314,307.169719019146,337.226634033838,261.39770880105,167.086581946205,111.729968714739,103.630934461751,89.5697251524861,52.9991940724684,23.7000148678176,12.3223073566121,22.2994518421108,53.5918158639857,98.5329235436367,165.239709798692,224.145222144622,272.313396293467,272.026096050874,210.454911652342,132.245225254079,82.059940541562,102.781268829196,162.172675147056,206.955289774047,203.503030120016,189.000700525396,167.519720318225,126.275259722044,70.2736098646057,22.8556039158983,6.03271003549161,10.1253190991865,46.1197619236316,109.981788192842,183.244018539505,210.631637889801,159.454177293127,84.3371744336284,26.3453770609726,13.5878111414399,21.983138218829,48.3126004528953,63.0900519255614,58.2597322912761,34.2733437547643,37.99452203153,89.3569241830688,257.74754599763,446.380067808907,550.145834263016,480.300436004121,351.696676234417,255.518423703337,192.764039060967,187.33692197319,236.698522894687,303.110785007053,352.99964475863,458.61482213081,684.027323903579,817.85830972883,766.19368565549,541.507947915585,387.656386704844,310.385349732974,231.10752118865,149.126509300728,93.2434681270133,112.238128598062,187.165794077644,249.794791207501,224.885894549121,139.095273002059,60.1611552390201,17.5614246157495,16.7499889642744,36.3165959551512,70.5808830219815,83.1751664162691,69.376174623278,36.6884201757785,16.5360356581422,6.69051227155091,1.73315683151285,0.655697649630293,0.173070630980851,0,0,0,0,0,0,14.3541453500554,47.0889692489596,107.774251443203,180.989455933465,187.623777646638,135.698942659153,57.1934153246689,19.0027325750463,5.5369788422045,5.0000869346579,10.6488861434312,15.8228531866225,15.8228531866225,10.6488861434311,5.0000869346579,1.25489926096502,0.266883058202457,0,0,0,0,0
0,0,0,0,0,0,0,0,0,0,0,0,0,0,0,0,0,0,0,0,0,0,0,0,0,0,0,0,0,0,0,0,0,3.88211367668598,18.253918464018,75.740817208892,164.770871040701,252.94756326793,271.782571624204,208.800807578788,142.428554976102,122.574480095958,131.794995033084,118.509930030119,69.4512687930001,30.3536526110182,12.2634742622875,14.2552527892842,32.749916342771,60.5274542044065,103.784708976343,144.25990238749,180.167860987218,186.007529760746,147.554668945963,98.1612104210255,75.7435116770928,114.335174972849,185.791647825517,232.172201047123,214.083433479239,178.105435499278,140.765867737784,101.700651660644,55.412008779298,18.0220558938696,4.75690066432729,5.47476096527266,25.1498709181662,60.4321868494709,101.505305226876,117.893866057746,90.0779697691592,48.1129660526053,15.3279265639573,8.41837346050995,14.3730028998936,32.2600044484893,43.3279261152075,41.6000897225502,25.825227378152,34.8074814539875,89.5393306926327,263.197956736171,457.459058969274,566.927313632654,502.30783829277,375.171756287161,275.840153086094,203.642253704895,190.142830225086,235.968242126671,305.90771315357,363.307104179921,475.403290428763,691.794588489937,802.657923381691,730.941184249389,509.183493115972,369.445859739806,297.665795476294,214.520773746127,134.505597433086,88.2919664506527,124.237326512527,210.314908085801,275.840557389811,242.293531548221,147.331633819854,62.8215260820266,16.2765311429334,10.550024333186,20.6934246485969,40.4830683720217,47.7662588982216,39.3908985867835,19.4736800061337,7.29741398655974,1.91015038638628,0,0,0,0,0,0,0,0,0,9.11971701965026,29.9173558456317,68.4729498829307,114.989264870952,119.204293712166,86.214534320042,36.3370824544631,12.018515036051,3.26101738002238,2.15341574316667,4.58621607346574,6.81451774722375,6.81451774722375,4.58621607346574,2.15341574316667,0.540454568083462,0.114940037368962,0,0,0,0,0
0,0,0,0,0,0,0,0,0,0,0,0,0,0,0,0,0,0,0,0,0,0,0,0,0,0,0,0,0,0,0,0,0,2.93169210724468,13.7849823946766,56.4659286712267,122.030313223058,185.829820498742,199.05848393648,158.688965499504,127.62057446941,144.109189039953,166.837499751353,150.485826349896,86.5973405006776,37.2183001942239,13.0884941933239,9.76560307670036,20.4869876199919,37.3834481071032,63.4195091382669,88.2858749360276,113.028984156204,122.582948923017,101.453554772506,72.7030389251178,67.8583894506402,114.39557879762,188.142740984646,231.309464100855,203.077769859242,153.078313004794,106.367381659011,72.6219496461069,38.3822969065038,12.4833572256731,3.29496760134001,3.1195167934468,14.7183350638008,36.2071623336738,62.3294952092907,74.6648671817597,58.6015411424136,32.1833234949885,10.4527372182229,5.42336996628064,8.92523740817792,21.6046780656703,31.8489249045351,34.6098578628369,25.8057564530455,34.7277806922039,82.4958370856153,237.624454568965,413.630779553656,517.589311334885,471.526588904844,365.253953605892,274.896604434041,198.250162947432,175.841790407517,211.773102959738,276.643588527999,336.095038030368,447.337012869785,643.939474277801,730.907294225587,650.546285928873,447.965847712901,329.579423955135,267.971190912405,188.732010820453,118.009602144693,86.8666512033809,144.649918026063,242.87702256391,306.922799861682,257.690472914907,151.582688670444,62.7809214879498,14.6661772591138,5.86746654145499,9.67172443313031,19.3058203253367,23.1132633028031,19.3058203253367,9.67172443313031,3.65906123633359,0.965804951911743,0,0,0,0,0,0,0,0,0,5.08980121136296,16.6971621702482,38.2154076172312,64.1766074948183,66.5290553674566,48.1171554198149,20.2800729337997,6.68698371239753,1.72283991624236,0.814692367013751,1.73508308387951,2.578106717739,2.578106717739,1.73508308387951,0.814692367013751,0.204467814787973,0.0434847620139838,0,0,0,0,0
0,0,0,0,0,0,0,0,0,0,0,0,0,0,0,0,0,0,0,0,0,0,0,0,0,0,0,0,0,0,0,0,0,1.94484010864419,9.14474838332115,37.1294813811077,79.8732468171114,121.42710892416,132.880963239757,117.381381844997,121.001623222519,168.979478729568,200.015865616317,177.869083997807,100.205947265494,42.5216667076237,14.1758342599376,8.23619460317508,15.6782542812322,27.4865218625959,43.6115600197401,58.3579435801637,76.4994235167503,90.0284764296987,79.8754961941491,61.0012177267087,60.1432714532243,102.770618610927,168.202698615792,204.020158976238,172.747225028898,119.81263482819,72.6774709074608,46.1426151636802,23.3546553125986,7.59580662563814,2.00490431260346,2.55889557377773,12.6682043820664,32.4261367989936,58.0513726173361,73.337767296533,61.031254860307,37.6712571974005,17.5459889080564,11.3436241484739,11.0099982216019,19.6769221405626,31.2643744595521,39.376458244114,34.9064236834595,38.0232016878283,70.2840776705838,189.801601560397,330.939862151351,421.821573585543,404.295831457059,332.900850944284,259.957571938254,181.587774690061,148.780332138497,169.388682322851,221.49111859375,276.345211777513,376.85039583394,541.651442557108,605.228483704887,529.080033782064,361.202709069982,269.616124768281,221.854086190903,154.297311111902,101.268289841854,93.3008818159138,185.576259322091,305.509993989964,368.112196749255,291.096600020946,163.162503502208,64.5519989771144,13.8446644446946,3.38582077967525,4.54126960532275,9.06487107396813,10.8526210442153,9.06487107396813,4.54126960532275,1.71807868301705,0.45348486747233,0,0,0,0,0,0,0,0,0,2.49537439249365,8.1861096684744,18.7358495168438,31.4638344975367,32.6171679848942,23.5903746508188,9.94270160569905,3.25710503591677,0.744411560079664,0,0,0,0,0,0,0,0,0,0,0,0,0
0,0,0,0,0,0,0,0,0,0,0,0,0,0,0,0,0,0,0,0,0,0,0,0,0,0,0,0,0,0,0,0,0,1.13335217445924,5.32908613878027,21.5071132063891,46.1194390598174,70.8993351906851,83.515563664457,90.8508218886239,123.916465926732,193.687995023031,224.55992679467,192.807745815642,104.752239110126,43.5099924091368,14.7309204576335,10.2214829019296,20.068760311164,33.8064189912461,48.0859385940048,57.8504375273555,73.0984904937648,89.7861262445328,83.5580712700619,63.6706257650439,54.248327826317,83.358168147659,132.78781982099,158.944198636303,131.114525675205,85.0698437045429,45.120167955868,26.2045717049158,12.4833572256731,4.06005424853453,1.07164659047741,3.1293707357919,16.0753405577679,42.3220113811331,77.7571357148033,101.597625046658,87.647431101946,57.9199209025383,31.6221603797513,21.8989633554226,17.4785734431376,24.6339865649528,40.5067318397977,55.4539562907461,53.2224755460779,46.2468804767451,58.1348443894233,135.298963288329,235.947424444471,311.116293973918,324.964328987611,292.699718252619,239.977863960733,161.45701103137,118.643652569473,122.611300298532,157.839170803442,201.928139946958,282.565885615557,407.232601799121,449.76790634588,387.577855664839,262.950021210564,199.167769832144,166.144583555085,115.022190056552,86.4284024734853,110.307141311227,254.791202658409,412.544803484481,478.144012729188,358.693566466483,191.792568722666,72.2371369052626,14.2956929923046,1.81500493480205,1.87312212029645,3.7389567239927,4.47634390992511,3.7389567239927,1.87312212029645,0.708650105643822,0.187047370076095,0,0,0,0,0,0,0,0,0,1.0746970146947,3.52555818843734,8.06907436579073,13.5507077042495,14.0474203656999,10.159800184304,4.28207958123948,1.40275586267792,0.320599940324935,0,0,0,0,0,0,0,0,0,0,0,0,0
0,0,0,0,0,0,0,0,0,0,0,0,0,0,0,0,0,0,0,0,0,0,0,0,0,0,0,0,0,0,0,0,0,0.580178054137424,2.72803008279704,10.8697072335972,23.149652447178,36.9963083180966,52.1024855987506,78.1611863246718,134.296635304216,216.525429733077,239.748628198397,195.367059665528,100.578922075278,40.3902169105084,14.8733331361259,15.9508991764708,33.9922508229064,56.4565624491405,74.7908389121883,81.1538089466918,93.4910670881784,110.941637566958,103.54976185569,75.769088876437,50.7383542052894,61.9909009890972,92.7744260001611,109.190131474853,88.4246888521065,54.5095877117176,25.5309877322992,13.3713586591094,5.86144602581352,1.90636127841618,0.50318183925012,4.62012591475567,23.8556708127545,63.0559204577896,116.282428336375,153.349071622517,134.591015911743,93.3165730100485,57.4421534508516,42.5724296843682,31.8538901519435,36.2253462611647,56.9224425133088,79.199169798949,77.7025067789154,58.7765514974637,49.7975816459472,87.6826272715749,151.874062792628,212.301678208524,252.291940556298,253.536741683209,218.789420777401,141.574424526581,91.1243388110791,80.7435601145971,99.4678817888547,130.156465129997,186.884567729787,270.113160543371,295.050024472571,250.764348785697,169.296224766359,130.555820610425,110.926604853423,77.0163107408935,75.4288090476987,136.325363932762,346.993677363687,556.914318855572,631.289541283982,458.633531915223,237.716356047276,86.4358169354808,16.1660453796231,0.901491505215803,0.678688256542442,1.35473602751145,1.62191349458338,1.35473602751145,0.678688256542442,0.256765162018323,0.0677728654807101,0,0,0,0,0,0,0,0,0,0.406585424808268,1.33380902164251,3.0527376404377,5.12658002492928,5.31449915534652,3.84371280223184,1.62002045394688,0.530698495046265,0.121291174301391,0,0,0,0,0,0,0,0,0,0,0,0,0
0,0,0,0,0,0,0,0,0,0,0,0,0,0,0,0,0,0,0,0,0,0,0,0,0,0,0,0,0,0,0,0,0,0.260899440155677,1.22676394988392,4.88798311428353,10.410134130714,19.0615301634546,38.0188075043844,78.0304780213133,149.776106897811,235.695682476693,246.414940384069,188.58117794881,90.5088196624323,34.6300719193894,15.0164729878168,25.1736081482975,56.6839061513166,94.217782647338,121.573709170628,124.622721653176,131.255407880047,143.751782440838,130.056895418373,90.8110112795828,49.0219310810995,43.7089390094803,58.6438409869468,68.7693959294716,57.1336578365988,36.1558281455494,16.5787894362261,7.88234405883044,3.02236161580868,0.893730813090123,0.207545712002243,6.38800465458985,32.9839790087838,87.1840986189028,160.777586404603,213.326087378611,190.351345751079,138.772645060836,95.7199510111129,75.4582758844949,55.1084828044443,51.9851801297983,74.987564431706,103.256230032609,101.771942324605,72.0785841494245,45.743992247872,53.5177790911882,90.2395474993797,138.012648312975,193.065107720473,216.005092517722,194.586232661488,121.906117681664,68.907247944796,49.539031016497,55.6986807658273,74.2762850645036,109.827972612925,160.046952229944,173.80371795236,146.388881716626,98.3460339105531,76.4376982523608,65.3279090276295,45.0639500896207,67.7450511145888,163.723128869548,440.242480654231,704.220786770525,790.1432595336,565.305375653214,288.471169557088,102.961844325033,18.6708711761902,0.330043991335637,0,0,0,0,0,0,0,0,0,0,0,0,0,0,0,0,0,0,0,0,0,0,0,0,0,0,0,0,0,0,0,0,0,0,0,0,0,0
0,0,0,0,0,0,0,0,0,0,0,0,0,0,0,0,0,0,0,0,0,0,0,0,0,0,0,0,0,0,0,0,0,0.103062442903494,0.484605445935547,1.93088754935042,4.11228883367569,10.4748408049164,32.2201817390065,80.6429749712657,160.81543877402,244.708659988267,243.00037035621,174.953208749847,77.7188342150481,27.9871192166339,15.5728158807716,37.1372604544121,86.334544145228,144.629822897619,186.660106508607,187.844700083669,185.335295088484,183.177315266184,155.807127307087,102.897382381455,47.4476242685027,30.2886971411756,34.5968866168202,41.7323780000577,38.3398862580215,27.7554197240114,14.4399474922589,6.74523176692687,2.34207151263967,0.545338029155015,0.0752000288210619,7.75875558826226,40.0617478062808,105.892238491246,195.277565442557,261.235900839089,238.197514663279,184.572357658076,143.165419082155,119.454052438831,86.6921319856115,69.9910512091005,90.3464842907655,120.823461529864,118.384103263139,81.3567791076084,43.7879383217813,32.4495229677309,51.0948969842475,87.7978696538361,145.211331495489,176.859590590902,164.135152968371,100.57182435364,51.2874488886626,29.1510318205048,27.8767322735387,37.3980490627817,56.9037758016936,83.591712870852,90.3204791184687,75.4923871663551,50.6177027331091,39.8732096225505,34.5722834964954,24.0257309414836,63.216492551526,182.671789323307,503.478449234822,804.273313183939,898.520580733521,638.687456896522,323.726736237192,114.598841113667,20.5285021688366,0.148417010867868,0,0,0,0,0,0,0,0,0,0,0,0,0,0,0,0,0,0,0,0,0,0,0,0,0,0,0,0,0,0,0,0,0,0,0,0,0,0
0,0,0,0,0,0,0,0,0,0,0,0,0,0,0,0,0,0,0,0,0,0,0,0,0,0,0,0,0,0,0,0,0,0,0,0,0,4.6567022722196,27.1119813141141,78.3908250965366,159.559700529473,236.938867936098,226.479464527111,155.142317040627,64.150544424112,21.6591681509024,16.2765717808032,48.8421958309748,115.728589858424,195.840239885144,255.968054916639,258.684426343007,246.429628214973,222.174545498859,175.387819269655,108.676640834357,44.7353532516335,21.691455174259,21.5344902267493,30.3435285759609,35.0252909414939,31.7387550428526,19.6370079423814,9.37523990226281,3.12237844347038,0.554657225929893,0,8.27817024438204,42.7437061079235,112.98125940652,208.350541946122,281.80513963904,264.249878390942,220.058834661125,191.59309758216,167.628120071045,121.195523631116,85.2637309028484,96.8216998994275,124.490685364976,120.969016455457,82.1073394082305,40.8574508167247,20.5231723586782,28.4938226437959,55.146372328336,104.815118861104,135.057598023958,127.613039052353,77.1589283030596,36.7421773421863,16.8314256711551,12.6128204697445,16.6124854440175,25.9855096755853,38.4701881013839,41.3881895672743,34.3587296708408,22.9969764291444,18.3335109203384,16.0962985620565,11.2567607261477,57.3133356947092,183.162650500269,510.982443099291,815.949900980179,910.00329203399,645.170196887295,326.121581465792,115.059051834928,20.5066579531765,0.058628794677941,0,0,0,0,0,0,0,0,0,0,0,0,0,0,0,0,0,0,0,0,0,0,0,0,0,0,0,0,0,0,0,0,0,0,0,0,0,0
0,0,0,0,0,0,0,0,0,0,0,0,0,0,0,0,0,0,0,0,0,0,0,0,0,0,0,0,0,0,0,0,0,0,0,0,0,4.36451700204849,25.0290435265768,71.8016810481223,144.44869914808,209.973086103799,195.540298635535,129.270729421654,50.5161721136962,16.1016706792765,16.5023296569916,56.8103628849453,136.605175311642,234.19524087118,313.421039398592,323.876579774278,305.76246094332,256.125030637031,186.263657598472,106.852176476669,39.8973111960481,16.4752831734927,17.3539560407094,32.8748891071404,46.9562753725901,49.3083255735009,33.7339468318911,16.8019205873721,5.84154334322569,1.03768786665771,0,7.75875558826226,40.0617478062808,105.892238491246,195.277565442557,268.030121280405,260.486047322633,235.584940040781,228.832815585228,208.096381176239,150.145105773368,93.9657853950261,92.6199121562596,113.051314370961,108.585127483465,73.3301130337413,35.266545296663,13.5969899360821,15.9020522385545,33.6742494452573,70.4662694801773,93.8557055413107,89.5699504736207,53.7599618329914,24.5866837276112,9.55823509160358,5.25043363788581,6.3965863527723,10.0568648247877,14.4694076565152,14.9195952112914,11.7926761530934,7.80153127734835,6.71224729819839,6.34004940937504,4.5898996407053,48.4133809507172,162.844630986873,456.77764278903,729.09015270199,812.241240801127,574.900734717636,290.09179013913,102.124983398595,18.1414139943406,0,0,0,0,0,0,0,0,0,0,0,0,0,0,0,0,0,0,0,0,0,0,0,0,0,0,0,0,0,0,0,0,0,0,0,0,0,0,0
0,0,0,0,0,0,0,0,0,0,0,0,0,0,0,0,0,0,0,0,0,0,0,0,0,0,0,0,0,0,0,0,0,0,0,0,0,3.59343126703219,20.4354367793001,58.3651645047096,116.635584818287,167.43603295325,153.471202217183,99.1755771986073,37.2702392932802,11.3689511944412,15.6069643950055,58.2270032531339,142.093476384369,247.697351664491,343.145576904793,368.089978702741,352.005793393844,280.974343602363,189.136275131858,99.5699313357157,33.6099544743784,13.4736395727769,19.0980669314342,45.370955839272,70.441546150888,77.3870937593126,54.3516671916463,27.3458270285065,9.60030657660567,1.70539206257722,0,6.38800465458985,32.9839790087838,87.1840986189028,160.777586404603,225.029284360591,228.743842786569,226.642961507117,243.283961462116,228.158958722701,164.465416741059,93.512356938933,79.3937755732228,90.5968768114749,85.6213313789858,57.6237293331313,27.0566942198536,8.09580816687214,7.15513327766287,17.4333979405805,41.3630424772456,57.1904992954323,55.1682600247921,32.85118404788,14.3534134981932,4.44415688747695,1.15118749553751,1.4771586808163,3.15409406351963,5.08339555016676,5.36376810139099,4.27283983867847,2.82672848908906,2.43204827220501,2.29718982730324,1.66305813758798,37.1140661523851,128.004616583702,360.099687388497,574.900734717636,640.466867333206,453.319597794612,228.742608398262,80.5273912578495,14.3048321191991,0,0,0,0,0,0,0,0,0,0,0,0,0,0,0,0,0,0,0,0,0,0,0,0,0,0,0,0,0,0,0,0,0,0,0,0,0,0,0
0,0,0,0,0,0,0,0,0,0,0,0,0,0,0,0,0,0,0,0,0,0,0,0,0,0,0,0,0,0,0,0,0,0,0,0,0,2.59895003485633,14.7121130271334,41.9158722381175,83.4508589620992,118.948888175645,108.026411169566,68.8621647010033,25.2487306650414,7.47677961603285,13.4030809801692,52.5027132805319,130.364500018216,232.112242136389,336.454760909354,378.960489206291,372.67229347881,290.472359392749,183.807387754829,89.0486463708286,26.8424257488093,11.5105415559284,23.1788456675461,61.9665691911738,98.9480567378938,110.232859519223,78.0223272892687,39.369642839788,13.8598342252072,2.46205171550486,0,4.62012591475567,23.8556708127545,63.0559204577895,116.282428336375,167.011924494593,179.412190774916,195.90044024537,229.661881100981,220.647222174039,159.009221445271,83.7770022271709,61.2191471976972,64.1766475646835,59.3074215303698,39.91429180872,18.7413900656655,5.43209706689152,4.187677933453,9.72974597401952,23.0851092476569,31.9185641358318,30.7899330755487,18.3345597238739,8.01077722618843,2.4419277488042,0.36494368986506,0,0,0,0,0,0,0,0,0,25.0831772066146,88.4287718955927,249.384876187793,398.217122566099,443.63288756905,314.001383082689,158.443393483152,55.7789964387595,9.90854375598666,0,0,0,0,0,0,0,0,0,0,0,0,0,0,0,0,0,0,0,0,0,0,0,0,0,0,0,0,0,0,0,0,0,0,0,0,0,0,0
0,0,0,0,0,0,0,0,0,0,0,0,0,0,0,0,0,0,0,0,0,0,0,0,0,0,0,0,0,0,0,0,0,0,0,0,0,1.65120864308431,9.29528730865233,26.4037892148299,52.3267404832625,73.9291742914168,66.3608670252912,41.5587268075591,14.7362070600045,4.17998446790462,10.1993876769558,41.6046850876201,105.615026913303,193.108481301951,295.889515698241,352.517361418147,359.331540360634,278.512896240757,168.926332537389,76.5007912050469,20.8382536755023,10.9799120251724,28.5686107427375,78.5861152468368,125.486104713414,139.797512033309,98.9480567378938,49.9286523333143,17.5770668594531,3.12237844347038,0,2.93533609352521,15.1563859652161,40.0617478062808,73.8785079100102,109.770561828681,125.999549291108,151.955934796921,192.082993391067,188.021190617131,135.514814301127,67.3131994933863,42.6021028565785,40.2730190661891,36.0870635411627,24.2868353999205,11.403661071373,3.21918483862739,2.17133553461063,4.77019788019087,11.3179254105084,15.6486990910186,15.0953656837893,8.98887577975743,3.92743989874783,1.1972027432195,0.178920767349096,0,0,0,0,0,0,0,0,0,15.2624778874567,53.806667494879,151.744379387416,242.305030878185,269.939373345641,191.061886875582,96.4087910208008,33.9401062600075,6.0290978581758,0,0,0,0,0,0,0,0,0,0,0,0,0,0,0,0,0,0,0,0,0,0,0,0,0,0,0,0,0,0,0,0,0,0,0,0,0,0,0
0,0,0,0,0,0,0,0,0,0,0,0,0,0,0,0,0,0,0,0,0,0,0,0,0,0,0,0,0,0,0,0,0,0,0,0,0,0.92155532169197,5.18778866730228,14.7362070600045,29.2040538675177,41.2605785961051,37.0366339925508,23.1943225422502,8.22441797078728,2.33288927303088,6.98679002942504,28.9902021437716,75.6653885240303,142.963902515535,233.65640764661,295.402064415258,312.764064502368,243.695521720071,144.108464868815,62.2255987984835,15.5372403876246,10.3801577495825,31.4035243020942,87.5486845094197,139.797512033309,155.741103091346,110.232859519223,55.6229025621136,19.5816917052809,3.47847866519148,0,1.63823912215589,8.45892383277041,22.3588442573786,41.2323012045036,64.0292678722934,79.3930531123834,105.570335607282,142.070245331923,141.067026845727,101.706433235985,48.3171296123064,26.8129311029845,22.4501368831815,19.2889896845056,12.9816192155394,6.09540037859851,1.68360993182006,0.99834463950005,2.0544081227912,4.87435500171809,6.73951381706988,6.50120658643185,3.87129001364526,1.69145277248728,0.515606082194567,0.0770568196561499,0,0,0,0,0,0,0,0,0,8.15798653706868,28.7603410314194,81.1092807633654,129.515088856757,144.285992734398,102.124983398595,51.5317122817348,18.1414139943406,3.22262869242811,0,0,0,0,0,0,0,0,0,0,0,0,0,0,0,0,0,0,0,0,0,0,0,0,0,0,0,0,0,0,0,0,0,0,0,0,0,0,0
0,0,0,0,0,0,0,0,0,0,0,0,0,0,0,0,0,0,0,0,0,0,0,0,0,0,0,0,0,0,0,0,0,0,0,0,0,0.451810484441414,2.54341465540033,7.22471314948908,14.3178574470287,20.2288040284035,18.1579327386782,11.3714693599341,4.03218144387441,1.14374450213263,4.21785635667401,17.7489794077975,48.0207430985574,94.4097370598441,165.760509808073,222.270062927969,243.986879086359,192.063630981032,112.068664227043,46.9712461638698,10.9964149284069,9.32553242819785,30.5421409101083,85.6779100236094,136.810264193354,152.413166370333,107.877360721702,54.4343306546885,19.1632624686051,3.40414917443168,0,0.803178706681631,4.1471525200681,10.961859822945,20.2149404852202,33.2260355234964,44.9418900257608,65.5312971443349,92.7828780720003,93.1321424890867,67.1739644576239,30.8712946320783,15.2708830452117,11.1540255392273,9.05696840075064,6.09540037859851,2.86203940806894,0.776493458007029,0.407375882666922,0.77723524669128,1.84409342534822,2.54973080863446,2.4595730755441,1.46460823211751,0.639919935238893,0.195066995717262,0.0291525698181735,0,0,0,0,0,0,0,0,0,3.83050784351509,13.5041546590497,38.0841197437885,60.8126234905043,67.7481660906324,47.951850392208,24.1962434220779,8.51813474832544,1.51315578016609,0,0,0,0,0,0,0,0,0,0,0,0,0,0,0,0,0,0,0,0,0,0,0,0,0,0,0,0,0,0,0,0,0,0,0,0,0,0,0
0,0,0,0,0,0,0,0,0,0,0,0,0,0,0,0,0,0,0,0,0,0,0,0,0,0,0,0,0,0,0,0,0,0,0,0,0,0.194583778809932,1.09538678665287,3.11150810761604,6.16635271301686,8.71205353616078,7.82017967563727,4.89741507750304,1.73656240661699,0.492582918905041,2.24279499541031,9.54798496768273,27.0522674339293,55.7416997625024,105.609005451847,149.673756929894,169.653179280954,135.09976337403,78.3536120717802,32.2888072131518,7.24375443927116,7.68794804941239,26.1811480099126,73.6552212422799,117.612465974013,131.025902547692,92.9415470831452,47.5611603829745,18.4970169919139,6.96424459030941,4.83410045401844,4.38368962821504,3.8089026781758,5.48629277184346,8.90807933973649,15.3786598393766,22.8622965784863,36.2491474962552,53.4383918140847,54.0801163439328,39.0231967994531,17.5028402503191,7.86114567456586,4.9577535176649,3.73569713508924,2.51414918590917,1.18049571823056,0.296275489554314,0.0630097659487663,0,0,0,0,0,0,0,0,0,0,0,0,0,0,0,0,0,1.57995661945449,5.57001301533005,15.7084281101693,25.0831772066146,27.9438570141582,19.7785376084069,9.9801427179857,3.51344624024371,0.624126248739226,0,0,0,0,0,0,0,0,0,0,0,0,0,0,0,0,0,0,0,0,0,0,0,0,0,0,0,0.132805198999707,0.540710159298144,1.81253806043711,3.34253033798499,4.30048628735585,3.61802431092503,2.10839734423817,0.857210390844896,0.180997530109745,0,0,0
0,0,0,0,0,0,0,0,0,0,0,0,0,0,0,0,0,0,0,0,0,0,0,0,0,0,0,0,0,0,0,0,0,0,0,0,0,0.073616030645353,0.414412895812446,1.17716326409339,2.33288927303089,3.29599313994426,2.95857440005937,1.85281764304022,0.656986065976015,0.18635674296834,1.04997757493264,4.51304200995518,13.558452208314,29.4835481302404,60.2851257005153,89.6702681606809,104.167477854799,83.3734236638194,47.8240235411639,19.2272415925773,4.05977724517521,5.59456187977147,19.7231886633416,55.6229025621136,88.8185063410979,98.9480567378938,70.5463420950573,37.276577509768,17.7180568600972,13.3117737410896,14.7377799573688,15.3076526375264,12.7974277019641,10.0076579506663,7.74063516706443,7.76088224745406,10.8404695747382,17.901144993284,27.1172256594339,27.6119280745459,19.9321756555032,8.78335425075741,3.64815019454665,1.97914189903531,1.35355498080555,0.910951565401534,0.427728962345988,0.107349485270107,0.0228303257612202,0,0,0,0,0,0,0,0,0,0,0,0,0,0,0,0,0,0.572465613347491,2.01818257407305,5.69163407531901,9.08838650851451,10.1248964990114,7.16635667314861,3.61610467781058,1.27302682372317,0.226139636614915,0,0,0,0,0,0,0,0,0,0,0,0,0,0,0,0,0,0,0,0,0,0,0,0,0,0,0,0.351034105485275,1.42921895020422,4.79094705249421,8.83506185066249,11.3671555662288,9.56325458020921,5.57296989362447,2.2658004733955,0.478417310133006,0,0,0
0,0,0,0,0,0,0,0,0,0,0,0,0,0,0,0,0,0,0,0,0,0,0,0,0,0,0,0,0,0,0,0,0,0,0,0,0,0,0,0,0,0,0,0,0,0,0.420360717880205,1.87434481250659,6.06026017656117,13.9900692958533,30.8680213145065,47.9731620715475,57.0538783888164,46.2208846332323,26.6168650881727,10.7309072571225,2.2658004733955,3.71134755494408,13.0840644172808,36.8993904901139,58.9208508953492,65.640641096216,47.597269389462,27.7516330852944,20.0362479542535,26.4246260990696,33.5426979087757,35.2743261121406,29.110048603821,20.2165571786973,11.0998483212486,4.47568352730311,4.09565205894285,7.27873762325195,11.8904433693587,12.326297636215,8.91499775303856,3.75742919669414,1.23088694039036,0.281319287365188,0,0,0,0,0,0,0,0,0,0,0,0,0,0,0,0,0,0,0,0,0,0,0,0,0,0,0,0,0,0,0,0,0,0,0,0,0,0,0,0,0,0,0,0,0,0,0,0,0,0,0,0,0,0,0,0,0,0,0.815077650484322,3.31855055037947,11.1242577462479,20.5144210850012,26.3937728751551,22.2052357660368,12.9400623362103,5.26103674105518,1.11085290859465,0,0,0
0,0,0,0,0,0,0,0,0,0,0,0,0,0,0,0,0,0,0,0,0,0,0,0,0,0,0,0,0,0,0,0,0,0,0,0,0,0,0,0,0,0,0,0,0,0,0.153251949395601,0.683998673277276,2.42138015636824,5.95874794400078,14.1181145430258,22.7611892638998,27.574950881189,22.5467038031959,13.0221800722928,5.26103674105518,1.11085290859465,2.16278130159614,7.62471567311911,21.5030553217793,34.3360228876531,38.2519688835281,29.2958787533567,22.0773495173685,27.9342659125619,50.2120950579695,67.2351269316559,72.2975778033675,61.6557590596248,43.792295026287,24.3760435361962,8.22831410021908,3.45038405794249,3.23794842369441,4.697051630776,4.86922603431367,3.5216689095196,1.48428770800406,0.486234140398855,0.11112884326017,0,0,0,0,0,0,0,0,0,0,0,0,0,0,0,0,0,0,0,0,0,0,0,0,0,0,0,0,0,0,0,0,0,0,0,0,0,0,0,0,0,0,0,0,0,0,0,0,0,0,0,0,0,0,0,0,0,0,1.66250933137302,6.76882902305155,22.690086394525,41.8431501112371,53.8352311206323,45.2918953727147,26.3937728751551,10.7309072571225,2.2658004733955,0,0,0
0,0,0,0,0,0,0,0,0,0,0,0,0,0,0,0,0,0,0,0,0,0,0,0,0,0,0,0,0,0,0,0,0,0,0,0,0,0,0,0,0,0,0,0,0,0,0,0,0.351034105485275,1.42921895020422,4.7909470524942,8.83506185066249,11.3671555662288,9.5632545802092,5.57296989362446,2.2658004733955,0.478417310133005,1.10715651794956,3.903193378256,11.0077000562969,17.5770668594531,19.5816917052809,17.6716096173376,21.4349390797357,42.3533075492378,86.3121959027237,118.718203890183,130.686803223417,115.159865076347,83.5480209382132,47.0900766093824,15.3459467345055,4.3529395816935,0.861441080406718,0,0,0,0,0,0,0,0,0,0,0,0,0,0,0,0,0,0,0,0,0,0,0,0,0,0,0,0,0,0,0,0,0,0,0,0,0,0,0,0,0,0,0,0,0,0,0,0,0,0,0,0,0,0,0,0,0,0,0,0,0,0,0,0,2.97882255417002,12.1281367741464,40.6552551811887,74.9730043234918,96.4599702659438,81.1523381621731,47.2913832400694,19.2272415925773,4.05977724517521,0,0,0
0,0,0,0,0,0,0,0,0,0,0,0,0,0,0,0,0,0,0,0,0,0,0,0,0,0,0,0,0,0,0,0,0,0,0,0,0,0,0,0,0,0,0,0,0,0,0,0,0.132805198999707,0.540710159298144,1.81253806043711,3.34253033798499,4.30048628735585,3.61802431092503,2.10839734423817,0.857210390844896,0.180997530109745,0.497875632554222,1.75522145304229,4.95003690954713,7.9042060803699,8.80566296290609,11.978557922237,24.9141175332658,61.5987290467207,131.665271667268,184.693619184515,208.366235791378,189.653022496208,140.356712184702,80.0118107461602,26.3337499031348,7.46967419286213,1.47823880534587,0,0,0,0,0,0,0,0,0,0,0,0,0,0,0,0,0,0,0,0,0,0,0,0,0,0,0,0,0,0,0,0,0,0,0,0,0,0,0,0,0,0,0,0,0,0,0,0,0,0,0,0,0,0,0,0,0,0,0,0,0,0,0,0,4.6885722246039,19.0893026292744,63.9900822423494,118.005130978395,151.824933896082,127.731206458131,74.4351373370971,30.2630684598883,6.38996062493254,0,0,0
0,0,0,0,0,0,0,0,0,0,0,0,0,0,0,0,0,0,0,0,0,0,0,0,0,0,0,0,0,0,0,0,0,0,0,0,0,0,0,0,0,0,0,0,0,0,0,0,0,0,0,0,0,0,0,0,0,0.196674546034069,0.69336067060634,1.95540050241572,3.12237844347038,3.47847866519148,10.0707725128976,30.0688367734046,81.0802836026714,177.210550923544,253.214794468189,293.049946221452,275.343561018433,207.587796414531,119.558613295824,39.6960379426749,11.2599409985274,2.22832767536683,0,0,0,0,0,0,0,0,0,0,0,0,0,0,0,0,0,0,0,0,0,0,0,0,0,0,0,0,0,0,0,0,0,0,0,0,0,0,0,0,0,0,0,0,0,0,0,0,0,0,0,0,0,0,0,0,0,0,0,0,0,0,0,0,6.48264176058378,26.3937728751551,88.4757148947384,163.15947657356,209.920336005011,176.607208644457,102.917542194206,41.843150111237,8.83506185066249,0,0,0
0,0,0,0,0,0,0,0,0,0,0,0,0,0,0,0,0,0,0,0,0,0,0,0,0,0,0,0,0,0,0,0,0,0,0,0,0,0,0,0,0,0,0,0,0,0.258791566817611,0.980461105068848,3.01460164599289,5.17307711127757,6.19329773838953,4.77917385269315,2.59157991986222,0.980461105068849,0.189885826120499,0,0,0,0,0,0,0,0,8.85068682000745,33.5318275122876,94.5221586418506,210.076459745025,305.995247742014,363.572561280246,352.342546647285,270.245524852389,157.093473877254,52.5650464544645,14.9102870799563,2.95072641608659,0,0,0,0,0,0,0,0,0,0,0,0,0,0,0,0,0,0,0,0,0,0,0,0,0,0,0,0,0,0,0,0,0,0,0,0,0,0,0,0,0,0,0,0,0,0,0,0,0,0,0,0,0,0,0,0,0,0,0,0,0,0,0,0,7.87370011549578,32.0574019374416,107.46101239482,198.170566412077,254.96546545227,214.503939976474,125.001796148626,50.8219377271104,10.7309072571225,0,0,0
0,0,0,0,0,0,0,0,0,0,0,0,0,0,0,0,0,0,0,0,0,0,0,0,0,0,0,0,0,0,0,0,0,0,0,0,0,0,0,0,0,0,0,0,0,0.851165402168542,3.16584956647055,9.53322171953873,16.0938918424053,18.9724612922959,14.3876958843806,7.69643641119764,2.87461462010756,0.548750421356517,0,0,0,0,0,0,0,0,9.04394128991929,34.2639939173189,97.4188556736985,219.351672281096,325.993740492594,397.902832056316,397.323080156589,309.616297800146,181.484291843766,61.1452011758705,17.3440825146742,3.43237136645289,0,0,0,0.458517219904099,2.15597394706447,7.07270188639168,18.2952702297698,27.1843806907263,28.1808471762764,18.2952702297698,8.59037653420086,2.81410020933638,0.458517219904099,0,0,0,0,0,0,0,0,0,0,0,0,0,0,0,0,0,0,0,0,0,0,0,0,0,0,0,0,0,0,0,0,0,0,0,0,0,0,0,0,0,0,0,0,0,0,0,0,0,0,0,8.40080980355807,34.2035043908582,114.655055842172,211.43721664162,272.034285065645,228.864037926689,133.370118133032,54.2242435489104,11.4492944313806,0,0,0
0,0,0,0,0,0,0,0,0,0,0,0,0,0,0,0,0,0,0,0,0,0,0,0,0,0,0,0,0,0,0,0,0,0,0,0,0,0,0,0,0,0,0,0,0,1.87869733139808,6.97488983532932,20.9588436503409,35.3226019316778,41.5725914452114,31.4674698629845,16.8079102287059,6.26880858435529,1.19474242470021,0,0,0,0,0,0,0,0,8.11809128232822,30.75630650411,88.2968462703608,201.686680662115,306.228852192343,384.136499426884,394.749470115406,312.120919330644,184.323671497489,62.4803047312448,17.7227900139502,3.50731708789283,0,0,0,1.11164685511162,5.22702649740853,17.1473315894086,44.3557596781091,65.9068623623855,68.3227341918395,44.3557596781091,20.8268406156401,6.8226132234075,1.11164685511162,0,0,0,0,0,0,0,0,0,0,0,0,0,0,0,0,0,0,0,0,0,0,0,0,0,0,0,0,0,0,0,0,0,0,0,0,0,0,0,0,0,0,0,0,0,0,0,0,0,0,0,7.87370011549578,32.0574019374416,107.46101239482,198.170566412077,254.96546545227,214.503939976474,125.001796148626,50.8219377271104,10.7309072571225,0,0,0
0,0,0,0,0,0,0,0,0,0,0,0,0,0,0,0,0,0,0,0,0,0,0,0,0,0,0,0,0,0,0,0,0,0,0,0,0,0,0,0,0,0,0,0,0,3.65521283912021,13.544129613179,40.6073005959245,68.3131590290357,80.2602930865257,60.6292562777603,32.3323402093661,12.0403599891918,2.29067227172647,0,0,0,0,0,0,0,0,6.40126138779846,24.2519023757011,70.3875305441721,163.333729681631,253.681776509323,327.105721968619,345.467862706,276.812543507763,164.568252833964,56.0840457601484,15.9084654022635,3.14826460752463,0,0,0,2.36751899446663,11.1322084529735,36.5193613922166,94.4662444453869,140.36449416571,145.509673516624,94.4662444453869,44.5341149085092,15.2061125962958,4.44513681543125,3.56520643777284,4.2683270504153,3.29373427465675,1.78607765079569,0.67571895190908,0.130866436970515,0,0,0,0,0,0,0,0,0,0,0,0,0,0,0,0,0,0,0,0,0,0,0,0,0,0,0,0,0,0,0,0,0,0,0,0,0,0,0,0,0,0,0,0,0,6.48264176058378,26.3937728751551,88.4757148947384,163.15947657356,209.920336005011,176.607208644457,102.917542194206,41.843150111237,8.83506185066249,0,0,0
0,0,0,0,0,0,0,0,0,0,0,0,0,0,0,0,0,0,0,0,0,0,0,0,0,0,0,0,0,0,0,0,0,0,0,0,0,0,0,0,0,0,0,0,0,6.26989292632888,23.1853482338286,69.3482627225949,116.440419866908,136.550664347632,102.930210727991,54.7962326869118,20.3720007822673,3.86839546033151,0,0,0,0,0,0,0,0,4.43396874748224,16.9139555202301,49.7644427158818,117.674277563878,187.181125826346,247.936088598911,268.901736544284,219.832014937836,135.228217416698,51.8111862886332,18.8439978695955,6.15371097180514,1.19402689033137,0.315162007114517,0,4.42930447813223,20.8268406156401,68.3227341918395,176.733432987114,262.602785461077,272.228712853027,176.733432987114,83.4549975275081,28.970458341522,9.92091714703225,9.42364502429374,11.2821514469809,8.70608284554333,4.72100621961108,1.78607765079569,0.345909520003738,0,0,0,0,0,0,0,0,0,0,0,0,0,0,0,0,0,0,0,0,0,0,0,0,0,0,0,0,0,0,0,0,0,0,0,0,0,0,0,0,0,0,0,0,0,4.6885722246039,19.0893026292744,63.9900822423494,118.005130978395,151.824933896082,127.731206458131,74.4351373370971,30.2630684598883,6.38996062493254,0,0,0
0,0,0,0,0,0,0,0,0,0,0,0,0,0,0,0,0,0,0,0,0,0,0,0,0,0,0,0,0,0,0,0,0,0,0,0,0,0,0,0,0,0,0,0,0,9.4835279563833,34.994539207999,104.409927328013,174.958157528202,204.772809413726,154.004007967627,81.8359417958924,30.3709326618244,5.75531076816607,0,0,0,0,0,0,0,0,2.69795765523181,10.5264498410892,31.5251633525792,76.2843088812951,124.293142403238,168.655981040451,187.406639935449,157.74391092066,103.87495337386,49.0385687115686,23.9626306162949,10.6202449977028,2.89484490426161,0.764090941083515,0,7.27935725419456,34.2279502495037,112.285256798489,290.453231161916,431.575544367153,447.395311270712,290.453231161916,137.474289940271,48.8234261334074,20.0305135708982,21.8810717402552,26.1963990111475,20.2149404852202,10.961859822945,4.1471525200681,0.803178706681631,0,0,0,0,0,0,0,0,0,0,0,0,0,0,0,0,0,0,0,0,0,0,0,0,0,0,0,0,0,0,0,0,0,0,0,0,0,0,0,0,0,0,0,0,0,2.97882255417002,12.1281367741464,40.6552551811887,74.9730043234918,96.4599702659438,81.1523381621731,47.2913832400694,19.2272415925773,4.05977724517521,0,0,0
0,0,0,0,0,0,0,0,0,0,0,0,0,0,0,0,0,0,0,0,0,0,0,0,0,0,0,0,0,0,0,0,0,0,0,0,0,0,0,0,0,0,0,0,0,12.6503641215791,46.5776629207033,138.610270339306,231.778262675169,270.717875867079,203.111344515538,107.721933228057,39.9026239788511,7.5451306876166,0,0,0,0,0,0,0,0,1.44209232545726,6.25589825035171,19.3693359920643,48.7740379667574,81.2713480229261,111.458921076865,125.276032943587,111.506803400689,86.178063213394,57.9778087692985,37.8159870757527,20.0024999668206,6.16526756258946,1.62731519294718,0,10.5091107251772,49.4144340643015,162.104723713116,419.323445762633,623.05984218862,645.898628118545,419.323445762632,199.122205647926,72.957462617957,36.5175730474104,44.6306998198284,53.432648752576,41.2323012045037,22.3588442573786,8.45892383277042,1.6382391221559,0,0,0,0,0,0,0,0,0,0,0,0,0,0,0,0,0,0,0,0,0,0,0,0,0,0,0,0,0,0,0,0,0,0,0,0,0,0,0,0,0,0,0,0,0,1.66250933137302,6.76882902305155,22.690086394525,41.843150111237,53.8352311206323,45.2918953727147,26.3937728751551,10.7309072571225,2.2658004733955,0,0,0
0,0,0,0,0,0,0,0,0,0,0,0,0,0,0,0,0,0,0,0,0,0,0,0,0,0,0,0,0,0,0,0,0,0,0,0,0,0,0,0,0,0,0,0,0,14.8836264814408,54.6766454635552,162.27802758619,270.762189413782,315.574092691065,236.171745933191,125.000850030168,46.2113489914659,8.71791169512444,0,0,0,0,0,0,0,0,0.677121240472384,4.23243938073149,13.8960478085731,37.4637111327226,63.6584354103777,87.1574329953443,100.16150962339,101.24409138975,99.9350050184634,89.8223748216685,66.3598159794296,36.8396293300477,11.6563080423484,3.04448432654599,0,13.3276732497913,62.6674747516525,205.581504124809,531.786753156194,790.165619995063,819.429755278881,533.089722662885,256.678262804062,101.715445574786,65.1202918952307,83.7224733254979,97.6333104126978,74.3969359196219,40.1802345603671,15.1563859652161,2.93533609352521,0,0,0,0,0,0,0,0,0,0,0,0,0,0,0,0,0,0,0,0,0,0,0,0,0,0,0,0,0,0,0,0,0,0,0,0,0,0,0,0,0,0,0,0,0,0.815077650484322,3.31855055037947,11.1242577462479,20.5144210850012,26.3937728751551,22.2052357660368,12.9400623362103,5.26103674105518,1.11085290859465,0,0,0
0,0,0,0,0,0,0,0,0,0,0,0,0,0,0,0,0,0,0,0,0,0,0,0,0,0,0,0,0,0,0,0,0,0,0,0,0,0,0,0,0,0,0,0,0,15.4462608557693,56.6130388921987,167.566341795464,278.95789064024,324.40678890812,242.14976402152,127.892750590859,47.1822944434396,8.87951417509625,0,0,0,0,0,0,0,0,0.279289908743759,4.16333487854829,14.5508332598192,41.914790541899,71.7554232023362,96.2731496383603,110.415437850442,122.647833891986,139.908922626621,140.998550648787,107.832203553828,60.5249144720699,19.251833087595,5.00346932055335,0,14.8476643351775,69.8145589561419,229.027611163403,592.435833380048,880.282227437401,913.342541571177,595.879875772221,292.352000984868,127.568381961493,101.918781850681,135.791408822279,155.697626345239,117.652750537488,63.3691076827313,23.8556708127545,4.62012591475567,0,0,0,0,0,0,0,0,0,0,0,0,0,0,0,0,0,0,0,0,0,0,0,0,0,0,0,0,0,0,0,0,0,0,0,0,0,0,0,0,0,0,0,0,0,0.351034105485275,1.42921895020422,4.7909470524942,8.83506185066249,11.3671555662288,9.5632545802092,5.57296989362446,2.2658004733955,0.478417310133005,0,0,0
0,0,0,0,0,0,0,0,0,0,0,0,0,0,0,0,0,0,0,0,0,0,0,0,0,0,0,0,0,0,0,0,0,0,0,0,0,0,0,0,0,0,0,0,0,14.1406307715537,51.7072583944248,152.621554198419,253.496025114045,294.127820857883,218.959328744422,115.390391696749,42.4780337765551,7.97395934340491,0,0,0,0,0,0,0,0,0.101195100512293,5.51195835722043,19.8864280434756,59.398904982262,102.609141266584,137.181204065954,157.633784630095,178.96289623383,207.930325250915,209.476633694528,158.759487190515,88.4652955455781,27.9964278632097,7.22344174953404,0,14.5303936443867,68.3227341918395,224.133659713287,579.776433095765,861.472012976383,894.890882848467,587.773268552251,299.237446382655,151.388335047898,147.808503778977,197.073933681351,219.978889777204,163.959382653562,87.9112983510038,32.9839790087838,6.38800465458985,0,0,0,0,0,0,0,0,0,0,0,0,0,0,0,0,0,0,0,0,0,0,0,0,0,0,0,0,0,0,0,0,0,0,0,0,0,0,0,0,0,0,0,0,0,0.132805198999707,0.540710159298144,1.81253806043711,3.34253033798499,4.30048628735585,3.61802431092503,2.10839734423817,0.857210390844896,0.180997530109745,0,0,0
0,0,0,0,0,0,0,0,0,0,0,0,0,0,0,0,0,0,0,0,0,0,0,0,0,0,0,0,0,0,0,0,0,0,0,0,0,0,0,0,0,0,0,0,0,11.5944735986469,42.3721692859829,125.009372297977,207.59826918973,240.88527133811,179.391977655666,94.5964202287481,34.8547187248853,6.55274479085714,0,0,0,0,0,0,0,0,0,7.52292797733159,27.6327349056999,84.5976066340353,148.551997634339,201.460868592076,234.753127627208,263.509693664356,295.257062965083,283.910943339411,209.172197610152,114.632638476316,35.884557556061,9.16078190574652,0,12.491427000493,58.7353975066702,192.682271188395,498.419737817614,740.5865956852,771.488265079798,514.730838434792,281.934487944627,176.337884139249,200.65919072244,258.377115631642,276.777097940573,201.767457480793,107.375503723303,40.0617478062808,7.75875558826227,0,0,0,0,0,0,0,0,0,0,0,0,0,0,0,0,0,0,0,0,0,0,0,0,0,0,0,0,0,0,0,0,0,0,0,0,0,0,0,0,0,0,0,0,0,0,0,0,0,0,0,0,0,0,0,0,0
0,0,0,0,0,0,0,0,0,0,0,0,0,0,0,0,0,0,0,0,0,0,0,0,0,0,0,0,0,0,0,0,0,0,0,0,0,0,0,0,0,0,0,0,0,8.5590344488725,31.3352635778792,92.6947040312015,154.350215394503,179.666430682514,134.398748658432,71.1765600995973,26.3538037447415,4.98766622486691,0,0,0,0,0,0,0,0.0323641658030747,0.140590557287465,10.1388248110637,36.7488111621118,113.062148970526,200.834928907856,276.686953962766,327.909819927206,361.996134472145,386.220006723827,348.249531601359,246.495083916546,131.835087704815,40.6006976972679,10.2055484280741,0,9.43326780086215,44.3557596781091,145.509673516624,376.39629674684,559.275708576097,586.504217620297,405.621921821474,254.905344724356,207.448769948795,257.304501981477,309.744091763628,312.497527402917,219.978889777204,115.638919032055,42.7437061079235,8.27817024438204,0,0,0,0,0,0,0,0,0,0,0,0,0,0,0,0,0,0,0,0,0,0,0,0,0,0,0,0,0,0,0,0,0,0,0,0,0,0,0,0,0,0,0,0,0,0,0,0,0,0,0,0,0,0,0,0,0
0,0,0,0,0,0,0,0,0,0,0,0,0,0,0,0,0,0,0,0,0,0,0,0,0,0,0,0,0,0,0,0,0,0,0,0,0,0,0,0,0,0,0,0,0,6.01471506850455,22.2390839619882,66.6581144221929,112.34504941603,132.500337608633,100.832494749403,54.2336149962416,20.4158288619036,3.94691952283157,0,0,0,0,0,0,0,0.0819289015595555,0.355900720515821,12.2287963149213,43.7885320727834,135.736192716954,244.90080499921,344.730143261441,418.270368082016,455.93225907132,463.029193278372,387.914820275314,260.989337690026,135.041875230037,40.6333907159766,9.98747228312766,0,6.25788688019526,29.4249386755844,96.5289119384437,249.695598268805,371.015028195256,395.204217579334,295.695805222991,233.098893629579,246.583457638495,312.720494909551,343.933890449261,319.948582105685,213.580216126642,110.07531045211,40.0617478062808,7.75875558826226,0,0,0,0,0,0,0,0,0,0,0,0,0,0,0,0,0,0,0,0,0,0,0,0,0,0,0,0,0,0,0,0,0,0,0,0,0,0,0,0,0,0,0,0,0,0,0,0,0,0,0,0,0,0,0,0,0
0,0,0,0,0,0,0,0,0,0,0,0,0,0,0,0,0,0,0,0,0,0,0,0,0,0,0,0,0,0,0,0,0,0,0,0,0,0,0,0,0,0,0,0,0,4.52217831948717,17.1421553476359,53.0180618828348,91.8234113541751,111.382459690972,87.7487754746893,48.6067257680355,18.8510971598528,3.77799122436028,0,0,0,0,0,0,0,0.182190313080307,1.07363556972504,14.6459807954456,49.8096192240977,150.951814931799,272.657429200161,388.705093509345,480.664368747666,519.253531842855,505.224125452399,393.055044108805,249.42771921208,123.731734563726,36.073257665989,8.58598768880096,0,3.64677264298791,17.1473315894086,56.2520547356908,145.509673516624,216.208359285272,238.77495375542,209.111735788768,222.597190288104,287.808854896478,358.481287142541,357.314656839117,300.83548888532,186.083697086101,92.9678118010784,32.9839790087838,6.38800465458985,0,0,0,0,0,0,0,0,0,0,0,0,0,0,0,0,0,0,0,0,0,0,0,0,0,0,0,0,0,0,0,0,0,0,0,0,0,0,0,0,0,0,0,0,0,0,0,0,0,0,0,0,0,0,0,0,0
0,0,0,0,0,0,0,0,0,0,0,0,0,0,0,0,0,0,0,0,0,0,0,0,0,0,0,0,0,0,0,0,0,0,0,0,0,0,0,0,0,0,0,0,0,4.16059073832665,16.3082274580156,52.4610352199257,93.7971910753192,117.337142640656,95.7757402580088,54.567675972031,21.7377919701133,4.49062113155991,0,0,0.0581917194625171,0.273620761990819,0.897616634989199,2.32190457955838,3.45004677304786,3.93241187846303,4.61385541608932,18.2244458902225,54.0483394706858,154.73989684376,275.80472237617,394.87891331519,495.49169581619,532.337983665384,500.23548682286,363.036618887719,216.282389323077,101.950430203097,28.5137069488087,6.48396065558949,0,1.86683142589797,8.77794713716325,28.7961750930214,74.4883374660898,110.679935156276,132.520054341748,151.738258648354,218.076721629595,317.634479717425,383.01399290647,348.48197889812,263.020133506961,147.018775331079,70.0807144896581,23.8556708127545,4.62012591475567,0,0,0,0,0,0,0,0,0,0,0,0,0,0,0,0,0,0,0,0,0,0,0,0,0,0,0,0,0,0,0,0,0,0,0,0,0,0,0,0,0,0,0,0,0,0,0,0,0,0,0,0,0,0,0,0,0
0,0,0,0,0,0,0,0,0,0,0,0,0,0,0,0,0,0,0,0,0,0,0,0,0,0,0,0,0,0,0,0,0,0,0,0,0,0,0,0,0,0,0,0,0,4.6042316879605,18.469295660898,60.9467250708965,111.106227090021,141.492266468606,117.759042355317,68.0831655028194,27.4865180085166,5.7607824874536,0,0,0.147310568251164,0.692662638369831,2.27228921560101,5.87783083570926,8.73368849253784,9.66455731588154,10.3850050385878,24.5082569464493,61.7472878956008,158.519507899136,269.051199102943,377.207991108568,471.717452431342,501.237828151802,455.332624396625,308.605896657311,171.821385029935,76.1943625924555,20.1603094153674,4.30136122231231,0,0.839492756419286,3.94734250540879,12.9493108310756,33.4965540396444,49.7715018912096,70.5694682620937,115.91801862081,208.369540243734,321.530188941618,375.844930149623,317.48622282509,215.589229525027,106.672518523965,47.5568209872819,15.1563859652161,2.93533609352521,0,0,0,0,0,0,0,0,0,0,0,0,0,0,0,0,0,0,0,0,0,0,0,0,0,0,0,0,0,0,0,0,0,0,0,0,0,0,0,0,0,0,0,0,0,0,0,0,0,0,0,0,0,0,0,0,0
0,0,0,0,0,0,0,0,0,0,0,0,0,0,0,0,0,0,0,0,0,0,0,0,0,0,0,0,0,0,0,0,0,0,0,0,0,0,0,0,0,0,0,0,0,5.24403320421179,21.2624767280829,70.9713945053734,130.481575908436,167.433794080193,140.480920216342,81.7066918087847,33.1637267041411,6.99036852646631,0,0,0.327583527166029,1.54031630525275,5.05302861040334,13.0708921980665,19.4216376701288,21.0541783459653,20.899037372651,35.6551675444141,76.5683074796896,170.323981097688,263.792800765264,347.316355065994,417.7207657745,433.32511246682,380.050438622855,241.390287633964,125.604947585172,52.0164987753286,12.8184650925896,2.50661073513175,0,0.331622690430971,1.559308679779,5.11533335361315,13.2320586280857,19.6611099235137,38.164857023469,90.4819798103499,185.250443633362,292.815553948264,334.138753496826,267.246161405191,165.763202297032,71.9686481992071,29.3836382892472,8.45892383277042,1.6382391221559,0,0,0,0,0,0,0,0,0,0,0,0,0,0,0,0,0,0,0,0,0,0,0,0,0,0,0,0,0,0,0,0,0,0,0,0,0,0,0,0,0,0,0,0,0,0,0,0,0,0,0,0,0,0,0,0,0
0,0,0,0,0,0,0,0,0,0,0,0,0,0,0,0,0,0,0,0,0,0,0,0,0,0,0,0,0,0,0,0,0,0,0,0,0,0,0,0,0,0,0,0,0,5.66182723816277,23.051864918875,77.2731597714948,142.500666047197,183.340792246774,154.245682746017,89.8864020564741,36.5450838994073,7.71639027488526,0,0,0.639919935238893,3.00893979264464,9.87086795573433,25.5334099405493,37.9393104031238,40.5490880169519,37.7897977682916,53.4149155888862,102.678239351261,202.511065058221,281.84679786016,335.857425609409,370.305409155303,364.769173212668,303.967979375678,178.89287061395,86.4565701757095,33.0451793379839,7.37004512987123,1.2831673786505,0,0,0,0,0,0,14.6412940421332,63.6020622721441,146.663009328534,236.590352840199,266.1705744935,205.166727360382,118.681345950345,45.521051166718,16.7455730051206,4.1471525200681,0.803178706681631,0,0,0,0,0,0,0,0,0,0,0,0,0,0,0,0,0,0,0,0,0,0,0,0,0,0,0,0,0,0,0,0,0,0,0,0,0,0,0,0,0,0,0,0,0,0,0,0,0,0,0,0,0,0,0,0,0
0,0,0,0,0,0,0,0,0,0,0,0,0,0,0,0,0,0,0,0,0,0,0,0,0,0,0,0,0,0,0,0,0,0,0,0,0,0,0,0,0,0,0,0,0,5.54084310231227,22.5592836655731,75.6219567117515,139.455656156462,179.423094587861,150.949700751032,87.9656743090406,35.764174272679,7.55150343358433,0,0,1.09810700011883,5.16336133207929,16.9384771477607,43.8155066729616,65.1041169983219,68.908633156504,61.1188566310792,77.2009241101316,139.491403195784,258.292051899607,333.755583189137,363.305147512303,360.311640885543,328.472913918568,253.672403664755,134.508020157032,59.2788388729414,20.4201516369091,3.85030790468031,0.577025705003048,0,0,0,0,0,0,10.5893194647274,46.000206954186,105.753794352248,169.900678621877,188.777268289026,141.985039876298,78.1719117372427,27.0087335296277,8.90407818047508,1.78607765079569,0.345909520003738,0,0,0,0,0,0,0,0,0,0,0,0,0,0,0,0,0,0,0,0,0,0,0,0,0,0,0,0,0,0,0,0,0,0,0,0,0,0,0,0,0,0,0,0,0,0,0,0,0,0,0,0,0,0,0,0,0
0,0,0,0,0,0,0,0,0,0,0,0,0,0,0,0,0,0,0,0,0,0,0,0,0,0,0,0,0,0,0,0,0,0,0,0,0,0,0,0,0,0,0,0,0,4.76332842919618,19.3936690215397,65.0103620739968,119.886645284193,154.245682746017,129.767796649212,75.6219567117515,30.7455932092151,6.49184435006902,0,0.109540054649394,2.64481279264965,10.6689863555593,31.4731409265381,75.0929671533746,107.219581644067,110.627094986028,94.3341375232358,109.504174195084,185.909472989518,331.568680959282,414.23857993389,431.632877178114,401.06991118175,342.231164288109,243.979179412517,114.481504516309,45.088323449257,13.5426425740256,1.83337868685155,0.227940998034492,0,0,0,0,0,0,6.7277845245322,29.2256250746344,67.0681155206619,107.485114449759,118.525742892387,87.7863411203572,46.7658544533319,14.9220821057392,4.4437372763314,0.67571895190908,0.130866436970515,0,0,0,0,0,0,0,0,0,0,0,0,0,0,0,0,0,0,0,0,0,0,0,0,0,0,0,0,0,0,0,0,0,0,0,0,0,0,0,0,0,0,0,0,0,0,0,0,0,0,0,0,0,0,0,0,0
0,0,0,0,0,0,0,0,0,0,0,0,0,0,0,0,0,0,0,0,0,0,0,0,0,0,0,0,0,0,0,0,0,0,0,0,0,0,0,0,0,0,0,0,0,3.59716729676235,14.6456984869902,49.0944833805474,90.5359196085547,116.483155400305,97.997961135387,57.1081405878609,23.2184372872249,5.06159784173362,0.696088212457413,2.41443137252184,9.75626692430272,24.6004920483681,55.5390128367432,114.202090787179,154.493423226998,155.345050565761,128.941709796805,141.451007222494,228.568264147688,400.684677613825,498.681402075252,519.653031934396,479.744654281025,398.665591761088,269.853878550884,114.246039867768,39.9065301034823,9.95190366259734,0.496452726462848,0,0,0,0,0,0,0,3.7548408299259,16.3111006171788,37.3318143775265,59.6113442356294,64.9908113127177,47.0046200343857,23.7182761251501,6.48989203823595,1.4832652320566,0,0,0,0,0,0,0,0,0,0,0,0,0,0,0,0,0,0,0,0,0,0,0,0,0,0,0,0,0,0,0,0,0,0,0,0,0,0,0,0,0,0,0,0,0,0,0,0,0,0,0,0,0,0,0,0,0,0,0
0,0,0,0,0,0,0,0,0,0,0,0,0,0,0,0,0,0,0,0,0,0,0,0,0,0,0,0,0,0,0,0,0,0,0,0,0,0,0,0,0,0,0,0,0,2.38630626284343,9.71573439319247,32.5685361555211,60.0601568263553,77.2731597714948,65.0103620739968,37.884674884822,15.4027593773053,3.63795510440186,1.6876231440564,5.82396125937612,20.4328569258977,45.2449275880594,88.9871115101096,161.74866911997,205.741625394284,200.794784421399,164.661835664258,173.482054767841,262.278411440724,445.620770988747,556.25088286989,591.988009061317,563.281834951055,472.750296788667,318.667362637786,134.321384663672,48.2868336922398,13.3875151500298,1.32754363656696,0.313237586863527,0.0619893109443828,0,0,0,0,0,1.84088400819443,7.99683545648655,18.3026506840844,29.2256250746344,31.8630138118331,23.0449324623605,11.6283478310824,3.18179624895916,0.727199732100943,0,0,0,0,0,0,0,0,0,0,0,0,0,0,0,0,0,0,0,0,0,0,0,0.165764153495985,0.674901001751698,2.26236502434121,4.17206341456521,5.36776025648066,4.51592815451226,2.63164923988852,1.06994873601808,0.225916625173478,0,0,0,0,0,0,0,0,0,0,0,0,0,0,0,0,0,0,0,0,0,0,0,0,0,0,0
0,0,0,0,0,0,0,0,0,0,0,0,0,0,0,0,0,0,0,0,0,0,0,0,0,0.0875262570810189,0.492718900198666,1.39959589747147,2.77370383139154,3.91879242027901,3.51761622112486,2.20291955335442,0.781127844100813,0.22157005819028,0.0438484262717374,0,0,0,0,0,0,0,0,0,0,1.39061580430111,5.66182723816277,18.979257527009,34.9999514278663,45.0307988122546,37.8846748848219,22.0772280808868,8.97593110886173,2.71669663572811,3.59419885072568,12.3429875022448,39.8126130782841,80.3922515196903,140.167515306354,222.578951608198,261.334604970527,245.294150050399,201.882334831726,207.874070000385,286.818889638776,455.658095824873,565.609425112061,617.245424206415,611.742919128249,524.346414485888,357.506953878767,154.379209296902,58.6759917786021,18.352991709209,2.76548381029977,0.759425302309092,0.15028927937815,0,0,0,0,0,0.792823936142399,3.44404239217289,7.88250617236204,12.5867653826924,13.7226245190941,9.92489150952238,5.00804638273438,1.37032220111311,0.3131872249417,0,0,0,0,0,0,0,0,0,0,0,0,0,0,0,0,0,0,0,0,0,0,0,0.438152058671401,1.78391562397753,5.97994121150737,11.0277049376882,14.1882014731761,11.9366170307721,6.95604271394003,2.82811591934767,0.597148613377693,0,0,0,0,0,0,0,0,0,0,0,0,0,0,0,0,0,0,0,0,0,0,0,0,0,0,0
0,0,0,0,0,0,0,0,0,0,0,0,0,0,0,0,0,0,0,0,0,0,0,0,0,0.22157005819028,1.24730291262672,3.54303445374772,7.02154690283568,9.92030384428661,8.9047384956066,5.57662386012271,1.97740138380713,0.560897864523111,0.111000957707901,0,0,0,0,0,0,0,0,0,0,0.711874728415392,2.89836467774622,9.71573439319247,17.9169407108717,23.051864918875,19.3936690215397,11.3016267294219,4.59489853389631,2.50702859113063,6.72425484316063,22.9835749549036,70.4569970172582,133.944770679019,213.399279269867,299.833974787946,323.052879865487,290.589401454232,245.820852724779,254.827907988862,317.03701948884,445.461972065436,534.185399513462,589.376191516974,602.67039637214,526.886734077196,366.885817003804,168.193835095987,71.3776785193121,26.5159252100979,5.70194125023783,1.6173785944951,0.320077119776265,0,0,0,0,0,0.299945614872853,1.30296950669124,2.98215411117902,4.76189593914318,5.19162056215932,3.7548408299259,1.89467230125508,0.518428009611669,0.11848675408633,0,0,0,0,0,0,0,0,0,0,0,0,0,0,0,0,0,0,0,0,0,0,0,1.01735969513007,4.14213243879482,13.885022442397,25.6055912812789,32.9440522748286,27.7160242043233,16.1514646678246,6.56669549430975,1.38653903189551,0,0,0,0,0,0,0,0,0,0,0,0,0,0,0,0,0,0,0,0,0,0,0,0,0,0,0
0,0,0,0,0,0,0,0,0,0,0,0,0,0,0,0,0,0,0,0,0,0,0,0,0,0.492718900198666,2.77370383139155,7.87886257590531,15.6142436208031,22.0603868578481,19.8020120315358,12.4010798102586,4.39726848942765,1.24730291262672,0.246839623772031,0,0,0,0,0,0,0,0,0,0,0.320121929431956,1.30336147049758,4.36905471657974,8.05704346697273,10.3661601968388,8.72111131091786,5.08221237519642,2.06627335611307,2.9619949600912,11.0510021411431,37.7064195421676,112.108091339786,205.419233176239,308.114665250463,393.681899474404,392.39659489284,338.943053868732,299.080665116958,319.200526329055,363.99551743827,434.47536624969,482.514641287306,523.342002733231,542.585826192325,483.688854056443,349.979842356349,179.20998063669,89.1323584844708,39.4515329867399,10.6675528148889,3.02589430884219,0.598820547284383,0,0,0,0,0,0,0,0,0,0,0,0,0,0,0,0,0,0,0,0,0,0,0,0,0,0,0,0,0,0,0,0,0,0,0,0,0,2.07510288806413,8.44868440103515,28.3212027260129,52.2275815257046,67.1957994279425,56.5322197717826,32.9440522748286,13.3940521238536,2.82811591934767,0,0,0,0,0,0,0,0,0,0,0,0,0,0,0,0,0,0,0,0,0,0,0,0,0,0,0
0,0,0,0,0,0,0,0,0,0,0,0,0,0,0,0,0,0,0,0,0,0,0,0,0,0.962504584506491,5.418307787059,15.3910096546891,30.5017344830176,43.0939902611899,38.6823548987485,24.2249610587133,8.58986955579241,2.43655108660831,0.482190290290553,0,0,0,0,0,0,0,0,0,0,0.126456952358928,0.514863569870517,1.72589658299405,3.1827534079428,4.09491792231402,3.44507844095093,2.00761344075547,0.816234713498603,3.8186753885345,15.9541840124034,54.3140932732778,158.128279682335,282.788506530126,407.582177649436,487.337277804538,458.01541439658,384.22349363318,357.015073860804,398.014413627796,433.935045918136,447.872983036243,446.993275448994,457.044138999589,462.017486251152,415.868519820929,318.155867578865,190.505434494085,112.480073480515,57.0821396291341,17.5316301579497,4.97291748540725,0.984133901012255,0,0,0,0,0,0,0,0,0,0,0,0,0,0,0,0,0,0,0,0,0,0,0,0,0,0,0,0,0,0,0,0,0,0,0,0,0,3.71809238513193,15.1380393312338,50.7448805546224,93.5794433526796,120.398940988879,101.292334494391,59.0279309054881,23.9989657834359,5.06731320383183,0,0,0,0,0,0,0,0,0,0,0,0,0,0,0,0,0,0,0,0,0,0,0,0,0,0,0
0,0,0,0,0,0,0,0,0,0,0,0,0,0,0,0,0,0,0,0,0,0,0,0,0,1.65166447189753,9.2978533440229,26.4110781833999,52.3411856813988,73.9495830071294,66.3791864517225,41.5701994129131,14.7402751030126,4.18113838468383,0.827441847017498,0,0,0,0,0,0,0,0,0,0,0,0,0,0,0,0,0,0,4.62428199855739,20.23312505167,68.8477949243068,197.623809959392,347.983071773781,488.794860520612,559.045268464776,504.605399485677,416.487889171467,410.795015870966,485.054407089041,532.3588756675,513.7003287722,469.40105270857,436.342257256111,401.481422049295,353.206817103765,287.196827006484,204.265462242477,139.207940430638,77.1103888260997,25.3101800185154,7.17933447368592,1.42078095262859,0,0,0,0,0,0,0,0,0,0,0,0,0,0,0,0,0,0,0,0,0,0,0,0.136698311620917,0.769527271096794,2.18588572751162,4.33196441082499,6.12036119571665,5.49380510939725,3.44051480804791,1.21996371157318,0.346047618971337,0.0684823736154101,0,0,0,0,5.85215949202385,23.826793792744,79.8708325798668,147.291075892742,189.504114571022,159.430921929492,92.9080911287855,37.7736109973789,7.97579026907638,0,0,0,0,0,0,0,0,0,0,0,0,0,0,0,0,0,0,0,0,0,0,0,0,0,0,0
0,0,0,0,0,0,0,0,0,0,0,0,0,0,0,0,0,0,0,0,0,0,0,0,0,2.48975310338188,14.0157759714207,39.8126041878445,78.9001832407491,111.473127211045,100.061355245034,62.6637763041533,22.2197948232583,6.30273426961596,1.24730291262672,0,0,0,0,0,0,0,0,0,0,0,0,0,0,0,0,0,0,5.15167093452409,22.5406673459354,76.8885807266673,218.828213750563,382.031331251749,528.389401472768,587.197814195987,516.382346909253,424.257823779966,448.430951916969,568.156644886469,653.789009532412,642.993106088994,573.92552640969,494.491327731488,398.0325208995,326.682675207884,273.963206722106,220.786343995545,164.052252352145,94.9461005539593,32.0984161268774,9.10484497865393,1.8018369766336,0,0,0,0,0,0,0,0,0,0,0,0,0,0,0,0,0,0,0,0,0,0,0,0.346047618971337,1.94803488601251,5.53350324798802,10.9662361740917,15.4935082511892,13.9074005717901,8.70955861300064,3.08830103763136,0.876009024367555,0.173361046307846,0,0,0,0,8.09147256248048,32.9440522748286,110.433191583944,203.65160944583,262.017353699685,220.436734877388,128.459122008826,52.2275815257046,11.0277049376882,0,0,0,0,0,0,0,0,0,0,0,0,0,0,0,0,0,0,0,0,0,0,0,0,0,0,0
0,0,0,0,0,0,0,0,0,0,0,0,0,0,0,0,0,0,0,0,0,0,0,0,0,3.29690302413584,18.559532719538,52.7194021637475,104.478734207807,147.611459832209,132.500119894774,82.9786669691507,29.4232021034424,8.34600974915795,1.65166447189753,0,0,0,0,0,0,0,0,0,0,0,0,0,0,0,0,0,0,5.0415880178292,22.0590095620383,75.8078824622439,215.246049774983,375.305394645187,515.990152323709,564.069955471688,488.39072862126,403.184577762521,462.505727684043,636.651732765969,787.320776857224,830.634059789991,762.694318927092,640.396288765755,465.268775192923,347.740401017117,282.073772479342,234.209814733312,179.047706138058,104.961629147364,35.7591681166244,10.1432320205627,2.00733242137263,0,0,0,0,0,0,0,0,0,0,0,0,0,0,0,0,0,0,0,0,0,0,0,0.769527271096794,4.331964410825,12.3051898657398,24.3862905987823,34.4538626206841,30.9267378919491,19.3679785800668,6.86764404528588,1.94803488601251,0.385513569711374,0,0,0,0,9.82775707846553,40.013253513157,134.130168755579,247.351582893906,318.241566367432,267.738494423191,156.024139718358,63.4346813966123,13.3940521238536,0,0,0,0,0,0,0,0,0,0,0,0,0,0,0,0,0,0,0,0,0,0,0,0,0,0,0
0,0,0,0,0,0,0,0,0,0,0,0,0,0,0,0,0,0,0,0,0,0,0,0,0,3.89612513714007,21.9043274059018,62.1582551602525,123.069798833213,173.697858196856,155.791782158833,97.4927700730058,34.541265728831,9.79155535787227,1.92126447556168,0,0,0,0,0,0,0,0,0,0,0,0,0,0,0,0,0,0,4.33413094184149,18.9635955082212,66.2139334207203,189.13705617488,332.516947869247,459.447351172362,499.989439814793,429.793405237306,359.028760477613,452.229633669982,680.305529573327,908.721437922581,1036.34974624807,990.980416197191,835.774171232315,580.364819754518,403.897047929969,303.504292812009,237.59350411392,178.273482155011,103.500761384738,34.9950522453095,9.92648747695189,1.96443895815857,0,0,0,0,0,0,0,0,0,0,0,0,0,0,0,0,0,0,0,0,0,0,0,1.50323749715059,8.46230092585619,24.0376442921549,47.6375403723533,67.3040971494989,60.4140149542252,37.8344897433838,13.4156389691589,3.80540001166916,0.753083711802099,0,0,0,0,10.4856823095506,42.6919653345749,143.109595248258,263.910686465088,339.546443403104,285.662412302655,166.46927153831,67.6813550865962,14.2907251661758,0,0,0,0,0,0,0,0,0,0,0,0,0,0,0,0,0,0,0,0,0,0,0,0,0,0,0
0,0,0,0,0,0,0,0,0,0,0,0,0,0,0,0,0,0,0,0,0,0,0,0,0,4.08021686294742,22.8938897615528,64.8669125399718,128.249224701897,180.720170782386,161.8911006438,101.193549051457,35.8067552375461,10.1403059650047,1.9632152252985,0,0,0,0,0,0,0,0,0,0,0,0,0,0,0,0,0,0,3.2730462145582,14.3209158480626,51.5273512913153,149.869071935778,269.134188581886,378.822817016361,415.733891277373,357.364615282796,303.193680849142,421.051350690704,689.842484906659,988.359007731164,1206.45521157241,1196.85583885493,1023.54343450347,702.452656683105,469.298813762262,324.996510471675,227.326590654608,161.351031688613,90.9796070810583,30.0843976563288,8.5335605300379,1.68878052744578,0,0,0,0,0,0,0,0,0,0,0,0,0,0,0,0,0,0,0,0,0,0,0,2.579565860604,14.5213664586425,41.2487625560965,81.7463461765666,115.494292561696,103.670864233589,64.9242440269092,23.0213285316713,6.53009253338262,1.29229681725205,0,0,0,0,9.82775707846553,40.013253513157,134.130168755579,247.351582893906,318.241566367432,267.738494423191,156.024139718358,63.4346813966123,13.3940521238536,0,0,0,0,0,0,0,0.165143731851958,0.782126269019065,1.92372020459687,3.30111707201189,3.92380135707651,3.0497539580155,1.6537756025886,0.493348685491007,0.121172626824551,0,0,0,0,0,0,0,0,0,0,0
0,0,0,0,0,0,0,0,0,0,0,0,0,0,0,0,0,0,0,0,0,0,0,0,0,3.89243295090962,21.7373498742342,61.3642694911926,120.906766104148,169.718385837665,151.581588577864,94.4842643862145,33.3282942744796,9.41556866525231,1.76223616396033,0,0,0,0,0,0,0,0,0,0,0,0,0,0,0,0,0,0,2.17128924957315,9.500278513219,36.0452980843507,108.553615888583,202.342323816867,294.389329279092,329.769989359897,284.865526963617,245.077402971876,372.92937749883,658.844597759701,1002.01206301865,1294.37537497568,1323.98312464244,1148.17985470513,787.645326459171,514.79316570505,333.324429177308,204.405740391255,133.354951463388,71.5620282285711,22.7191160552416,6.44436874758485,1.27533219156215,0,0,0,0,0,0,0,0,0,0,0,0,0,0,0,0,0,0,0,0,0,0,0,3.88849080191103,21.8898074160391,62.1792357540493,123.226128881619,174.098479576801,156.275599764717,97.8681450143517,34.7028256228416,9.84359621883841,1.94803488601251,0,0,0,0,8.09147256248048,32.9440522748286,110.433191583944,203.65160944583,262.017353699685,220.436734877388,128.459122008826,52.2275815257046,11.0277049376882,0,0,0,0,0,0,0,0.43651214428194,2.06733619835356,5.0848265452778,8.72559724471643,10.3714923049533,8.06118781994753,4.37130205519544,1.30403188887246,0.320286592596054,0,0,0,0,0,0,0,0,0,0,0
0,0,0,0,0,0,0,0,0,0,0,0,0,0,0,0,0,0,0,0,0,0,0,0,0,3.53821542173096,19.5617414094293,54.787269253542,107.140311812037,149.121622125179,132.300787126965,81.947721126086,28.701410114427,8.06348434680587,1.38955499762577,0,0,0,0,0,0,0,0,0,0,0,0,0,0,0,0,0,0,1.26531501558718,5.53627070064453,22.9591428939343,73.1089546453012,143.796956232581,218.936532033098,252.81676508839,220.400078764604,191.209861054657,312.227457633832,585.665026108378,936.050017056854,1269.6734263233,1333.87553381296,1170.71388965466,803.224409399498,517.36432953748,318.508352542391,172.203077696917,101.427760765278,50.718583102996,15.0715172401589,4.27509655063179,0.84603604582688,0,0,0,0,0,0,0,0,0,0,0,0,0,0,0,0,0,0,0,0,0,0,0,5.14909573432451,28.9862364945594,82.3370438287742,163.17465230208,230.539246254799,206.938389498579,129.595895603505,45.9530909256011,13.0347792711568,2.579565860604,0,0,0,0,5.85215949202385,23.826793792744,79.8708325798667,147.291075892742,189.504114571022,159.430921929492,92.9080911287854,37.7736109973788,7.97579026907638,0,0,0,0,0,0,0,1.01355192390023,4.80021600461239,11.80662621917,20.2602516113474,24.0819095576233,18.717537486315,10.1498702064306,3.02787458976229,0.743683987668177,0,0,0,0,0,0,0,0,0,0,0
0,0,0,0,0,0,0,0,0,0,0,0,0,0,0,0,0,0,0,0,0,0,0,0,0,3.29108798587344,17.8885153742895,49.4176217867231,95.3614367945174,130.698351366267,114.532441805957,70.10280559946,24.2192997221286,6.7305274601877,0.962504584506492,0,0,0,0,0,0,0,0,0,0,0,0,0,0,0,0,0,0,0.647731587901618,2.83409061601751,13.531543216639,46.5009582718861,97.5317597402478,156.031475292466,186.037609494508,163.557031520715,141.816593848783,244.001406468525,481.350201850427,806.139889895741,1148.27357549218,1239.23654625291,1099.99095409145,753.847160723359,479.803215097771,284.326140576998,137.251430695172,72.1994478282126,32.844919166592,8.78290033232707,2.49130504361074,0.493026027151015,0,0,0,0,0,0,0,0,0,0,0,0,0,0,0,0,0,0,0,0,0,0,0,5.9895789271646,33.7176390270394,95.7768602658444,189.809533421729,268.170001588308,240.716793960459,150.749740421287,53.4539809021761,15.1624369153441,3.00062654048397,0,0,0,0,3.71809238513193,15.1380393312338,50.7448805546224,93.5794433526796,120.398940988879,101.292334494391,59.0279309054881,23.9989657834359,5.06731320383183,0,0,0,0,0,0,0,2.06733619835356,9.79097377474677,24.0819095576233,41.3247220553967,49.1197364239346,38.1780566708367,20.7026335716469,6.17593888964558,1.51688807607027,0,0,0,0,0,0,0,0,0,0,0
0,0,0,0,0,0,0,0,0,0,0,0,0,0,0,0,0,0,0,0,0,0,0,0,0,3.32509952139065,17.7136255887422,48.1197397884745,91.3119914631336,122.662989663901,105.7206007768,63.6524988351002,21.565747483957,5.89784018372111,0.585659656135276,0,0,0,0,0,0,0,0,0,0,0,0,0,0,0,0,0,0,0.291277492227672,1.27445815951922,7.4979428023207,28.1642509833729,63.4570880959853,107.25418463322,135.378184609791,125.639821228585,112.880666752063,189.297219111743,374.332901390645,650.822203174291,975.822791357823,1082.46139236577,968.421185544302,656.492855634283,409.443165160677,234.033711549896,102.388523160777,48.3722585913851,19.6879102977084,4.49608351166198,1.27533219156215,0.252386581609604,0,0,0,0,0,0,0,0,0,0,0,0,0,0,0,0,0,0,0,0,0,0,0,6.12036119571665,34.4538626206841,97.8681450143517,193.954018647747,274.025485186039,245.972837628228,154.041356288726,54.6211469034153,15.4935082511892,3.0661451271516,0,0,0,0,2.07510288806413,8.44868440103514,28.3212027260129,52.2275815257046,67.1957994279425,56.5322197717826,32.9440522748286,13.3940521238536,2.82811591934767,0,0,0,0,0,0,0,3.70417631859052,17.5431036428625,43.1490722993334,74.0441041625667,88.0109217754962,68.406025842602,37.0942109317415,11.0658182245861,2.71790379030112,0,0,0,0,0,0,0,0,0,0,0
0,0,0,0,0,0,0,0,0,0,0,0,0,0,0,0,0,0,0,0,0,0,0,0,0,3.60593584017265,18.9101397585573,50.6779004732971,94.8315523536838,125.207275464533,106.326481414726,63.0541168197695,20.9691473975552,5.64467047345205,0.313042457803161,0,0,0,0,0,0,0,0,0,0,0,0,0,0,0,0,0,0,0.115062607623362,0.503445968377576,3.94462958126537,16.0788266857047,39.001980872398,69.9369472675091,96.5478787707673,99.7515852366147,96.8754514248003,149.26939395059,281.943573115775,505.494912305352,800.773401813794,913.004515549337,820.721913275339,546.001956755249,330.614663884875,181.383735002111,72.2233866037315,30.9423463049219,11.1470844001342,2.0218373699601,0.573502310916888,0.113495361251899,0,0,0,0,0,0,0,0,0,0,0,0,0,0,0,0,0,0,0,0,0,0,0,5.49380510939725,30.9267378919491,87.8491477763378,174.098479576801,245.972837628228,220.7920070274,138.271772396333,49.0294488091863,13.9074005717901,2.75225648079198,0,0,0,0,1.01735969513007,4.14213243879482,13.885022442397,25.6055912812789,32.9440522748286,27.7160242043233,16.1514646678246,6.56669549430975,1.38653903189551,0,0,0,0,0,0,0,5.83025604464648,27.612288740774,67.9152712929718,116.543071585886,138.526399540221,107.668915126273,58.3851115349903,17.4172469245205,4.27789436551451,0,0,0,0,0,0,0,0,0,0,0
0,0,0,0,0,0,0,0,0,0,0,0,0,0,0,0,0,0,0,0,0,0,0,0,0,3.91415318396636,20.3471467814952,54.1080242906098,100.427383883883,131.230471492222,110.432052391257,64.8670803121006,21.3139349559058,5.67738541879665,0.146986218292916,0,0,0,0,0,0,0,0,0,0,0,0,0,0,0,0,0,0,0,0,1.39843338928851,7.22070506387823,21.4254687769614,44.7219400925637,77.5411077310507,99.6330506694284,109.851403084512,139.531096773851,221.731055311543,392.993233605319,651.735416943528,761.043149894623,687.089611327777,449.916006777876,264.864666288365,139.132187521998,50.2174287251579,19.5604399488729,6.17617034349588,0.798681278799708,0.226549160621523,0.0448337841654843,0,0,0,0,0,0,0,0,0,0,0,0,0,0,0,0,0,0,0,0,0,0,0,4.33196441082499,24.3862905987823,69.2706374016523,137.27979105327,193.954018647747,174.098479576801,109.029786298394,38.6606046436663,10.9662361740917,2.17020387269642,0,0,0,0,0.438152058671401,1.78391562397753,5.97994121150736,11.0277049376882,14.1882014731761,11.9366170307721,6.95604271394002,2.82811591934767,0.597148613377693,0,0,0,0,0,0,0,8.06118781994753,38.1780566708367,93.9028669655163,161.137964091658,191.533153289244,148.868135559817,80.7260172397248,24.0819095576233,5.91481912462024,0,0,0,0,0,0,0,0,0,0,0
0,0,0,0,0,0,0,0,0,0,0,0,0,0,0,0,0,0,0,0,0,0,0,0,0,3.98416405770027,20.6283193108908,54.6597352217369,101.065307041411,131.418307787059,110.107669233438,64.3766450392028,21.0270871605263,5.57135725288619,0.0606269085060447,0,0,0,0,0,0,0,0,0,0,0,0,0,0,0,0,0,0,0,0,0.747480248418826,3.85955774243405,14.5785968300627,36.633488699698,84.1162966606481,131.844291182113,159.518746803739,168.726201237858,202.666304391608,321.905462998337,536.651317170572,635.281234294428,578.795164550414,381.795956434592,224.046937118798,113.985040553279,36.6145099593554,12.0757853478483,2.84472944593311,0,0,0,0,0,0,0,0,0,0,0,0,0,0,0,0,0,0,0,0,0,0,0,0,0,0,3.00062654048397,16.8916786601036,47.9817683968588,95.0897434607706,134.346342858601,120.592984829385,75.5217816777846,26.7790834280771,7.59599484034733,1.50323749715059,0,0,0,0,0.165764153495985,0.674901001751698,2.26236502434121,4.17206341456521,5.36776025648066,4.51592815451226,2.63164923988852,1.06994873601808,0.225916625173478,0,0,0,0,0,0,0,9.79097377474678,46.3703811378745,114.05273371225,195.715273701163,232.632723952801,180.812560594961,98.0483689733763,29.2494543224832,7.18403295209469,0,0,0,0,0,0,0,0,0,0,0
0,0,0,0,0,0,0,0,0,0,0,0,0,0,0,0,0,0,0,0,0,0,0,0,0,3.66460103412746,18.9423219333697,50.1175398717867,92.5190855374859,120.057332072496,100.402734109346,58.5861843981708,19.0868074710193,5.04565174018027,0.021966945127429,0,0,0,0,0,0,0,0,0,0,0,0,0,0,0,0,0,0,0,0,0.350972503010495,1.81221998071662,11.9833636889391,38.1205226003027,109.62155023513,191.183054505466,241.092451838694,229.41350626942,213.549662349634,278.56065983697,443.63389884897,528.381770714136,492.910936195269,342.021284965778,210.214141343376,108.918359486764,34.2819227613493,10.6006392436756,2.33480105099461,0,0,0,0,0,0,0,0,0,0,0,0,0,0,0,0,0,0,0,0,0,0,0,0,0,0,1.82580523373951,10.2781585406123,29.1956905269963,57.8596999470716,81.7463461765666,73.3777762354418,45.953090925601,16.294393860105,4.62197042779191,0.914681934862959,0,0,0,0,0,0,0,0,0,0,0,0,0,0,0,0,0,0,0,0,10.4464365249823,49.4746747709037,121.688063989993,208.817552852818,248.206464475953,192.917168468632,104.612277228259,31.2075769989582,7.66497244850189,0,0,0,0,0,0,0,0,0,0,0
0,0,0,0,0,0,0,0,0,0,0,0,0,0,0,0,0,0,0,0,0,0,0,0,0,2.9810688388086,15.3925235374324,40.6859126888213,75.029540322148,97.2302529081903,81.2135339021956,47.3270449506202,15.3925235374324,4.06283866125355,0,0,0,0,0,0,0,0,0,0,0,0,0,0,0,0,0,0,0,0,0,0.144764441695826,0.747480248418825,12.3605684556164,45.924795014626,146.454496614986,265.537232359363,339.573496795439,306.596526959186,240.314690622205,249.484301745252,361.575975804918,432.026501996317,421.305425524801,320.461228281919,213.113984422392,115.40594247687,37.0126354573734,10.8973222888918,2.26465289515489,0,0,0,0,0,0,0,0,0,0,0,0,0,0,0,0,0,0,0,0,0,0,0,0,0,0,0.975915878534875,5.49380510939725,15.6054640678892,30.9267378919491,43.6944509587828,39.2213449914797,24.5625055035028,8.70955861300065,2.47050136961339,0.488909007130779,0,0,0,0,0,0,0,0,0,0,0,0,0,0,0,0,0,0,0,0,9.79097377474677,46.3703811378745,114.05273371225,195.715273701163,232.632723952801,180.812560594961,98.0483689733763,29.2494543224832,7.18403295209469,0,0,0,0,0,0,0,0,0,0,0
0,0,0,0,0,0,0,0,0,0,0,0,0,0,0,0,0,0,0,0,0,0,0,0,0,2.15605876021931,11.1326463792854,29.4260962136351,54.2651332236417,70.321803982502,58.7377080792865,34.2292967316578,11.1326463792854,2.93844904650182,0,0,0,0,0,0,0,0,0,0,0,0,0,0,0,0,0,0,0,0,0,0.0524524938760162,0.270834485964532,13.8859108737562,54.9413381997106,181.456672375486,332.901224216428,427.303619825062,374.434531326945,262.223842030255,218.345134513936,278.564118922215,336.143781811803,351.317090939394,300.334197966255,217.219251465669,123.278999588463,40.8203273615191,11.7437188456714,2.36997659780558,0,0,0,0,0,0,0,0,0,0,0,0,0,0,0,0,0,0,0,0,0,0,0,0,0,0,0.458232360442456,2.579565860604,7.32740269208894,14.5213664586425,20.5163291647013,18.4160232356865,11.5330994431081,4.08949345884076,1.16000128594466,0.229562745423768,0,0,0,0,0,0,0,0,0,0,0,0,0,0,0,0,0,0,0,0,8.06118781994753,38.1780566708367,93.9028669655163,161.137964091658,191.533153289244,148.868135559817,80.7260172397248,24.0819095576233,5.91481912462024,0,0,0,0,0,0,0,0,0,0,0
0,0,0,0,0,0,0,0,0,0,0,0,0,0,0,0,0,0,0,0,0,0,0,0,0,1.36982351031176,7.07298011710085,18.6954823095977,34.4766370246714,44.6780311186733,37.3182284979336,21.747132438864,7.07298011710086,1.86690486456962,0,0,0,0,0,0,0,0,0,0,0,0,0,0,0,0,0,0,0,0,0,0,0,14.6720469290025,59.7365531768696,200.245500053013,369.275919541662,475.108934747017,410.956373314671,271.193351923663,190.835011804803,209.814778681598,254.995574140231,287.952604819072,273.95948038112,210.774172788607,123.220477907618,41.5587268075591,11.7883001951681,2.33288927303089,0,0,0,0,0,0,0,0,0,0,0,0,0,0,0,0,0,0,0,0,0,0,0,0,0,0,0.189005552450441,1.06398480913699,3.02230901481484,5.9895789271646,8.46230092585619,7.59599484034734,4.75701853445214,1.68677954059014,0.478461808505827,0.0946869694644968,0,0,0,0,0,0,0,0,0,0,0,0,0,0,0,0,0,0,0,0,5.83025604464648,27.612288740774,67.9152712929718,116.543071585886,138.526399540221,107.668915126273,58.3851115349903,17.4172469245205,4.27789436551451,0,0,0,0,0,0,0,0,0,0,0
0,0,0,0,0,0,0,0,0,0,0,0,0,0,0,0,0,0,0,0,0,0,0,0,0,0.764511590339417,3.94749778862619,10.43412732011,19.2417405621017,24.9352360845354,20.8276599159199,12.1372824170421,3.94749778862619,1.04193744397019,0,0,0,0,0,0,0,0,0,0,0,0,0,0,0,0,0,0,0,0,0,0,0,14.3585288995404,58.4600791763777,195.966575994969,361.385087459218,464.956621458865,398.571708358242,252.878395184897,155.922046584687,147.703927509158,182.285420478626,224.279977243383,234.602506294021,189.26829439279,113.307345315325,38.9511201558146,11.0486420688732,2.1865118920705,0,0,0,0,0,0,0,0,0,0,0,0,0,0,0,0,0,0,0,0,0,0,0,0,0,0,0.0684823736154101,0.385513569711374,1.09507309415179,2.17020387269642,3.0661451271516,2.75225648079198,1.72361031910532,0.611170757725824,0.173361046307846,0.034307925536097,0,0,0,0,0,0,0,0,0,0,0,0,0,0,0,0,0,0,0,0,3.70417631859052,17.5431036428625,43.1490722993334,74.0441041625667,88.0109217754962,68.406025842602,37.0942109317415,11.0658182245861,2.71790379030112,0,0,0,0,0,0,0,0,0,0,0
0,0,0,0,0,0,0,0,0,0,0,0,0,0,0,0,0,0,0,0,0,0,0,0,0,0.374816729784761,1.93533784269845,5.115534584041,9.43363889310274,12.2249862052022,10.2111668121191,5.95053961446169,1.93533784269845,0.510830169645715,0,0,0,0,0,0,0,0,0,0,0,0,0,0,0,0,0,0,0,0,0,0,0,12.3436790477019,50.256712195603,168.467712471325,310.673994768716,399.711930556882,340.623374663034,210.481286424765,117.243931273877,96.0436654603008,120.73236870837,161.536967739862,182.195684110736,151.819532694021,92.2533487060179,32.0695676035028,9.09666197884017,1.80021757161585,0,0,0,0,0,0,0,0,0,0,0,0,0,0,0,0,0,0,0,0,0,0,0,0,0,0,0,0,0,0,0,0,0,0,0,0,0,0,0,0,0,0,0,0,0,0,0,0,0,0,0,0,0,0,0,0,2.06733619835356,9.79097377474677,24.0819095576232,41.3247220553966,49.1197364239346,38.1780566708367,20.7026335716469,6.17593888964557,1.51688807607027,0,0,0,0,0,0,0,0,0,0,0
0,0,0,0,0,0,0,0,0,0,0,0,0,0,0,0,0,0,0,0,0,0,0,0,0,0.161424442668411,0.833502903704654,2.2031362358185,4.06283866125355,5.26500400859109,4.39770101133708,2.56275257882001,0.833502903704655,0.220002120718097,0,0,0,0,0,0,0,0,0,0,0,0,0,0,0,0,0,0,0,0,0,0,0,9.3216915969863,37.9528315630605,127.223338652816,234.614587372706,301.854198402942,256.215355278835,155.512289083151,80.2578497454803,57.4083609860516,73.5016773572773,106.151903737846,126.831559971089,108.032435241397,66.2742760015942,23.1943225422502,6.57916298104365,1.30200779500762,0,0,0,0,0,0,0,0,0,0,0,0,0,0,0,0,0,0,0,0,0,0,0,0,0,0,0,0,0,0,0,0,0,0,0,0,0,0,0,0,0,0,0,0,0,0,0,0,0,0,0,0,0,0,0,0,1.01355192390023,4.80021600461239,11.80662621917,20.2602516113474,24.0819095576233,18.717537486315,10.1498702064306,3.02787458976229,0.743683987668177,0,0,0,0,0,0,0,0,0,0,0
0,0,0,0,0,0,0,0,0,0,0,0,0,0,0,0,0,0,0,0,0,0,0,0,0,0.0610710039195734,0.315335510890904,0.833502903704655,1.53707599483981,1.99188595686047,1.66376300429399,0.969554983116823,0.315335510890904,0.0832324408533865,0,0,0,0,0,0,0,0,0,0,0,0,0,0,0,0,0,0,0,0,0,0,0,6.18386891769103,25.1773332124665,84.3980345535547,155.639761238189,200.245500053013,169.473334905287,101.47322311002,49.1163325672255,30.40291343212,39.5483321566003,61.8335343518702,77.9360294627133,67.6734628040017,41.858720655043,14.7362070600045,4.17998446790462,0.82721348838804,0,0,0,0,0,0,0,0,0,0,0,0,0,0,0,0,0,0,0,0,0,0,0,0,0,0,0,0,0,0,0,0,0,0,0,0,0,0,0,0,0,0,0,0,0,0,0,0,0,0,0,0,0,0,0,0,0.436512144281939,2.06733619835356,5.08482654527779,8.72559724471642,10.3714923049533,8.06118781994752,4.37130205519544,1.30403188887246,0.320286592596053,0,0,0,0,0,0,0,0,0,0,0
0,0,0,0,0,0,0,0,0,0,0,0,0,0,0,0,0,0,0,0,0,0,0,0,0,0,0,0,0,0,0,0,0,0,0,0,0,0,0,0,0,0,0,0,0,0,0,0,0,0,0,0,0,0,0,0,0,3.60363880469428,14.6720469290025,49.1828071398836,90.6987988614599,116.692715201649,98.5890507094845,58.5715914589797,27.2960709922132,15.3290913813602,20.157892246138,33.125288992496,42.9132726016278,37.5780359355733,23.3180599902573,8.22441797078728,2.33288927303088,0.461675752238932,0,0,0,0,0,0,0,0,0,0,0,0,0,0,0,0,0,0,0,0,0,0,0,0,0,0,0,0,0,0,0,0,0,0,0,0,0,0,0,0,0,0,0,0,0,0,0,0,0,0,0,0,0,0,0,0,0.165143731851958,0.782126269019065,1.92372020459687,3.30111707201189,3.92380135707651,3.0497539580155,1.6537756025886,0.493348685491007,0.121172626824551,0,0,0,0,0,0,0,0,0,0,0
0,0,0,0,0,0,0,0,0,0,0,0,0,0,0,0,0,0,0,0,0,0,0,0,0,0,0,0,0,0,0,0,0,0,0,0,0,0,0,0,0,0,0,0,0,0,0,0,0,0,0,0,0,0,0,0,0,1.84475064030225,7.51081599286924,25.1773332124665,46.4299216270977,59.7365531768696,50.4070014749811,29.7800372292012,13.4874274193513,6.9525651102742,9.18915210764765,15.7386383996573,20.8276245756879,18.3540988811935,11.4163031440996,4.03218144387441,1.14374450213263,0.226345549056085,0,0,0,0,0,0,0,0,0,0,0,0,0,0,0,0,0,0,0,0,0,0,0,0,0,0,0,0,0,0,0,0,0,0,0,0,0,0,0,0,0,0,0,0,0,0,0,0,0,0,0,0,0,0,0,0,0,0,0,0,0,0,0,0,0,0,0,0,0,0,0,0,0,0,0,0
0,0,0,0,0,0,0,0,0,0,0,0,0,0,0,0,0,0,0,0,0,0,0,0,0,0,0,0,0,0,0,0,0,0,0,0,0,0,0,0,0,0,0,0,0,0,0,0,0,0,0,0,0,0,0,0,0,0.829563279495714,3.37752811171953,11.3219589967281,20.8790051133379,26.8628452412705,22.5998690960344,13.170034219595,5.54912011024272,2.22598186718729,3.11150810761604,6.16635271301686,8.71205353616078,7.82017967563727,4.89741507750304,1.73656240661699,0.492582918905041,0.0974815188421173,0,0,0,0,0,0,0,0,0,0,0,0,0,0,0,0,0,0,0,0,0,0,0,0,0,0,0,0,0,0,0,0,0,0,0,0,0,0,0,0,0,0,0,0,0,0,0,0,0,0,0,0,0,0,0,0,0,0,0,0,0,0,0,0,0,0,0,0,0,0,0,0,0,0,0,0
0,0,0,0,0,0,0,0,0,0,0,0,0,0,0,0,0,0,0,0,0,0,0,0,0,0,0,0,0,0,0,0,0,0,0,0,0,0,0,0,0,0,0,0,0,0,0,0,0,0,0,0,0,0,0,0,0,0.327700274392491,1.33421634772897,4.47248469356521,8.24778033671198,10.6115614976095,8.92756886310941,5.20252515292546,2.18880491186216,0.861028997652385,1.17716326409339,2.33288927303089,3.29599313994426,2.95857440005937,1.85281764304022,0.656986065976015,0.18635674296834,0.0368797569988942,0,0,0,0,0,0,0,0,0,0,0,0,0,0,0,0,0,0,0,0,0,0,0,0,0,0,0,0,0,0,0,0,0,0,0,0,0,0,0,0,0,0,0,0,0,0,0,0,0,0,0,0,0,0,0,0,0,0,0,0,0,0,0,0,0,0,0,0,0,0,0,0,0,0,0,0
0,0,0,0,0,0,0,0,0,0,0,0,0,0,0,0,0,0,0,0,0,0,0,0,0,0,0,0,0,0,0,0,0,0,0,0,0,0,0,0,0,0,0,0,0,0,0,0,0,0,0,0,0,0,0,0,0,0,0,0,0,0,0,0,0,0,0,0,0,0,0,0,0,0,0,0,0,0,0,0,0,0,0,0,0,0,0,0,0,0,0,0,0,0,0,0,0,0,0,0,0,0,0,0,0,0,0,0,0,0,0,0,0,0,0,0,0,0,0,0,0,0,0,0,0,0,0,0,0,0,0,0,0,0,0,0,0,0,0,0,0,0,0,0,0,0,0,0,0,0
0,0,0,0,0,0,0,0,0,0,0,0,0,0,0,0,0,0,0,0,0,0,0,0,0,0,0,0,0,0,0,0,0,0,0,0,0,0,0,0,0,0,0,0,0,0,0,0,0,0,0,0,0,0,0,0,0,0,0,0,0,0,0,0,0,0,0,0,0,0,0,0,0,0,0,0,0,0,0,0,0,0,0,0,0,0,0,0,0,0,0,0,0,0,0,0,0,0,0,0,0,0,0,0,0,0,0,0,0,0,0,0,0,0,0,0,0,0,0,0,0,0,0,0,0,0,0,0,0,0,0,0,0,0,0,0,0,0,0,0,0,0,0,0,0,0,0,0,0,0
0,0,0,0,0,0,0,0,0,0,0,0,0,0,0,0,0,0,0,0,0,0,0,0,0,0,0,0,0,0,0,0,0,0,0,0,0,0,0,0,0,0,0,0,0,0,0,0,0,0,0,0,0,0,0,0,0,0,0,0,0,0,0,0,0,0,0,0,0,0,0,0,0,0,0,0,0,0,0,0,0,0,0,0,0,0,0,0,0,0,0,0,0,0,0,0,0,0,0,0,0,0,0,0,0,0,0,0,0,0,0,0,0,0,0,0,0,0,0,0,0,0,0,0,0,0,0,0,0,0,0,0,0,0,0,0,0,0,0,0,0,0,0,0,0,0,0,0,0,0
0,0,0,0,0,0,0,0,0,0,0,0,0,0,0,0,0,0,0,0,0,0,0,0,0,0,0,0,0,0,0,0,0,0,0,0,0,0,0,0,0,0,0,0,0,0,0,0,0,0,0,0,0,0,0,0,0,0,0,0,0,0,0,0,0,0,0,0,0,0,0,0,0,0,0,0,0,0,0,0,0,0,0,0,0,0,0,0,0,0,0,0,0,0,0,0,0,0,0,0,0,0,0,0,0,0,0,0,0,0,0,0,0,0,0,0,0,0,0,0,0,0,0,0,0,0,0,0,0,0,0,0,0,0,0,0,0,0,0,0,0,0,0,0,0,0,0,0,0,0
0,0,0,0,0,0,0,0,0,0,0,0,0,0,0,0,0,0,0,0,0,0,0,0,0,0,0,0,0,0,0,0,0,0,0,0,0,0,0,0,0,0,0,0,0,0,0,0,0,0,0,0,0,0,0,0,0,0,0,0,0,0,0,0,0,0,0,0,0,0,0,0,0,0,0,0,0,0,0,0,0,0,0,0,0,0,0,0,0,0,0,0,0,0,0,0,0,0,0,0,0,0,0,0,0,0,0,0,0,0,0,0,0,0,0,0,0,0,0,0,0,0,0,0,0,0,0,0,0,0,0,0,0,0,0,0,0,0,0,0,0,0,0,0,0,0,0,0,0,0
0,0,0,0,0,0,0,0,0,0,0,0,0,0,0,0,0,0,0,0,0,0,0,0,0,0,0,0,0,0,0,0,0,0,0,0,0,0,0,0,0,0,0,0,0,0,0,0,0,0,0,0,0,0,0,0,0,0,0,0,0,0,0,0,0,0,0,0,0,0,0,0,0,0,0,0,0,0,0,0,0,0,0,0,0,0,0,0,0,0,0,0,0,0,0,0,0,0,0,0,0,0,0,0,0,0,0,0,0,0,0,0,0,0,0,0,0,0,0,0,0,0,0,0,0,0,0,0,0,0,0,0,0,0,0,0,0,0,0,0,0,0,0,0,0,0,0,0,0,0
0,0,0,0,0,0,0,0,0,0,0,0,0,0,0,0,0,0,0,0,0,0,0,0,0,0,0,0,0,0,0,0,0,0,0,0,0,0,0,0,0,0,0,0,0,0,0,0,0,0,0,0,0,0,0,0,0,0,0,0,0,0,0,0,0,0,0,0,0,0,0,0,0,0,0,0,0,0,0,0,0,0,0,0,0,0,0,0,0,0,0,0,0,0,0,0,0,0,0,0,0,0,0,0,0,0,0,0,0,0,0,0,0,0,0,0,0,0,0,0,0,0,0,0,0,0,0,0,0,0,0,0,0,0,0,0,0,0,0,0,0,0,0,0,0,0,0,0,0,0
0,0,0,0,0,0,0,0,0,0,0,0,0,0,0,0,0,0,0,0,0,0,0,0,0,0,0,0,0,0,0,0,0,0,0,0,0,0,0,0,0,0,0,0,0,0,0,0,0,0,0,0,0,0,0,0,0,0,0,0,0,0,0,0,0,0,0,0,0,0,0,0,0,0,0,0,0,0,0,0,0,0,0,0,0,0,0,0,0,0,0,0,0,0,0,0,0,0,0,0,0,0,0,0,0,0,0,0,0,0,0,0,0,0,0,0,0,0,0,0,0,0,0,0,0,0,0,0,0,0,0,0,0,0,0,0,0,0,0,0,0,0,0,0,0,0,0,0,0,0
0,0,0,0,0,0,0,0,0,0,0,0,0,0,0,0,0,0,0,0,0,0,0,0,0,0,0,0,0,0,0,0,0,0,0,0,0,0,0,0,0,0,0,0,0,0,0,0,0,0,0,0,0,0,0,0,0,0,0,0,0,0,0,0,0,0,0,0,0,0,0,0,0,0,0,0,0,0,0,0,0,0,0,0,0,0,0,0,0,0,0,0,0,0,0,0,0,0,0,0,0,0,0,0,0,0,0,0,0,0,0,0,0,0,0,0,0,0,0,0,0,0,0,0,0,0,0,0,0,0,0,0,0,0,0,0,0,0,0,0,0,0,0,0,0,0,0,0,0,0
0,0,0,0,0,0,0,0,0,0,0,0,0,0,0,0,0,0,0,0,0,0,0,0,0,0,0,0,0,0,0,0,0,0,0,0,0,0,0,0,0,0,0,0,0,0,0,0,0,0,0,0,0,0,0,0,0,0,0,0,0,0,0,0,0,0,0,0,0,0,0,0,0,0,0,0,0,0,0,0,0,0,0,0,0,0,0,0,0,0,0,0,0,0,0,0,0,0,0,0,0,0,0,0,0,0,0,0,0,0,0,0,0,0,0,0,0,0,0,0,0,0,0,0,0,0,0,0,0,0,0,0,0,0,0,0,0,0,0,0,0,0,0,0,0,0,0,0,0,0
0,0,0,0,0,0,0,0,0,0,0,0,0,0,0,0,0,0,0,0,0,0,0,0,0,0,0,0,0,0,0,0,0,0,0,0,0,0,0,0,0,0,0,0,0,0,0,0,0,0,0,0,0,0,0,0,0,0,0,0,0,0,0,0,0,0,0,0,0,0,0,0,0,0,0,0,0,0,0,0,0,0,0,0,0,0,0,0,0,0,0,0,0,0,0,0,0,0,0,0,0,0,0,0,0,0,0,0,0,0,0,0,0,0,0,0,0,0,0,0,0,0,0,0,0,0,0,0,0,0,0,0,0,0,0,0,0,0,0,0,0,0,0,0,0,0,0,0,0,0
0,0,0,0,0,0,0,0,0,0,0,0,0,0,0,0,0,0,0,0,0,0,0,0,0,0,0,0,0,0,0,0,0,0,0,0,0,0,0,0,0,0,0,0,0,0,0,0,0,0,0,0,0,0,0,0,0,0,0,0,0,0,0,0,0,0,0,0,0,0,0,0,0,0,0,0,0,0,0,0,0,0,0,0,0,0,0,0,0,0,0,0,0,0,0,0,0,0,0,0,0,0,0,0,0,0,0,0,0,0,0,0,0,0,0,0,0,0,0,0,0,0,0,0,0,0,0,0,0,0,0,0,0,0,0,0,0,0,0,0,0,0,0,0,0,0,0,0,0,0
