"V1","V2","V3","V4","V5","V6","V7","V8","V9","V10","V11","V12","V13","V14","V15","V16","V17","V18","V19","V20","V21","V22","V23","V24","V25","V26","V27","V28","V29","V30","V31","V32","V33","V34","V35","V36","V37","V38","V39","V40","V41","V42","V43","V44","V45","V46","V47","V48","V49","V50","V51","V52","V53","V54","V55","V56","V57","V58","V59","V60","V61","V62","V63","V64","V65","V66","V67","V68","V69","V70","V71","V72","V73","V74","V75","V76","V77","V78","V79","V80","V81","V82","V83","V84","V85","V86","V87","V88","V89","V90","V91","V92","V93","V94","V95","V96","V97","V98","V99","V100","V101","V102","V103","V104","V105","V106","V107","V108","V109","V110","V111","V112","V113","V114","V115","V116","V117","V118","V119","V120","V121","V122","V123","V124","V125","V126","V127","V128","V129","V130","V131","V132","V133","V134","V135","V136","V137","V138","V139","V140","V141","V142","V143","V144","V145","V146","V147","V148","V149","V150"
0,0,0,0,0,0,0,0,0,0,0,0,0,0,0,0,0,0,0,0,0,0,0,0,0,0,0,0,0,0,0,0,0,0,0,0,1.57876688185783e-06,3.39276114800445e-06,1.06798960360836e-05,1.99184127908078e-05,3.4195962606743e-05,5.86674586380394e-05,8.40473618831509e-05,0.000110933935575166,0.000138914924728187,0.000153093083679304,0.000155386962369497,0.00014182650252708,0.000119942865512234,9.32893174923636e-05,6.17350092910592e-05,3.98616627467115e-05,2.36293985195408e-05,1.12616402888196e-05,4.96143340954938e-06,2.26753807128126e-06,0,0,0,0,0,0,0,0,0,0,0,0,0,0,0,0,0,0,0,0,0,0,0,0,0,0,0,0,0,2.02339841387429e-06,5.84507043173841e-06,1.19959686283339e-05,2.25158882222572e-05,4.26049215525931e-05,6.71253241818911e-05,9.58562585037851e-05,0.000131879366718541,0.000157834866575113,0.000175613759106406,0.000183050152166945,0.000177987049734749,0.00016492938212144,0.000142459691270648,0.000120702355773998,9.7964533283668e-05,7.13474910581132e-05,5.13142392380325e-05,3.44805814912463e-05,1.87125520440958e-05,1.06039389779737e-05,5.5969708614089e-06,2.30856364811986e-06,9.99625603890567e-07,0,0,0,0,0,0,0,0,0,0,0,0,0,0,0,0,0,0,0,0,0,0,0,0,0,0,0,0,0,0,0,0,0,0,0,0,0,0,0,0,0
0,0,0,0,0,0,0,0,0,0,0,0,0,0,0,0,0,0,0,0,0,0,0,0,0,0,0,0,0,0,0,0,0,0,0,0,2.63700574981121e-06,5.66691052227777e-06,1.77823201254064e-05,3.31508874747835e-05,5.68883023272583e-05,9.75445408832454e-05,0.000139675851034807,0.000184268376947364,0.000230613050579882,0.00025403072002822,0.000257720444695504,0.000235109405950062,0.000198754114742206,0.000154531352070656,0.000102222598004608,6.59850733333108e-05,3.91049678695489e-05,1.86322455612401e-05,8.1980366514115e-06,3.74677208829518e-06,0,0,0,0,0,0,0,0,0,0,0,0,0,0,0,0,0,0,0,0,0,0,0,0,0,0,0,0,0,3.3074532451501e-06,9.57210056887888e-06,1.96481465805729e-05,3.68849619083645e-05,6.98097534129537e-05,0.000110053639603402,0.000157226616127607,0.000216461644993039,0.000259263459932726,0.000288758431924638,0.000301977237508787,0.000294797184290584,0.000275598589785987,0.000244069795596669,0.000215368172967043,0.000188765006028572,0.000163716118516403,0.000150805700895791,0.000145340583218497,0.000144460800092067,0.000146083140620533,0.000144794542930102,0.00013431494314206,0.0001188994952698,9.96667741898705e-05,7.90629492553278e-05,6.62473292694401e-05,5.87158995695549e-05,5.51276500204422e-05,5.35574949578891e-05,5.14257583146744e-05,4.52169582300412e-05,3.7371492713749e-05,2.87865477749348e-05,1.86884967378826e-05,1.18095459929225e-05,6.82033224451112e-06,3.13399386657659e-06,1.48484172914269e-06,6.42947752982687e-07,0,0,0,0,0,0,0,0,0,0,0,0,0,0,0,0,0,0,0,0,0,0,0,0,0
0,0,0,0,0,0,0,0,0,0,0,0,0,0,0,0,0,0,0,0,0,0,0,0,0,0,0,0,0,0,0,0,0,0,0,0,4.2641552164408e-06,9.16364557278797e-06,2.86648148287749e-05,5.34165267632583e-05,9.16245364555196e-05,0.000157018158537267,0.000224729472884472,0.00029633211195139,0.000370646718706538,0.000408091762574045,0.000413831491602148,0.000377330704657286,0.00031885744892566,0.000247821606514828,0.000163869879776859,0.000105747950461865,6.2653644091316e-05,2.98444074792697e-05,1.31141879381526e-05,5.99361474175254e-06,0,0,0,0,0,0,0,0,0,0,0,0,0,0,0,0,0,0,0,0,0,0,0,0,0,0,0,0,0,5.85627871581515e-06,1.83298808558005e-05,3.78633991484853e-05,7.15449662199747e-05,0.000137006016992095,0.000218451018310232,0.000315547105228253,0.000441349307757817,0.000537152417920496,0.000609883891181337,0.000656453794691226,0.000658873564112543,0.000634588652577979,0.000581443931046976,0.00052482779101213,0.000465133151050389,0.000398975365510963,0.000355010289862027,0.000323992938636177,0.000298945262926557,0.000285333386735116,0.000270387542220873,0.000241316886465689,0.000208484708673876,0.00017135061871929,0.000133940530023993,0.000110979159491754,9.74220902443928e-05,9.05140679588709e-05,8.77486730765285e-05,8.41578833308058e-05,7.39430451798462e-05,6.10875564617655e-05,4.70545791684068e-05,3.05482740121033e-05,1.93039200536151e-05,1.11485359781011e-05,5.12283597397997e-06,2.42712683864563e-06,1.0509643664259e-06,0,0,0,0,0,0,0,0,0,0,0,0,0,0,0,0,0,0,0,0,0,0,0,0,0
0,0,0,0,0,0,0,0,0,0,0,0,0,0,0,0,0,0,0,0,0,0,0,0,0,0,0,0,0,0,0,0,0,0,0,0,6.6754998662051e-06,1.43456116604864e-05,4.4735173559874e-05,8.33289956275466e-05,0.000142870067769274,0.000244702263850218,0.000350058153520485,0.000461368713353044,0.000577092335360063,0.000635523511839826,0.0006450695028479,0.00059006195942603,0.000501768082273426,0.000397395948029815,0.000276115945727743,0.000196386529696107,0.000142823258070566,0.000111318243924281,0.000103327412127042,0.000109958489171361,0.000117481625858092,0.000124262123997879,0.000122222648658131,0.000108106624200336,8.91982042982419e-05,6.76323522537569e-05,4.32938832958814e-05,2.69068748132905e-05,1.5467159325965e-05,7.07045402211701e-06,3.3365368046719e-06,1.43943594919114e-06,0,0,0,0,0,0,0,0,0,0,0,0,0,0,0,0,0,9.04691798676028e-06,2.85328142870258e-05,5.89729197375626e-05,0.00011149838991299,0.000215764290953453,0.000345534669189546,0.00050187871890106,0.000708071582589682,0.000869709410200766,0.000998358456896074,0.00109074938398039,0.00110882261735357,0.00108098793110083,0.00100096240496111,0.000908006631382298,0.000806255452927803,0.000691905139332164,0.000616458512349286,0.000564492518582198,0.000525150611278181,0.000504184347071013,0.000480267888462068,0.000431377395632041,0.000378089244147596,0.000318129576888005,0.000259754987351363,0.00022626192334438,0.00020895938363605,0.000203132056235551,0.000201738359027129,0.000196826957532777,0.000177663696795125,0.000151753527554586,0.000121497229869517,8.38785413732704e-05,5.64728578986744e-05,3.51206706649237e-05,1.75502743605668e-05,9.19745340904393e-06,4.43999828038295e-06,1.12088627745389e-06,4.76694092915921e-07,0,0,0,0,0,0,0,0,0,0,0,0,0,0,0,0,0,0,0,0,0,0,0
0,0,0,0,0,0,0,0,0,0,0,0,0,0,0,0,0,0,0,0,0,0,0,0,0,0,0,0,0,0,0,0,0,0,0,0,1.01172722580171e-05,2.31950821084139e-05,7.16030289030121e-05,0.000133747145561215,0.00022993238143572,0.000395044096356866,0.000566530633798262,0.000748458639637691,0.000938802545047494,0.00103623547926672,0.00105425846193979,0.000967189061576473,0.000825184840400592,0.000656194323174155,0.000459638799310066,0.00033120573552521,0.000246656113062682,0.000200660299880753,0.000193697184535843,0.000209768860773054,0.000228127092965027,0.000240370070614542,0.000236275339011401,0.000208830003516934,0.000173370511013307,0.000134486718520801,9.32513091640431e-05,6.80626788035158e-05,5.28166920238362e-05,4.37174305896139e-05,4.00442163285371e-05,3.66550251919256e-05,3.07719879845269e-05,2.54726364377639e-05,1.92710659052579e-05,1.2243617675385e-05,7.59890984175276e-06,4.31028830990956e-06,1.93828739116456e-06,9.01950891088554e-07,3.83584553161641e-07,0,0,0,0,0,0,0,0,1.35381248430406e-05,4.3040538575381e-05,8.90109839800825e-05,0.000168393690424792,0.00032647330490334,0.000523556510018257,0.000761500407117527,0.00107650220418183,0.00132488308691989,0.00152437715648145,0.00167077660522917,0.00170499608950199,0.00166909726260512,0.00155678162546901,0.00142493962230348,0.00128302322824625,0.00113005734779767,0.00103660933442287,0.000979499377383571,0.000940949094067135,0.000917309927597689,0.000878139788277342,0.000786277793865089,0.00068286197570716,0.000566813487222408,0.00045084026776796,0.000382296683183577,0.000343690614151273,0.000326003272120932,0.000319945974354013,0.000309760521764753,0.000278808418954558,0.000238363449424743,0.000191100008345661,0.000132218842149533,8.92126418205395e-05,5.56152052689717e-05,2.78562676110103e-05,1.46402494028627e-05,7.08705745887331e-06,1.83220414249045e-06,7.792056244325e-07,0,0,0,0,0,0,0,0,0,0,0,0,0,0,0,0,0,0,0,0,0,0,0
0,0,0,0,0,0,0,0,0,0,0,0,0,0,0,0,0,0,0,0,0,0,0,0,0,0,0,0,0,0,4.67040626536722e-07,1.0785968350765e-06,2.61499182058402e-06,4.95432518410381e-06,9.25390725611051e-06,1.64305245299635e-05,3.91133867495265e-05,6.74508643750021e-05,0.000149207994445119,0.000247960193741153,0.000394141235474456,0.000638151525004108,0.000887462108398621,0.00114951176913653,0.00142045866681315,0.00155605388097191,0.00157619750785722,0.0014437252572123,0.00123440234708858,0.000987989167694926,0.000703887642358194,0.000519474573608477,0.000398917673419179,0.000334156883288644,0.000325183667923322,0.000348950870008657,0.000375135678021337,0.000391052769942071,0.000381846259003491,0.000335966234347014,0.000278408007796187,0.00021588002764645,0.000150759953374366,0.00011190397517814,8.99105996105438e-05,7.99997334321421e-05,7.96995758780392e-05,8.1201517740909e-05,8.08270918929365e-05,7.89657849588053e-05,7.32956342380438e-05,6.25889387955313e-05,5.16185118041102e-05,4.00447779655459e-05,2.70140575640271e-05,1.79540949887425e-05,1.10375141586075e-05,5.32579103044427e-06,2.76091252719906e-06,3.65239452991454e-06,6.40851513646809e-06,1.16556679433825e-05,2.09218188899836e-05,3.74869390551169e-05,5.52016354435728e-05,9.39162299554885e-05,0.000157134861478393,0.000234221528546187,0.000351435346478536,0.000573010349915461,0.00084691288431768,0.00117897539678817,0.0016247847058329,0.00198147358933009,0.0022728371258938,0.00249330000708852,0.00255199831429837,0.00250868283681841,0.00235331467920575,0.00216549880412593,0.00196015034296192,0.00173658159939454,0.00159913680634869,0.00151462566509647,0.00145817884194433,0.00142253042248175,0.00136390543584144,0.00122813152252238,0.00107811123500172,0.000912937599047233,0.000753574965866895,0.000664099144878549,0.000616625163697624,0.000594296711989828,0.000580025202025445,0.000552316834108304,0.000485389371956466,0.000406831775063515,0.000320113596222904,0.000217389148691576,0.000144862103007415,8.94170820239429e-05,4.43866616311677e-05,2.25837736443784e-05,1.0962202727141e-05,2.89944602109078e-06,1.23308565622029e-06,0,0,0,0,0,0,0,0,0,0,0,0,0,0,0,0,0,0,0,0,0,0,0
0,0,0,0,0,0,0,0,0,0,0,0,0,0,0,0,0,0,0,0,0,0,0,0,0,0,0,0,0,0,7.63426038719723e-07,1.76307769044442e-06,4.27447363985575e-06,8.09835512143041e-06,1.51505708682472e-05,2.69184086267701e-05,6.08762251186433e-05,0.000103516187624936,0.000222354964972532,0.000364937281081816,0.000574639587452002,0.000923148176464271,0.00127823832498969,0.00165084372032992,0.00203534579056396,0.0022281008847301,0.00225681227950976,0.00207029607941163,0.00177663539613587,0.00143506514668277,0.00104562717188778,0.000799592639276244,0.000647396891421258,0.00058071306115534,0.000589111664863367,0.000641363907130563,0.000693738643896269,0.00071932264003473,0.000699292494083814,0.00061304649549997,0.00050664034162587,0.000391309374386401,0.000270462166751278,0.000197453544669139,0.000154363107462717,0.000133173716794596,0.000130481525315913,0.000131976599448357,0.000130876357425153,0.000128262093768277,0.000119432809587987,0.000102353265261678,8.46305426100369e-05,6.57929066015227e-05,4.44680298745309e-05,2.95879843435006e-05,1.82044752181569e-05,8.8000838590931e-06,4.56200057946052e-06,6.07710500288134e-06,1.06956042406449e-05,1.94683988736962e-05,3.49456004831267e-05,6.26142307437048e-05,9.22029919277164e-05,0.000151647685773633,0.000246508231773942,0.000358323983173836,0.0005249592104928,0.000837988513386303,0.00122490107899455,0.00169527973296274,0.00233054918356066,0.00284272201561247,0.00326547962153159,0.00359233573161603,0.00368758268813168,0.0036361046502857,0.0034254031630693,0.00316436025051236,0.00287871749639173,0.00257279150688028,0.00239342608133169,0.00229488215424427,0.0022444389157524,0.00221502029432325,0.00214440366602097,0.00194964083641939,0.00172140721275124,0.0014624367729544,0.00120266773097457,0.00104986468211767,0.000961580933811057,0.000911583854608933,0.000880311775712507,0.000831901206458916,0.000727126271834182,0.000607225407941844,0.000477456611479781,0.000324239111753741,0.000216197313941688,0.000133594090815938,6.6389026890582e-05,3.37602567504074e-05,1.64312446349493e-05,4.4420664797453e-06,1.88913620750569e-06,0,0,0,0,0,0,0,0,0,0,0,0,0,0,0,0,0,0,0,0,0,0,0
0,0,0,0,0,0,0,0,0,0,0,0,0,0,0,0,0,0,0,0,0,0,0,0,0,0,0,0,0,0,1.20811460853606e-06,2.7900540534116e-06,6.76431479436073e-06,1.28155716874949e-05,2.40146175620379e-05,4.39394949884704e-05,9.4877836602664e-05,0.00016001552411009,0.000333477615011048,0.000540408741176055,0.000841277839199558,0.00133591902228649,0.00183509867531684,0.00235445884644043,0.002884253608536,0.00314418633990697,0.00317432254578618,0.00290627729109629,0.00249512984468859,0.00202455259011656,0.0014976552039055,0.00117616060143693,0.000992111027605217,0.000938685736776992,0.000983710664100768,0.001084568015362,0.0011770719978684,0.00121160526230559,0.00116750000702962,0.00101221859026877,0.000828785424295755,0.000634205707600473,0.000433372268593811,0.000313422127956664,0.000242822360313832,0.00020812352291339,0.000202743669785514,0.000205936888040405,0.000205211430503481,0.000201743820016928,0.000188455821713757,0.000162081424316979,0.000134356954524422,0.00010466618431533,7.0873077544295e-05,4.72095517731584e-05,2.90695220982187e-05,1.40772673393428e-05,7.2977147476775e-06,9.78940428510332e-06,1.72816629787819e-05,3.14812641644657e-05,5.65085853917643e-05,0.000102960573500176,0.000153046802210817,0.000246487836767394,0.000395014695621943,0.000565984807346729,0.000813951767111093,0.00126891569574989,0.00182065531786348,0.00248412252599774,0.00337136369401942,0.00408034225928378,0.00466080375944218,0.00510456418208774,0.0052292702696121,0.0051517728970707,0.00485637364095723,0.0044941937428296,0.00410199473579282,0.00369036620213843,0.00345891909236348,0.00334697876258993,0.00330920198866723,0.00328933041354105,0.00320190881878509,0.00292572868005846,0.00259073167833995,0.00220493181322444,0.00181035598360262,0.00157337861382632,0.00143121378200628,0.00134448818053896,0.00128999032539796,0.00121269233206653,0.00105563025294517,0.000879241061692464,0.000690737580607117,0.000468986275370874,0.000312860528266438,0.000193509478307533,9.62559235622523e-05,4.89068202390187e-05,2.38657600430397e-05,6.58846038037969e-06,2.80196145488701e-06,0,0,0,0,0,0,0,0,0,0,0,0,0,0,0,0,0,0,0,0,0,0,0
0,0,0,0,0,0,0,0,0,0,0,0,0,0,0,0,0,0,0,0,0,0,0,0,0,0,0,0,0,0,1.85087957052214e-06,4.27447363985575e-06,1.03631989655634e-05,1.96339649014669e-05,3.68523709459049e-05,6.76433368448865e-05,0.000140216484453022,0.00023365923361169,0.000473368993438912,0.000757151870627612,0.00116620549521171,0.00183420374113038,0.00250575838851604,0.00320203834704138,0.00391062965741815,0.00425792216389151,0.00429897828533493,0.00394648173952095,0.00340672455414392,0.00279422963738307,0.00211556806066626,0.00171125981650208,0.00149269474861586,0.00145409109490297,0.00153866892988683,0.00169134450416192,0.0018238302886265,0.00186221373002599,0.00178251355567397,0.00153558904763931,0.00125190027245948,0.000954417986025746,0.000650141981983509,0.000469413558001472,0.000363750310097565,0.000312590620614574,0.000305095685522507,0.000311194235158304,0.000311586634346724,0.000307287472502056,0.000287962063064504,0.000248536985452609,0.000206539513027576,0.000161222803594743,0.000109367649999698,7.29299810959847e-05,4.49417289386504e-05,2.1801117956342e-05,1.13017914763336e-05,1.5267088377492e-05,2.70332339461087e-05,4.92836597288005e-05,8.84637249525412e-05,0.000161302150534694,0.000239866530714775,0.000377172981136761,0.000590926951403697,0.000828939023497691,0.00116575671603967,0.0017763139986629,0.00251310711055652,0.00339908024477676,0.0045876101261957,0.005541797880617,0.00632851282702079,0.00693904365784108,0.00712151364496359,0.00703145507622977,0.00664911350719915,0.00617173934845383,0.0056538899017756,0.00511591969911688,0.00482299817039466,0.0046954348755333,0.00467326478868166,0.00466274089470565,0.00455036897886993,0.00416712944990762,0.00369573405595776,0.00315045819719464,0.00258891547139203,0.00224952487568967,0.00204283653756508,0.00191204831398084,0.00182815490173592,0.00171249855531379,0.00148593491790314,0.00123513638505295,0.000969312430162025,0.00065786749149968,0.000439002968481207,0.000271751370698265,0.000135284416359922,6.86562570380506e-05,3.35894674828946e-05,9.46044754871769e-06,4.02336932258514e-06,0,0,0,0,0,0,0,0,0,0,0,0,0,0,0,0,0,0,0,0,0,0,0
0,0,0,0,0,0,0,0,0,0,0,0,0,0,0,0,0,0,0,0,0,0,0,0,0,0,0,0,0,0,2.74521931962138e-06,6.33988715647986e-06,1.53706672581184e-05,2.91210409508543e-05,5.47518171249488e-05,0.000100840348924965,0.000201535627343188,0.000332080684388546,0.000655279073495771,0.001034763395819,0.00157696478278554,0.00245651067675876,0.00333689745724725,0.00424699789105571,0.00517051244774633,0.00562187079881891,0.00567367645530303,0.00521497906215134,0.00451574678419122,0.00372847330847409,0.00286415185929315,0.00236087667110733,0.00210523786065707,0.00209466930095428,0.00223838069071647,0.00246534672480756,0.00265850427943318,0.00270693666155054,0.00258513310172341,0.00222184537897152,0.00180850165710916,0.00137703705739094,0.00093746642618365,0.000677391792299996,0.000526012026137873,0.000454025698192666,0.000444647211703312,0.000455396355327214,0.000458135334672605,0.000453244210887984,0.000426088871916249,0.000369040330078721,0.000307435988398661,0.000240457284245142,0.000163406574149044,0.000109079506239311,6.72687180056815e-05,3.2686470655976e-05,1.69448042155872e-05,2.30513608265365e-05,4.09395163437858e-05,7.4693463162513e-05,0.000134074093062937,0.00024465383575002,0.000363969625181757,0.00056075782116407,0.000861205222632315,0.00118472889229486,0.00163069016639971,0.00242805514327391,0.00338465098244315,0.0045348662683012,0.006082835843164,0.00733125094660002,0.00836716120539885,0.00918120683667527,0.0094360957774831,0.00933292543118338,0.00884784391218392,0.00823343495242664,0.00756755906493879,0.00688535307270436,0.00652860694327702,0.0063951822811336,0.00640805096325592,0.00641840218016768,0.00628060605207039,0.00576535936452977,0.00512161532514367,0.00437323964945496,0.00359678694684022,0.00312430012630701,0.00283208001697792,0.00264055407890693,0.00251542398103461,0.00234742214260909,0.00202984385151124,0.00168342976055626,0.0013194921994809,0.000894984826969574,0.000597325110510375,0.000369999677809726,0.000184314071618903,9.33963103886827e-05,4.580832186918e-05,1.31512878808358e-05,5.59302167680347e-06,0,0,0,0,0,0,0,0,0,0,0,0,0,0,0,0,0,0,0,0,0,0,0
0,0,0,0,0,0,0,0,0,0,0,0,0,0,0,0,0,0,0,0,0,0,0,0,0,0,0,0,0,0,3.94189262492124e-06,9.10351834053379e-06,2.20709214276009e-05,4.18152443171768e-05,7.87544768599091e-05,0.000145576286725437,0.000281654059455335,0.000459277351204204,0.000882830950807307,0.00137580086850639,0.00207301830845712,0.00319479537015806,0.00431113032889734,0.00546000430583624,0.00661992679620729,0.00718288563671101,0.00724194094204691,0.00666224755462491,0.00578717626031436,0.0048129232963871,0.00375716456627681,0.00316175662976293,0.00288624021636879,0.00293528221596664,0.00316864903171015,0.00349938121796279,0.0037780530191274,0.00384239072500766,0.00366811220355159,0.00315499813470353,0.00257241825320352,0.00196386530033052,0.00134233210686648,0.000972736474405195,0.000755427621161213,0.000649929876184291,0.000634240826931529,0.000649000863084143,0.000653863527108347,0.000648086782642046,0.000610525264912791,0.000530616084789938,0.000443111887271238,0.000347247752117859,0.000236386197512234,0.00015795747950089,9.74826595130666e-05,4.74445305556555e-05,2.45954446972097e-05,3.36959166107107e-05,6.00232649093138e-05,0.000109595090680015,0.000196722199841014,0.000359258585102831,0.000534701752484483,0.000809662794930099,0.00122116279007949,0.00164959315531409,0.00222389663769266,0.00323388575799966,0.00443681975379043,0.00588254055308317,0.00783459679935415,0.00941654745418009,0.0107384285636676,0.0117926836822738,0.0121399198960179,0.0120321461773287,0.0114428394961687,0.0106828616842351,0.00986233703184846,0.00903735999956822,0.00863153616704792,0.00851994224223267,0.0086092870332839,0.0086696629288289,0.00852093288966059,0.00786100515533208,0.0070121920233493,0.00601202054472957,0.00495568781478246,0.00429889796362952,0.00387726066283492,0.00358199769584542,0.00338618561545336,0.00313845120294448,0.0026978843027075,0.00222945436069912,0.00174385027859979,0.00118088119132668,0.000788116327044421,0.000488422864472705,0.000243422328383228,0.000123114585710948,6.05325549958805e-05,1.76992044374751e-05,7.52717414278697e-06,0,0,0,0,0,0,0,0,0,0,0,0,0,0,0,0,0,0,0,0,0,0,0
0,0,0,0,0,0,0,0,0,0,0,0,0,0,0,0,0,0,0,0,0,0,0,0,0,0,0,0,0,0,5.47975816563872e-06,1.26551085250777e-05,3.06815338275439e-05,5.81287843932091e-05,0.000109672020664706,0.000203517649507773,0.000382630670046152,0.00061800749751233,0.00115881431038827,0.00178247908521943,0.00265492114859408,0.00404593178737842,0.00542114113615586,0.00682919266256593,0.00824350753009263,0.00892523507263623,0.0089912612201706,0.0082854087486205,0.00723055978969747,0.00607268709808843,0.00484123310575963,0.00417711004036331,0.0039129996011829,0.00406402831971862,0.00442122104656738,0.00488269849814516,0.00526283035120923,0.00533724681995219,0.00508714755911651,0.00437570630534284,0.00357430081930564,0.00273890527695136,0.00188508677201943,0.00137466596644296,0.00107101144893172,0.000918226730503786,0.000889787445496263,0.000905641483341459,0.000909290329048366,0.000900761117050534,0.000849284599592972,0.00073964419054198,0.000618783469944987,0.000485545174282111,0.000331089614636636,0.000221460535877698,0.000136770299594851,6.66704116385973e-05,3.45622225194905e-05,4.76868130707412e-05,9.13479634948052e-05,0.000168894972124609,0.00030539910183675,0.000562561809724785,0.000844003972623329,0.00125781724843351,0.00185821410524433,0.00244794266306082,0.00318966463404398,0.00443184807823973,0.00587604905452723,0.0075992360202795,0.00992973329424971,0.0118271974384913,0.0134228271888958,0.0147089829108599,0.0151445604203311,0.0150267284487911,0.0143231499713027,0.0134108599092107,0.0124303520311307,0.0114663281717353,0.0110259035331545,0.0109609839538815,0.0111609202293289,0.0112906740049839,0.0111341888417344,0.0103054093693073,0.00921447812139752,0.00791806494861169,0.00653366324972506,0.0056632498823906,0.00509308862953,0.00467928978174461,0.00440141523270028,0.00405942818619827,0.00347383467538463,0.00286194365332095,0.0022345451810676,0.00151120442253397,0.00100835829154833,0.000625115069977869,0.000311640493454646,0.000157257091185707,7.75044372934281e-05,2.30604652792441e-05,9.80722826179892e-06,0,0,0,0,0,0,0,0,0,0,0,0,0,0,0,0,0,0,0,0,0,0,0
0,0,0,0,0,0,0,0,0,0,0,0,0,0,0,0,0,0,0,0,0,0,0,0,0,0,0,0,0,0,7.37474237659223e-06,1.70314386692257e-05,4.12916776356429e-05,7.82306073747006e-05,0.000147863367989563,0.000275535390432661,0.000505820035205373,0.000810388213479048,0.00148539294233613,0.00225704283013706,0.00332423467189743,0.00500895507616516,0.00666208623203165,0.00834422873398464,0.0100218641909952,0.0108228065268113,0.0108895846737039,0.0100478766427022,0.00880747821054839,0.00746872408082363,0.0060763406178228,0.00536708893278084,0.00514616507498611,0.00544285466587462,0.00595975683106988,0.00657985592886427,0.00707896604031659,0.00715914194537452,0.00681370377862938,0.00586448504133759,0.00480572250967838,0.00370628340311767,0.00258358203932475,0.00190914674646191,0.0015015632513437,0.00128614467831076,0.00123409108259097,0.00124295149902144,0.001236843625402,0.00121974415951123,0.00114805862064351,0.00100008802096527,0.000837472115221935,0.000657365951361097,0.000448992187843028,0.000300615096545057,0.000185782936453935,9.07003531647252e-05,4.70194455325784e-05,6.53370623763661e-05,0.00012734903123447,0.0002361646699316,0.000427645141186663,0.000789536161462676,0.00118672086945144,0.00174901372917592,0.00254958638457246,0.00330810264830852,0.00422408433475172,0.00570923227961312,0.00740762050749526,0.00942444740734884,0.0121580429646878,0.0143938453271959,0.0162866849308337,0.0178320454567639,0.0183762868991839,0.0182631773250581,0.0174577130063003,0.0163969012009628,0.0152603783581718,0.0141687448730479,0.0137129689294479,0.0137242826164723,0.0140763267560832,0.0143029712832073,0.0141518892807601,0.0131428953789529,0.011780982103447,0.0101469900450938,0.00838133764787984,0.00725745438747111,0.0065056732785129,0.0059411000706216,0.00555810969520435,0.00509923283092338,0.00434226691407982,0.00356533890607431,0.0027780464416307,0.00187576608654926,0.00125110084876977,0.000775705721298986,0.000386757625502589,0.000194635557427187,9.61493484617167e-05,2.90878247028383e-05,1.23705629112649e-05,0,0,0,0,0,0,0,0,0,0,0,0,0,0,0,0,0,0,0,0,0,0,0
0,0,0,0,0,0,0,0,0,0,0,0,0,0,0,0,0,0,0,0,0,0,0,0,0,0,0,0,0,0,9.60862343386979e-06,2.21904267773565e-05,5.37993276365772e-05,0.000101927417783746,0.000193005540324471,0.000361265001350791,0.000649056583740452,0.00103211943594547,0.0018521239594999,0.00278082266928895,0.00404972467131648,0.00603139770636315,0.00796001608434137,0.00990912665815736,0.0118382463567894,0.0127499133490723,0.0128134075543903,0.0118427545570298,0.0104329164092679,0.00894024576422503,0.00742909643065196,0.00671570035467115,0.00658136597097753,0.00707483804616187,0.00778927968228946,0.00859605936795066,0.00922990997251647,0.00930764197686615,0.00884068638607404,0.00760152942569331,0.00623269430130954,0.00481653990154934,0.00337242185697275,0.00250304608327807,0.00197366601975735,0.00168835998983061,0.00161340680997144,0.00162048776515753,0.00161041521652754,0.00158841214618598,0.00149685174001806,0.00130686554037036,0.00109637555869144,0.000861729218823797,0.000589522984257362,0.000395077870008799,0.000244325526587531,0.00011945757063561,6.19273083287142e-05,8.66684741460779e-05,0.000172366505793057,0.000320726543138837,0.000581735557984989,0.00107672917605006,0.00162174824055321,0.00236899446571432,0.00341464769931292,0.0043717430029244,0.00547871635597357,0.00720592853001544,0.00913899228097749,0.0114188085543531,0.014512395200287,0.0170515896514244,0.0192124203254957,0.020992679145587,0.0216350828368535,0.0215226687591908,0.0206203805418039,0.0194244233510322,0.0181546943779112,0.0169759813646988,0.0165484552643618,0.0166866642866534,0.0172520705821371,0.0176158463447228,0.017494681509386,0.0163085462918854,0.0146585277257838,0.0126565777807398,0.0104642414549001,0.00904969358054484,0.0080827857425517,0.00733270836051393,0.0068198614003949,0.00622132063109209,0.00526963643711639,0.00431065591630956,0.00335104623752311,0.00225830860597273,0.00150532297484818,0.000933276210360644,0.00046528074522081,0.000233418461133476,0.000115567940747222,3.55208444415737e-05,1.51064180740495e-05,0,0,0,0,0,0,0,0,0,0,0,0,0,0,0,0,0,0,0,0,0,0,0
0,0,0,0,0,0,0,0,0,0,0,0,0,0,0,0,0,0,0,0,0,0,0,0,0,0,0,0,0,0,1.21200483466199e-05,2.79903825167777e-05,6.7860964315921e-05,0.00012856838858213,0.000243906667255209,0.000458730406526347,0.000809053986581936,0.00127824828995336,0.00225021699054785,0.00334097660163932,0.0048127908533915,0.00708498300861273,0.00927644900666315,0.0114740736051916,0.0136303078797793,0.014637547707835,0.0146921245489648,0.0136057534839573,0.0120538272546886,0.0104483058062669,0.00887859883389838,0.00821466503758611,0.00821861744837552,0.00896290308016482,0.0099106381886192,0.0109260847464959,0.0117033425710804,0.0117672557313789,0.0111547116843425,0.0095839002933764,0.00786568114923904,0.00609452329833113,0.00429003773209149,0.00320004269301,0.00252970240540818,0.00215892660697541,0.00205165041079802,0.00205199081710822,0.00203382920248172,0.00200497346894228,0.00189079320149314,0.00165402582415284,0.0013899557144861,0.00109375280831674,0.00074942883452744,0.000502702800601518,0.00031108586296972,0.000152316600230881,7.89615678260531e-05,0.000111301982259722,0.000226612663108252,0.000423261946859285,0.000769198032688215,0.00142765974373286,0.00215529649545002,0.00312658466489262,0.00446480488078515,0.00565055388974294,0.00696159661542161,0.0089169748084527,0.0110464718421182,0.0135337845146074,0.0169098250987981,0.0196896080111845,0.022066372225796,0.024039931931003,0.0247650226875734,0.0246516872412323,0.0236667091413649,0.0223595360582784,0.0209892829060112,0.0197716150413004,0.0194175607568933,0.0197314584596388,0.0205678900034103,0.0211083570123307,0.0210454811746608,0.0196977634004879,0.0177565237990459,0.0153708327717629,0.0127196406477627,0.0109834279818156,0.00977000550921114,0.00879944032007956,0.00813207069866466,0.00737304620519527,0.0062092194643986,0.00505840739791813,0.00392221493819813,0.00263722022312122,0.00175643929863854,0.00108868482672521,0.000542602605827296,0.000271230672079042,0.000134582474043018,4.19937035485555e-05,1.78592162504927e-05,0,0,0,0,0,0,0,0,0,0,0,0,0,0,0,0,0,0,0,0,0,0,0
0,0,0,0,0,0,0,0,0,0,0,0,0,0,0,0,0,0,0,0,0,0,0,0,0,0,0,0,0,0,1.48005000835497e-05,3.41806935855739e-05,8.28689935306782e-05,0.000157002380810003,0.00029841631875116,0.000564134813025032,0.000979463450146495,0.00153906647807716,0.00266356310864316,0.00391448951142658,0.00558122469279608,0.00812323182829126,0.0105509651271901,0.0129643173839667,0.0153089966737916,0.0163899637232257,0.0164298572409027,0.0152495970958644,0.0135954325719214,0.0119317201365,0.0103785836099417,0.0098257758070032,0.0100224174262031,0.0110678218918124,0.0122775220182005,0.013514524199169,0.0144349637332593,0.0144706126643702,0.0136910500633444,0.0117577007254684,0.00966460840810838,0.00751475447813634,0.00532654422869471,0.00400038462053715,0.00317745534950202,0.00271250023492217,0.00256831044545938,0.00256110455950464,0.00253399765485343,0.00249638777891899,0.00235444916802975,0.00206075783436981,0.00173199468493798,0.00136210928303823,0.000932875661242221,0.000625333333291643,0.000386665678417368,0.000189337567623519,9.80410849088054e-05,0.000138383659092909,0.000289553644179871,0.000543119137043961,0.000989211139965155,0.00184161662202193,0.0027873831193283,0.00402239576455444,0.00570093348920018,0.00714434613392762,0.00866825245264496,0.0108249110773111,0.0130938504020649,0.0157084183777635,0.0192540259058835,0.0221816048629733,0.0246956710451851,0.0267972002160012,0.027578147341928,0.0274587763473958,0.0264091236839974,0.0250235227675729,0.023595692577617,0.0223966652343804,0.0221643459782926,0.022701159134872,0.0238616274404933,0.024616777187852,0.0246444298266918,0.023165365989196,0.020947217189718,0.0181810797223139,0.0150573572271224,0.0129784145214406,0.0114922407786571,0.0102689526974258,0.00942478329549704,0.00848885743264536,0.00710430821908485,0.00576152118681355,0.00445462812766012,0.0029872802284377,0.00198750381159196,0.00123133158943385,0.000613392524243089,0.000305367066247764,0.00015184079587719,4.80633384224661e-05,2.04405299383736e-05,0,0,0,0,0,0,0,0,0,0,0,0,0,0,0,0,0,0,0,0,0,0,0
0,0,0,0,0,0,0,0,0,0,0,0,0,0,0,0,0,0,0,0,0,0,0,0,0,0,0,0,0,0,1.74975517235035e-05,4.04093409400099e-05,9.79699667168243e-05,0.000185612463324101,0.000353481553828308,0.000671913380244138,0.00115141403718411,0.00180123377777503,0.00307136263878661,0.00447291285737308,0.00631714149312485,0.00909468573064344,0.0117196381037384,0.0143037434861347,0.0167867743043755,0.0179147652998003,0.0179348833209537,0.0166900171623565,0.0149833091743428,0.0133255206268827,0.0118729024856257,0.0114953454156349,0.0119361155736973,0.0133227990736056,0.0148113972745149,0.0162704249897598,0.017323091589001,0.0173140000869517,0.016351689300052,0.0140416414811364,0.0115658849608946,0.00903152020690096,0.00645163601498598,0.00487882477510685,0.00388888720745525,0.00330922640752563,0.00310999433720788,0.00308097956596343,0.00303293462924753,0.00298168826255231,0.00281067923818554,0.00246187890795201,0.00207070141346653,0.00162934078864709,0.00111780733392798,0.000751476685636857,0.000468280859095303,0.000236745734328055,0.000132254464947415,0.000186906808049602,0.000386141368381135,0.000707685182133927,0.00126855878586613,0.00234061059910991,0.0035338169721383,0.00506480029253182,0.00712275231061709,0.00884627811251066,0.0105848783173274,0.0129037821118804,0.0152405439008198,0.0178836295053475,0.021459320605673,0.0244191503194683,0.026970926781141,0.0291148954423778,0.0299133828459247,0.0297770645031866,0.0286795339843364,0.0272518126597813,0.0258135848758544,0.0246923819548947,0.0246262416475873,0.0254246007751305,0.0269493913657268,0.0279506474944754,0.0281017606747864,0.0265352630490593,0.0240732128303037,0.0209516426331247,0.0173644556658818,0.0149351972962415,0.0131584880680477,0.0116565689710645,0.010618391298919,0.00949607467967381,0.00789355538229341,0.00636999099884515,0.00490952521549036,0.0032823018779377,0.00218101464333705,0.00135030039985105,0.000672177487054543,0.000333099806852248,0.000165968596635383,5.32564908753789e-05,2.26490903853251e-05,0,0,0,0,0,0,0,0,0,0,0,0,0,0,0,0,0,0,0,0,0,0,0
0,0,0,0,0,0,0,0,0,0,0,0,0,0,0,0,0,0,0,0,0,0,0,0,0,0,0,0,0,0,2.00265915836395e-05,4.62499771372348e-05,0.000112130230669079,0.000212440291908493,0.000405374593332667,0.000775105254817909,0.0013141202477196,0.00204868507934906,0.00344957571449871,0.00498438850628977,0.00697978203981173,0.00994696864962163,0.0127203799946343,0.0154216043585128,0.0179857881870121,0.0191317830287355,0.0191285506039434,0.0178537196290591,0.0161499252858019,0.0145658573826195,0.0132984830885949,0.0131559531049353,0.0138830215296939,0.0156346467819295,0.0174032931157857,0.019070051731111,0.0202325887869816,0.0201619193520048,0.0190099683463418,0.0163309464305561,0.0134887865968667,0.0105884384285177,0.00763348174327017,0.00581822358882584,0.00465619377604254,0.00394723565943843,0.00367751828466723,0.00361364124386616,0.00353326604669107,0.00346264675823543,0.00325972669764513,0.0028553651957049,0.00240243469836662,0.00189100627556559,0.00130018494304393,0.000878368327468044,0.000555096370306879,0.000296765676987136,0.000186780060355104,0.000264023867979955,0.000526674226453377,0.000928193617782277,0.00161715119685204,0.00292943277262242,0.0043928853645766,0.00624424526137,0.00871023015736941,0.010728247829402,0.0126750792308121,0.0151041509090285,0.0174227516007857,0.0199779569710124,0.0234204597272588,0.0262779986858531,0.0287526956243813,0.0308433482881605,0.0316198489993318,0.0314615841208169,0.0303443622617229,0.0289221108432792,0.0275314981171966,0.0265527834218223,0.0266961837371865,0.0277900485763197,0.0297149299901105,0.0309960926444914,0.0313137703432086,0.0297254060149908,0.0270720589660695,0.0236360408675775,0.0196027075346764,0.016813438635249,0.0147209217060437,0.0129045934912827,0.0116505517974506,0.0103330699901075,0.00852229834897166,0.00683871515718498,0.00525091020491958,0.00349831680999321,0.00232107158897871,0.00143571925398881,0.000714031411893951,0.000352033645111881,0.000175747636754815,5.71294469156047e-05,2.42961934890337e-05,0,0,0,0,0,0,0,0,0,0,0,0,0,0,0,0,0,0,0,0,0,0,0
0,0,0,0,0,0,0,0,0,0,0,0,0,0,0,0,0,0,0,0,0,0,0,0,0,0,0,0,0,0,2.21904267773565e-05,5.12471993465252e-05,0.000124245689177734,0.000235394062063302,0.00045008255282086,0.00086603969008686,0.00145592527095468,0.00226415199166947,0.00377312120973657,0.00541648009813476,0.00752905632846598,0.0106312893928997,0.013498289442578,0.0162586957415959,0.0188448029332357,0.0199802965623421,0.0199523730012294,0.0186847817052557,0.0170401461922923,0.015594660800595,0.0145891533347288,0.014730021830599,0.0157702927170018,0.0178887960150433,0.0199201869256429,0.0217647908247145,0.023004232440768,0.0228569019287046,0.0215199464902966,0.0185049920620173,0.0153389383907534,0.0121172424226851,0.00882930545883062,0.00679016534423368,0.00545880636095435,0.00460859705336707,0.00425219181276706,0.00413795351384133,0.00401138519352079,0.00391417669540895,0.00367648287806831,0.00321797996391528,0.00270690869750185,0.00212972785767729,0.00146612760348143,0.000993475910373862,0.000633550540639179,0.000350756687380785,0.000235492523604223,0.000332856378796394,0.000661516902641267,0.0011455296602256,0.00196891547835515,0.00353753631429585,0.00529345314388468,0.00749081519911271,0.0103956309541128,0.0127245143322793,0.0148748577761292,0.01736258391041,0.019576695321914,0.0219262345394935,0.0250684163923914,0.0276855478168815,0.0299641527622508,0.0319005142353252,0.0326110103192481,0.0324217889456881,0.0313085792462526,0.029936040515317,0.0286421492261972,0.0278522922144139,0.0282226609347661,0.0296097442725878,0.0319181914997269,0.033472135161859,0.0339695819731375,0.0324146305524773,0.0296372914436216,0.0259616729323123,0.0215560360389324,0.0184471747610934,0.0160598122584736,0.0139390549508676,0.012475892247696,0.0109755904464787,0.00898421666156839,0.0071711493960354,0.00548954830626547,0.00365136992394738,0.00242871631744015,0.00151463960816304,0.000773889192355447,0.000403258832292605,0.000225626340410261,0.000103687874302566,6.48491609889093e-05,3.2794412166788e-05,2.32117389542101e-05,1.57628852215658e-05,9.78311695287474e-06,4.90109250323397e-06,2.4954227160131e-06,1.16120486188498e-06,0,0,0,0,0,0,0,0,0,0,0,0,0,0,0,0
0,0,0,0,0,0,0,0,0,0,0,0,0,0,0,0,0,0,0,0,0,0,0,0,0,0,0,0,0,0,2.38041746231103e-05,5.49740342729613e-05,0.000133281171697582,0.000252512554842608,0.000483809078253913,0.000937255737112476,0.00156565860465444,0.00243112590176288,0.00401858184050779,0.00573950720343113,0.00792944941496367,0.0111068880663992,0.0140103867116551,0.0167722278703447,0.0193239925721301,0.0204236323387195,0.0203723391342595,0.0191486311533534,0.0176150377018522,0.0163635893978107,0.0156800948801732,0.016135133727849,0.0174955674977433,0.0199580499855337,0.0222157495875848,0.0241937563973735,0.025468837379035,0.0252337535293679,0.0237296351198098,0.0204379158641415,0.0170165568246755,0.0135437720970617,0.0099901216456863,0.00776043333256551,0.0062714361402708,0.00527252474628626,0.00481422364816912,0.00463300836793963,0.00444496256744375,0.00431285724510013,0.00403753573015548,0.00352787661867722,0.00296489461243067,0.0023304297863236,0.00160625966125657,0.00109282093923746,0.000705704799432364,0.000409208394693598,0.000296828894495534,0.000418846575105022,0.000823340377751787,0.00139451711149114,0.00235525374931461,0.00418348830734013,0.0062374463131782,0.0087870284142728,0.0121380944445748,0.0147784590570466,0.017117187649841,0.0196068368545569,0.0216318974969314,0.0236633342761888,0.0263473171825076,0.0285939229006841,0.030565065625843,0.0322527416898746,0.0328549753768761,0.0326247350162512,0.0315316378025921,0.0302424435590037,0.0290813876524658,0.0285075956413345,0.0291065443331723,0.0307698020455119,0.0334330060670066,0.0352494684600977,0.0359428008680788,0.034485526419005,0.0316598080318751,0.0278251588930811,0.0231220294179158,0.019730082640843,0.0170634197268596,0.0146436297755618,0.0129790793292683,0.0113150897142996,0.00918330049552529,0.00728527037235694,0.00555578569055774,0.00368455056441927,0.00245256208617929,0.00153629524778694,0.000797272558334863,0.000427641480639905,0.000253330107408047,0.000132180644370434,9.01268482953905e-05,5.36058465797393e-05,3.79419795939648e-05,2.57660604661497e-05,1.59915129376388e-05,8.01134081822461e-06,4.0790256152744e-06,1.89810902410055e-06,0,0,0,0,0,0,0,0,0,0,0,0,0,0,0,0
0,0,0,0,0,0,0,0,0,0,0,0,0,0,0,0,0,0,0,0,0,0,0,0,0,0,0,0,0,0,2.47211949204775e-05,5.70918268893673e-05,0.000138415629902442,0.000262240224118984,0.000503503318181776,0.000982507470971861,0.00163409504935878,0.0025359618798934,0.00416702518969197,0.00592992820943827,0.00815379290540171,0.0113449116522006,0.01422923202373,0.0169389118254778,0.0194071598059711,0.020450743380686,0.0203800829343627,0.0192333085077681,0.0178537031078642,0.0168369968436182,0.0165126280249695,0.0172907039770622,0.0189558109882484,0.0217142645952881,0.0241443405706772,0.026199687015189,0.0274644328820869,0.0271364436876261,0.0254963945990902,0.0220108228116414,0.0184254013357783,0.0147937519883032,0.0110635418522158,0.00869030479779219,0.00706473488048287,0.00591618585893393,0.00534402719423153,0.00508010133074188,0.00481558818061838,0.00463996277709714,0.00432433882542782,0.00376761296596559,0.0031608855007971,0.0024805054995806,0.00171187700049638,0.00117104351804012,0.000769389034421621,0.0004735516354637,0.000374997621350345,0.000527544420601836,0.0010178570741498,0.00167868828228397,0.00277401141362125,0.00485237383229033,0.00719502805702607,0.0100861239450164,0.0138704246087593,0.0168094090368027,0.0193139156912733,0.0217497899010072,0.0235112836064901,0.0251283283837801,0.0272205116731506,0.0289885003646534,0.030561128185455,0.0319258129574405,0.0323893281937082,0.0321160435413968,0.0310623758805327,0.0298873208693041,0.0288868090400473,0.0285381950612954,0.0293463178248998,0.0312432449011926,0.0342001241398414,0.0362460711932003,0.0371357050548184,0.0358342058011537,0.0330410688975319,0.0291410608982853,0.0242376532188292,0.0206189419286891,0.017706944346365,0.0150124203780353,0.0131662792031003,0.0113667266119252,0.0091412788273437,0.00720529927521158,0.00547341601285981,0.00362072155821149,0.00241520340063222,0.00152440762140854,0.000810730189659174,0.000454704991298111,0.000289934208166665,0.000172874797311696,0.000127172021909291,8.48307538272243e-05,6.00428299526139e-05,4.07745511350144e-05,2.53064205472399e-05,1.26778723616627e-05,6.45502011258353e-06,3.00373988350675e-06,0,0,0,0,0,0,0,0,0,0,0,0,0,0,0,0
0,0,0,0,0,0,0,0,0,0,0,0,0,0,0,0,0,0,0,0,0,0,0,0,0,0,0,0,0,0,2.48550504577298e-05,5.74009566537488e-05,0.000139165096041289,0.000263660151683228,0.000507314714076464,0.000997668106293344,0.00165525082871169,0.00256975079832404,0.00420646877477512,0.00597323940313409,0.00818635791595717,0.0113312449612327,0.0141450824659678,0.0167560874292552,0.0191014336375378,0.020074967934824,0.0199911918074409,0.0189482620064686,0.0177532892877331,0.0169938501843517,0.0170389586662422,0.0181253441813181,0.0200573617528375,0.0230414855970997,0.0255763912439295,0.0276459340396974,0.0288540349821525,0.0284351924680771,0.026702264064451,0.0231238662206355,0.0194817187966998,0.0157987407128549,0.0119969051396987,0.00953816208040703,0.00780612888092027,0.00651539065817023,0.0058231219198074,0.00546408775078505,0.00511063895892403,0.00488368030003653,0.00452561104032571,0.00392652817658116,0.00328525862493397,0.00257216130365306,0.00177763832903444,0.00122511362187329,0.000823986528293279,0.000546188774523567,0.000474996957871453,0.000665605612101533,0.00125163144630378,0.00200231650183108,0.0032233762698009,0.00552839433265056,0.00813356342165268,0.0113359765885318,0.0155166481439803,0.0187255268705608,0.0213659902593591,0.0236979872622057,0.0251400453771669,0.0262755642920529,0.0276870807462567,0.0289089326327008,0.0300301199493483,0.031034922394966,0.0313492828322616,0.0310407108103268,0.0300467899158324,0.0290090916837807,0.0281864734243162,0.0280604650113648,0.0290514728688185,0.0311341427799099,0.0343168028361546,0.0365513000469935,0.03762566949363,0.0365180698038019,0.0338206894295285,0.0299325043916502,0.0249132603849405,0.0211202847493754,0.0179993591737875,0.0150635959119719,0.0130653214373605,0.011167975495684,0.00890209556639578,0.00697755668060985,0.00528576859928127,0.00349591393628169,0.00234491200276428,0.0014999563845137,0.000828366642866305,0.000494884320934245,0.000343350891980865,0.000231686130190978,0.000180720253512796,0.00012996408461699,9.19880005840614e-05,6.24682320367423e-05,3.87704415317731e-05,1.94230040644264e-05,9.8893472268892e-06,4.60184881985828e-06,0,0,0,0,0,0,0,0,0,0,0,0,0,0,0,0
0,0,0,0,0,0,0,0,0,0,0,0,0,0,0,0,0,0,0,0,0,0,0,0,0,0,0,0,0,0,2.4192942771686e-05,5.58718664331776e-05,0.000135457910659602,0.000256636572582881,0.000494879759728223,0.000981351554336193,0.00162726200319232,0.00252959874136873,0.00413353534731798,0.00586588395688574,0.00802477250023473,0.0110679242679465,0.0137664152234857,0.0162409846974868,0.0184348771081979,0.0193306108413674,0.0192413936430863,0.0183213234390659,0.0173275777543296,0.0168286601726408,0.0172264455081805,0.0185840214113058,0.0207258247087136,0.0238486491768978,0.0264128809850956,0.0284319471271333,0.0295412569861194,0.0290411078239721,0.0272668909506283,0.0237064651290803,0.0201220186578971,0.0165016311260546,0.0127405945618148,0.0102615037074507,0.0084609741716601,0.00704522568294672,0.00623455373503935,0.00577484601988446,0.00532657911325689,0.00504543865980614,0.00464871074880534,0.00402163862461807,0.0033660743222824,0.00264694814275024,0.00186117825983302,0.00132339184840449,0.000943651882637828,0.000700245290820886,0.000663213827312639,0.00088890793106023,0.00156432662855417,0.00239136354242611,0.00371484663176543,0.00620320704022166,0.00902543650727376,0.0124889841686558,0.0170067239673832,0.0204448776807621,0.0231876687253785,0.025377365964589,0.0264658373571697,0.0270804554133665,0.0277568074044052,0.0283892365520837,0.0290232954898391,0.0296418294505416,0.0297999020950338,0.0294641960541305,0.0285444522208401,0.0276571175488018,0.0270127830649602,0.0270772205801218,0.0281950548676859,0.0303835114205577,0.0336899871084243,0.0360524095925528,0.037291639714919,0.0364245366978065,0.0339057967971573,0.0301361650100683,0.0251290409159551,0.0212516140440134,0.017991293745531,0.0148776890541954,0.0127709594104161,0.0108175792237416,0.00855929808166494,0.00668399422890906,0.00506075026658347,0.00336301168204495,0.00228373535428905,0.00149625467102856,0.000874959479996085,0.000567664225273995,0.000428581588858712,0.000318636619885957,0.000258225088282512,0.000194515453610517,0.000137143981941518,9.29536520148348e-05,5.75042087115635e-05,2.88081444368127e-05,1.46678517057928e-05,6.82544909320487e-06,0,0,0,0,0,0,0,0,0,0,0,0,0,0,0,0
0,0,0,0,0,0,0,0,0,0,0,0,0,0,0,0,0,0,0,0,0,0,0,0,0,0,0,0,0,0,2.27977300006368e-05,5.26497225904222e-05,0.000127646020693364,0.000241836280325547,0.000467379170581944,0.000935121538744486,0.00155266396534096,0.0024190539467216,0.00395397071128956,0.00561580550794786,0.00768041700552412,0.0105729205422685,0.0131188132630948,0.0154283952339353,0.0174526411346309,0.0182682051975707,0.0181815708501923,0.0173946760951023,0.0166046791448314,0.0163515222707387,0.0170609004282822,0.0186340247937848,0.0209143475996417,0.0240798864711699,0.0265966256058417,0.0285047854827808,0.0294812611124632,0.0289160664320904,0.027156094766254,0.0237242412258828,0.0203087531188873,0.0168612225840169,0.0132514610953342,0.0108194765999359,0.00899424152131051,0.00748082098246791,0.00656296205231308,0.00600365217834375,0.00545950194434309,0.00512095568187938,0.00468440838543428,0.00403100901950379,0.00336586117860404,0.00264928075488872,0.00188493570428915,0.0013746148133815,0.00103111081786054,0.00084345586845213,0.000860714406208718,0.00113700583481688,0.00191589369387479,0.0028191494203218,0.00422763299659979,0.00685059379462788,0.00983001269621546,0.0134830976016408,0.0182483127335894,0.0218501081391705,0.0246448483089609,0.026652143328507,0.0273705435182593,0.0274589101175284,0.0274027979777104,0.0274561829773917,0.0276186177035112,0.027874708564136,0.0278976377729991,0.0275583301695073,0.0267333952982658,0.0260042364748092,0.0255310810297183,0.0257474597508033,0.0269341808673725,0.0291491754252441,0.0324757775794774,0.034898030284544,0.0362663026167424,0.0356537959864849,0.033366648786095,0.0297933596933718,0.0248995577769477,0.0210117629787971,0.0176711910016725,0.0144344016283573,0.0122565482128104,0.0102837464167065,0.00807591543300307,0.00628625589842077,0.00476021799206228,0.00318590202576531,0.00219882547134344,0.00148539175249654,0.000929976999153528,0.000659094440455014,0.000537704477279448,0.000431775529562948,0.000359984122043142,0.000279717916501621,0.000197092511366062,0.000133543776349051,8.25709678647124e-05,4.13659525421087e-05,2.10617403313618e-05,9.80074242155285e-06,0,0,0,0,0,0,0,0,0,0,0,0,0,0,0,0
0,0,0,0,0,0,0,0,0,0,0,0,0,0,0,0,0,0,0,0,0,0,0,0,0,0,0,0,0,0,2.0798086132812e-05,4.80316884739696e-05,0.000116449880440602,0.000220624237066984,0.000427353007918952,0.000863244535386474,0.00143801250558972,0.00224759085173272,0.00368190733932384,0.00524151488978233,0.00717718680018951,0.00987828630378545,0.0122423684469862,0.0143671304161129,0.0162123258974248,0.0169492882856387,0.0168724937695948,0.0162205556993063,0.015624286201944,0.0155873349219106,0.0165484528435226,0.0182688332925558,0.0206089935110723,0.0237208027402131,0.0261185828054536,0.0278648211177234,0.0286853331385584,0.0280763405644935,0.0263848513894293,0.0231818254087497,0.0200333379836331,0.0168555457170436,0.0134962627015127,0.0111759790475364,0.00937288713320201,0.00779848891707654,0.00679457846006027,0.00614655250049675,0.00551504563253842,0.00512229838380721,0.00465041976486292,0.00397905052131527,0.00331546829616155,0.00261743850480645,0.00189529247791656,0.00143013067202611,0.00113957252234765,0.00102622051263034,0.00111195174120094,0.00144703172437328,0.00233080586183995,0.00330018805508491,0.00476577936575464,0.00745979712299222,0.0105210241872929,0.0142747164605148,0.0191770759061901,0.0228647080427864,0.0256579559006074,0.0274568667133385,0.0278151786537246,0.0274082106338222,0.0266714049528146,0.0261944683774051,0.0259318129167792,0.0258737733102111,0.0257931042859328,0.0254763239878871,0.0247644753658436,0.0241945925013401,0.0238791234853304,0.0242059345585119,0.0254070564698991,0.0275793599693543,0.0308381109144769,0.0332649264222941,0.0347369748358592,0.0344035774840521,0.032410839619761,0.029125284252736,0.0244687223607334,0.0206650586974615,0.0173183704718535,0.0140171369509846,0.011793207352067,0.00981324951198977,0.00766022892013745,0.00595968534130362,0.00453011242221921,0.00308317245811999,0.0021913366177803,0.0015545028460649,0.00106421771406228,0.000828147854838808,0.000717567693588054,0.000603449946143885,0.000508409985082856,0.000399949961376231,0.000279597638046579,0.000188528377095321,0.000116097363397482,5.79798284635622e-05,2.92786370774491e-05,1.36243432848197e-05,0,0,0,0,0,0,0,0,0,0,0,0,0,0,0,0
0,0,0,0,0,0,0,0,0,0,0,0,0,0,0,0,0,0,0,0,0,0,0,0,0,0,0,0,0,0,1.83689358640932e-05,4.24217401249488e-05,0.000102848905016316,0.000194856028332064,0.000378313859124437,0.000772040595610648,0.0012929250438021,0.00202925515087433,0.00333800265160594,0.00476981390652746,0.00654878843576423,0.00902688856520845,0.0111879035672439,0.0131156825696781,0.014779110002584,0.0154413339087089,0.0153799245503273,0.0148571976326183,0.014434777476432,0.0145742100809118,0.0157156176635001,0.017509241579918,0.0198303585516626,0.0227997670098697,0.0250182343912182,0.0265648147280408,0.0272184848655892,0.0265895676802792,0.025014442417376,0.022121356577581,0.0193163379120855,0.0164837406485958,0.0134549195664228,0.0113031938253002,0.00956888227596594,0.00797739207434108,0.00691748280810969,0.00620078258349785,0.00549932430135324,0.00506087636514736,0.00456145138803641,0.00388212013436867,0.0032313881465348,0.00256749095473832,0.00190669365138484,0.001502766559903,0.00128000596829688,0.00125712021218351,0.00142349821009064,0.0018248812753163,0.00281165110716491,0.00383552307940503,0.00532845573566265,0.00802561993176675,0.0110860911097614,0.0148409659555568,0.0197545657995667,0.0234382380527755,0.026170304515948,0.0277416520639626,0.0277685165418678,0.0269262810036643,0.0256026949250706,0.0246788079431511,0.0240672157107307,0.023769133542784,0.0236301797292193,0.0233696974671495,0.0227944892334001,0.0223843935994583,0.0222127734918952,0.0226114855860887,0.0237799230211188,0.025849283635074,0.0289643586682553,0.0313426080742362,0.0328815791739563,0.0328127927412729,0.0311262029565782,0.0281589536185115,0.0237948392118876,0.0201300075027072,0.0168368392452593,0.0135476763180084,0.011341038441086,0.00941412341169603,0.00737325492528936,0.00579421371892058,0.00447054602042304,0.00314307633033838,0.00232598447378982,0.00174039773453404,0.00128628775470368,0.00106596584512696,0.000951244898704491,0.000815725886839822,0.000689143901333453,0.000545265839624071,0.000379171738260638,0.000254801938352249,0.00015667154216848,7.8184468955751e-05,3.94036377258194e-05,1.83358496376433e-05,0,0,0,0,0,0,0,0,0,0,0,0,0,0,0,0
0,0,0,0,0,0,0,0,0,0,0,0,0,0,0,0,0,0,0,0,0,0,0,0,0,0,0,0,0,0,1.57062852969857e-05,3.6272539581319e-05,8.79405457463927e-05,0.000166610869321145,0.000324239664760178,0.000668968860393438,0.00112873792754741,0.00178074143656738,0.00294679814755243,0.00423256948913806,0.005834990184536,0.0080681594267952,0.0100124391114006,0.0117375113933108,0.0132210544053663,0.0138132267052421,0.0137704336800758,0.0133652699640023,0.0130902902147701,0.0133610724154392,0.0146074091324491,0.0164015040471098,0.0186311930621998,0.0213840999391569,0.0233781343012534,0.0247027020597547,0.0251906968216091,0.0245657873088508,0.023144462527265,0.0206171270085961,0.0182049765606162,0.0157663563709627,0.0131232223211783,0.0111851519943116,0.00956260478400124,0.00800170113008094,0.00692234055459877,0.00616465298876327,0.00541844030537988,0.00494788646918318,0.00443217204281319,0.00375708114696243,0.00313104859176468,0.00251653677265889,0.00193446545760536,0.00160572320467977,0.00146286360435444,0.00154353674483644,0.0018000272068125,0.00227473262286993,0.0033614835499256,0.00443064325846661,0.00592556985194064,0.00856369838308426,0.0115427266139958,0.015196813906897,0.0199865872329894,0.0235664012109424,0.0261699899125339,0.0274958084827698,0.0272311176558895,0.0260327209377592,0.0242445895088068,0.0229783605169798,0.0221086485146375,0.0216504970265814,0.021494770177431,0.0213145865947428,0.0208877271990579,0.0206293918814913,0.0205855973836356,0.0210286024905577,0.0221363918914133,0.0240693366191946,0.0269970300679528,0.0292936701575055,0.0308732235608931,0.0310559038990543,0.0296846683701372,0.0270644487079799,0.0230490890741186,0.0195806139417979,0.0163972217730153,0.0131786977596831,0.0110244756386982,0.00917543289117732,0.00726393636973621,0.0058164308989762,0.00460109418698687,0.00339399533439365,0.00264566910815027,0.00209979473710582,0.00165974146897381,0.00143361351944479,0.00129054849203972,0.00110507544460592,0.000926210900212344,0.000729805921409935,0.000502642454393967,0.000335922549754731,0.000204817627823481,0.000102116860021329,5.133938210964e-05,2.38899564908712e-05,0,0,0,0,0,0,0,0,0,0,0,0,0,0,0,0
0,0,0,0,0,0,0,0,0,0,0,0,0,0,0,0,0,0,0,0,0,0,0,0,0,0,0,0,0,0,1.30014510391426e-05,3.00259188289666e-05,7.27959971602349e-05,0.000137918229492723,0.000269047380771931,0.000561630647576477,0.000957041682593019,0.0015192726359534,0.00253377917340799,0.00366309254313505,0.00507741916149457,0.00705343969771487,0.00877441334410684,0.0102963671399214,0.0116048468405373,0.0121314371777362,0.0121080048514881,0.011804812579312,0.0116477693342953,0.0120044891282145,0.0132836116553293,0.0150127200676938,0.0170904342634072,0.0195718943802206,0.0213136809884706,0.0224094663775768,0.0227434368978193,0.0221441877317439,0.0209011225012235,0.0187673088094299,0.0167683811506995,0.0147439812976254,0.0125144899134888,0.0108206990712394,0.00934603065648274,0.00786331342459827,0.0068044182929381,0.00603908039991605,0.0052803747313442,0.00479747727260222,0.00428252485495069,0.0036313902735208,0.00304727415392212,0.00250211443152706,0.00202138904814128,0.00178613757662462,0.00173972473191022,0.0019398916124793,0.00229611996050848,0.00284837107319035,0.00401906491945956,0.00510793525321725,0.00655975353391909,0.00905149668985965,0.0118497476181396,0.0152884618386064,0.0198156417486572,0.0231995251224015,0.0256247619860838,0.0267175468088649,0.0262304485714003,0.0247830913716274,0.0226793480067289,0.0211907228443948,0.0201626080993491,0.0196302108955442,0.0195055672986025,0.0194392954675031,0.0191946079339381,0.0191039398235118,0.0192001457974996,0.0196943655314386,0.0207383706116877,0.0225199351896346,0.0252268898656753,0.0274057516238152,0.0289869039634388,0.0293818552229549,0.0283094391779531,0.0260395081375875,0.0224056324155948,0.0191775094893657,0.016153502415468,0.0130623947412634,0.0109943372944705,0.00924199618715954,0.00745959495723943,0.00612843375063566,0.00499132418075028,0.00386067901959541,0.00314069481830036,0.0025970623185492,0.00213294639388762,0.00187847405733879,0.00168987552664879,0.00143838643042313,0.00119697381628466,0.000938971907525747,0.000642278231426125,0.000427222604411903,0.000259429456020549,0.00012919802424995,6.47580579608405e-05,3.01341216731804e-05,0,0,0,0,0,0,0,0,0,0,0,0,0,0,0,0
0,0,0,0,0,0,0,0,0,0,0,0,0,0,0,0,0,0,0,0,0,0,0,0,0,0,0,0,0,0,1.04193116077578e-05,2.40626529797611e-05,5.8338425143964e-05,0.000110527125406896,0.000216142648282008,0.000456872656302679,0.000788356616328327,0.00126065677632838,0.00212263459156625,0.00309271055283125,0.00431554353711404,0.00603153331344958,0.0075291832750669,0.00885203470755831,0.00999215616499669,0.0104569141361027,0.0104513461196512,0.0102325948345612,0.0101639826470542,0.0105648791421716,0.0118136003241874,0.0134241098242645,0.0153046099292533,0.0174808634212115,0.0189598766764192,0.0198341739602221,0.0200337243627208,0.0194777402994482,0.0184237025750046,0.0166839704328927,0.0150911362543015,0.0134741864122389,0.0116596516985198,0.0102251459454181,0.00892501569928257,0.0075627193968293,0.00656244411180291,0.00582299188676825,0.0050840173458168,0.00460826117853368,0.00410995806537824,0.00349828496894021,0.00296885097009239,0.00250662624710278,0.00213937233838028,0.0020044617803109,0.00205669931587633,0.00237407582399383,0.00282461175542546,0.00344925785771874,0.00468655513689397,0.00578157328197154,0.00716832088440287,0.00946580544382457,0.012018817988086,0.0151568340410302,0.019303383511704,0.0224024903504515,0.0245926354051584,0.0254517880977603,0.0248005951890598,0.023206213171642,0.0209369792549947,0.0193475268140744,0.0182609693424765,0.01773312698124,0.0176733075608952,0.0177309435224527,0.0176654661403498,0.0177238817783189,0.0179421828289196,0.0184765788707631,0.0194597985571889,0.0211031976508119,0.0236111339727484,0.0256877775033899,0.0272782194630899,0.0278858349576277,0.0271123449082794,0.0252010094452995,0.0219772792574391,0.019027891625822,0.0162060508666316,0.0132870990166953,0.0113256624257799,0.00967345925577077,0.00800202404857978,0.00676062022360978,0.00566686952443009,0.00456887132389284,0.00383985636220388,0.00326325251113033,0.0027353084783871,0.00242480483318582,0.00216645657317856,0.00182395275146399,0.00150436684660787,0.00117256681396172,0.0007960983674687,0.000527027549349079,0.000318438647332986,0.000158363371400825,7.90798530541534e-05,3.67985388825603e-05,0,0,0,0,0,0,0,0,0,0,0,0,0,0,0,0
0,0,0,0,0,0,0,0,0,0,0,0,0,0,0,0,0,0,0,0,0,0,0,0,0,0,0,0,0,0,8.08379119367907e-06,1.86689360657492e-05,4.52616895612137e-05,8.57521337937221e-05,0.000168113109720586,0.000360130548756643,0.000631151990737981,0.00101781793288181,0.00173312440474906,0.00254803025149504,0.00358339263242358,0.00504501903484384,0.0063252758105922,0.00745682936598729,0.00843671441720715,0.0088426613233972,0.00885178694084578,0.00869980991856392,0.00869255742161626,0.00910238485855518,0.0102703353930683,0.0117231324367062,0.0133779196106383,0.0152359625417137,0.0164571504283678,0.017128497898447,0.0172181603361327,0.0167179871277652,0.0158510661842738,0.0144826612213256,0.0132658271908578,0.0120269061403183,0.0106053850851965,0.0094300097986658,0.00832000764131311,0.00711176945146799,0.00620334246487088,0.00552127030541908,0.00483386265392781,0.00438653562937587,0.00392362053352517,0.00337207663119013,0.00291417578829758,0.00255156156124479,0.00231321133402104,0.00228750557153552,0.00244188718662138,0.00287371437431953,0.00341135674317329,0.0041000955006588,0.00538103999369578,0.00646502234825207,0.0077653582266236,0.00982962517248515,0.0120874609637165,0.0148590958229597,0.0185331424991686,0.0212783811401606,0.0231914624441805,0.0238248309211821,0.0230671589638432,0.0214206979229269,0.0191213754749567,0.0175377187751236,0.0164774869672557,0.0160179507576143,0.0160488744820938,0.0162382527114882,0.0163571598645629,0.0165602367953037,0.0169013230322536,0.0174904431437906,0.0184355082028062,0.0199703447750809,0.0223137479610723,0.024307779814056,0.0259146723862107,0.0267299635588917,0.0262487337247971,0.024696045641801,0.0219003672336871,0.0192588826305949,0.0166724470561837,0.0139603187851907,0.0121194291989754,0.0105660739943787,0.00898514490223642,0.00780588882402138,0.00672065272111057,0.00560809538575698,0.00482703408512536,0.00417491136827307,0.00353286595271247,0.00313000421300824,0.00277002187627557,0.00230300888201564,0.00188307455607795,0.0014583609827459,0.000984083119587888,0.000649203682889942,0.000390850704152067,0.000194496997871807,9.69333778413754e-05,4.51952850336696e-05,6.39770030547527e-07,0,0,0,0,0,0,0,0,0,0,0,0,0,0,0
0,0,0,0,0,0,0,0,0,0,0,0,0,0,0,0,0,0,0,0,0,0,0,0,0,0,0,0,0,0,6.07183563036086e-06,1.40224689714375e-05,3.39966152988959e-05,6.44094891707893e-05,0.000126593804749057,0.000275084860996905,0.000491315208824912,0.000799964166347757,0.0013797953636607,0.00204920024511073,0.00290737905214626,0.0041276987499598,0.00520172776413468,0.0061530878121751,0.00698221647322396,0.00733197830104599,0.00735168726710433,0.00725010271077585,0.00728119433181102,0.0076728030380482,0.00872428296157876,0.00999552201160702,0.0114123912016704,0.0129575384589387,0.0139382284233283,0.0144328544427813,0.0144390458122507,0.014001932576337,0.0133098853937964,0.0122727408975998,0.0113853180381992,0.0104786003444002,0.00941026889863794,0.00848058423724375,0.00756479411989584,0.00653262854083772,0.00574087829838406,0.00514182921105898,0.00453313985737696,0.00413418642162183,0.00372536722569808,0.00325611991643391,0.00288808326497281,0.00264227950742726,0.00254861596172757,0.00264021861686879,0.00289818615039975,0.00343678117098157,0.00404705135686992,0.00478326831296408,0.00607464440543808,0.00712299483661584,0.00831213222739695,0.0101080471796657,0.0120311604231614,0.014387120669778,0.017521988385229,0.0198664377973832,0.0214801975195614,0.0219118017862622,0.0211103775180181,0.0195043721448583,0.0172994550617756,0.0158146917463832,0.0148511576254098,0.0145080413022552,0.014645304215199,0.0149668412820411,0.0152702351963564,0.0156139315807555,0.0160814873642736,0.0167466343582922,0.0176833107582221,0.0191467854344563,0.0213667440348962,0.0232986801963646,0.0249263891340105,0.0259340871258084,0.0257277309361376,0.0245238219000282,0.0221671825386815,0.0198632911068664,0.0175513419695747,0.0150921278453243,0.0133963572947466,0.0119497131658148,0.0104459030344623,0.00930333721549709,0.0081914581827649,0.00700976842800167,0.00612299948480179,0.00533679954375862,0.00450747852974713,0.0039569400500544,0.00344827153125376,0.00281375893308634,0.00227121655262669,0.00174118731167055,0.00116416275206448,0.000763522500887787,0.000456835743167466,0.000227096506009816,0.000112692243954566,5.25864112036298e-05,1.05712557762206e-06,0,0,0,0,0,0,0,0,0,0,0,0,0,0,0
0,0,0,0,0,0,0,0,0,0,0,0,0,0,0,0,0,0,0,0,0,0,0,0,0,0,0,0,0,0,4.41523459978458e-06,1.01966676876952e-05,2.47211949204774e-05,4.68364136406007e-05,9.22939915997444e-05,0.000203627912532994,0.00037207279272708,0.000612407022519873,0.00107159074350808,0.00160925917237014,0.0023053498353267,0.0033033414115309,0.0041866754652522,0.00497178098351875,0.00566109807029284,0.00595737893548695,0.00598336126801547,0.00591802035357142,0.00596929691620368,0.00632401942230079,0.00723801004132712,0.00831825086452915,0.00949935677164248,0.0107514621510131,0.0115176099248021,0.0118657313581931,0.0118140840890724,0.0114423942570165,0.010905756337744,0.0101494076049449,0.00953552984962493,0.00890578510625251,0.00813933284994304,0.00743154056556286,0.00670330815816714,0.00585635124929939,0.00519578023116533,0.00469720070764171,0.00418716937964555,0.0038529852334547,0.00351488986648327,0.00314892055870474,0.00288787992227617,0.00277367137544174,0.00283721588299124,0.00305098024595799,0.00341073286446819,0.00404586377247947,0.00471337177537966,0.00548130165729946,0.00675662745754959,0.00775508399208073,0.00882539852785926,0.0103484057707927,0.0119293767867285,0.0138548062381559,0.0164212946607907,0.0183397116682908,0.0196407356318215,0.0198862220635352,0.0190834114583707,0.0175820712961821,0.0155582990231581,0.0142357815659793,0.0134145527210163,0.0132142740754009,0.0134621105435807,0.0139091909982866,0.0143930566699235,0.0148740593140055,0.0154731767443546,0.0162384906989149,0.0171989570686485,0.0186307910264581,0.0207722891415271,0.0226684543246704,0.0243289546847284,0.0255274491145696,0.0255913774347629,0.0247373684325444,0.0228371741700026,0.0208965256398231,0.0188853578855135,0.0167018790060928,0.0151570620989569,0.0138110680158187,0.0123675716303975,0.0112446358814202,0.0100887732860514,0.00880806629408941,0.00778083861597948,0.00681530792144343,0.00573247144325608,0.00497639177878221,0.00426484238996287,0.00340721323101205,0.00270883168471287,0.00205005945817046,0.00135428303613279,0.000881434277805353,0.000523196394770848,0.000259554476698183,0.00012766534115393,5.96419853309384e-05,1.69105654056535e-06,0,0,0,0,0,0,0,0,0,0,0,0,0,0,0
0,0,0,0,0,0,0,0,0,0,0,0,0,0,0,0,0,0,0,0,0,0,0,0,0,0,0,0,0,0,3.10825342770957e-06,7.17828839560196e-06,1.74033195999142e-05,3.29720742918447e-05,6.51455661100454e-05,0.000146081136026089,0.000274279504401638,0.000456923337508037,0.000812231346708074,0.00123445121956922,0.00178676880262894,0.00258566170443757,0.00329716736684894,0.00393224339140173,0.0044942071700939,0.00474021703841763,0.00476857391676705,0.00472802954069904,0.00478627607649458,0.00509335102734781,0.00586206904829681,0.00675420184817709,0.00771315253879226,0.00870220939786682,0.00928458713921018,0.0095170627648283,0.00943039163354955,0.00912245416200507,0.00871781394558186,0.00818807720918783,0.00778943846644153,0.00737870765627177,0.00685776752873742,0.00634121700303191,0.00578495842379284,0.00511989559121937,0.00459428773069889,0.0042051686499676,0.00380629292167634,0.00355043168402707,0.00329923242293208,0.00305998591752051,0.00292632459886772,0.00296090835202841,0.00319679893807715,0.0035374339941785,0.00399440182124404,0.00470933233829887,0.00541100235589006,0.00618665362143918,0.00741472923384479,0.00835217615137837,0.0093074362299469,0.0105816735087848,0.011849613850265,0.013374654908155,0.0154023576908348,0.0169129447904254,0.0179176107262287,0.0180017602669568,0.0172237167496883,0.0158569153711176,0.0140460534543845,0.0129016478592034,0.0122279089416126,0.0121627778520588,0.0125094656608854,0.013068354842067,0.0137260413207155,0.0143427771128252,0.0150778894347503,0.0159635953168632,0.0169715078131418,0.018399662410156,0.0204908173922885,0.0223616165517908,0.0240527587869896,0.0254249452097296,0.0257424941502368,0.0252286944105946,0.0237917251721502,0.0222364867582721,0.0205563672371335,0.01868617452283,0.0173175327851763,0.0160885271372706,0.0147148048406862,0.0136124608906488,0.0124104868081122,0.0110134599694405,0.00981840673384413,0.0086327668017934,0.00723023120787842,0.00620763152267354,0.00523336648441023,0.00409014282038192,0.00319800231816308,0.00238456139188554,0.00155315132124036,0.00100136301763218,0.000588641538802297,0.000290824179012546,0.000141919849880623,6.61067461951462e-05,2.61889770386572e-06,0,0,0,0,0,0,0,0,0,0,0,0,0,0,0
0,0,0,0,0,0,0,0,0,0,0,0,0,0,0,0,0,0,0,0,0,0,0,0,0,0,0,0,0,0,2.11839975186695e-06,4.89229231455495e-06,1.18610624196389e-05,2.24717950523915e-05,4.45191750150647e-05,0.0001015686623521,0.000196942633067054,0.000332475589524643,0.000599298588784012,0.000921373823492275,0.00134628940903549,0.00196469016873341,0.00251689463142804,0.00300945237455691,0.00344508684570568,0.00363617427662137,0.00365919135553711,0.00363602266051443,0.00369895004087399,0.00396397272035388,0.00460339365395624,0.00532955074795675,0.00609565397795571,0.00686346978519759,0.00729717512328395,0.00744444130396026,0.00734279203482712,0.00709396481498896,0.00679689769924425,0.00644142588494788,0.00620287335899898,0.00595599118861026,0.00562478126688786,0.00526555909597356,0.00485929083555708,0.00436226891836134,0.0039657495647796,0.00368520008078175,0.00339984432867076,0.00322818549691697,0.00307189381941976,0.00297183129758741,0.00297529193894111,0.00316441171301685,0.00357617549437058,0.00404229343072387,0.0045902475309935,0.00537214285081032,0.00609111257153818,0.00685719724144669,0.00801748103129618,0.00888834921689251,0.00974015265926661,0.0108020149555142,0.0117982116864426,0.0129642844588572,0.014490682083409,0.015609961091911,0.016323983912512,0.0162489287414441,0.0154993947819811,0.0142747641098022,0.0126874709631324,0.0117260939711886,0.0112002006615494,0.0112639284977735,0.0117031317742965,0.0123673406115853,0.01319942992489,0.0139571621507074,0.0148372187702232,0.0158635471264859,0.0169386898380425,0.0183843854596618,0.0204446331554244,0.0222959637231058,0.024017153025899,0.0255584404007683,0.0261323557689412,0.0259735270810909,0.0250363408089815,0.0239067514445685,0.0225956439468989,0.021070837895164,0.0198879381245739,0.0187704935946066,0.0174472773705557,0.0163430299806307,0.0150726507145592,0.0135212418289634,0.0121184514815653,0.0106646050611749,0.00887691473304808,0.00753574681270434,0.00625453381309638,0.00478732150737084,0.00368423761050712,0.00270791396665541,0.00173991327841787,0.00111156296263778,0.000647101157067558,0.000318852575521102,0.000154273478354569,7.18430776342725e-05,3.9265198747988e-06,0,0,0,0,0,0,0,0,0,0,0,0,0,0,0
0,0,0,0,0,0,0,0,0,0,0,0,0,0,0,0,0,0,0,0,0,0,0,0,0,0,0,0,0,0,1.39774604256111e-06,3.22799425164906e-06,7.82607392349323e-06,1.48271649749028e-05,2.945510152717e-05,6.84473691726991e-05,0.000137081406381409,0.000234460613018571,0.000429947027687906,0.000669200831314843,0.000988205379129324,0.0014570012581675,0.00187888442886558,0.00225789134835196,0.00259736586057735,0.00275090536195452,0.00277580208253073,0.00276746352906418,0.00282610561418061,0.00304107528573733,0.00354817308533807,0.00411587471834586,0.00470631273692421,0.00528289723380681,0.0055953415852268,0.00568022340005542,0.00557577142196212,0.00537952001117231,0.00516685489383185,0.0049390627334033,0.00481246411283643,0.00468094662576395,0.00448857482661443,0.00425274017007178,0.00397092090984803,0.00362048870313899,0.00333968737991204,0.00315992832112776,0.00298361167103445,0.00289787693226713,0.00284124608629945,0.00288991041427428,0.00303797891674942,0.00338484039648504,0.00397367680185096,0.00456218295853227,0.00519391950731544,0.00603048932807439,0.00675183708098975,0.00749385159165761,0.00857431802444076,0.00938293439724701,0.0101559949161144,0.0110643757657645,0.011856069535339,0.012737725940529,0.0138433150528003,0.0146204366044085,0.0150736493725237,0.0148524891002338,0.014129284274162,0.0130384232672724,0.0116590729941103,0.0108624216536686,0.0104622191721262,0.0106213266282864,0.0111232951160146,0.0118618435579317,0.0128374000705493,0.0137182807675472,0.0147289652049641,0.0158882901844919,0.0170260053309362,0.0184837885203324,0.0205005890950944,0.022316759722154,0.0240528927961627,0.0257479865228173,0.0265766649467031,0.0267853558664458,0.0263833954721987,0.0257229350122496,0.0248289074802629,0.0237053745421876,0.0227488521688372,0.0217739930078668,0.0205290429746084,0.0194370388376668,0.0181089577926221,0.0163966101826488,0.0147646510616794,0.0130043692198415,0.0107672225923041,0.00904588108239646,0.00739862183629588,0.00554942241938713,0.00420265694468439,0.00304278629702896,0.00192653039885789,0.00121851632434709,0.000701513163983802,0.000344616758656313,0.000165162513498814,7.68618938520963e-05,5.69935782109964e-06,0,0,0,0,0,0,0,0,0,0,0,0,0,0,0
0,0,0,0,0,0,0,0,0,0,0,0,0,0,0,0,0,0,0,0,0,0,0,0,0,0,0,0,0,0,8.9284790623997e-07,2.06196821252206e-06,4.99911536423804e-06,9.47125071379896e-06,1.88679828688735e-05,4.47103269656094e-05,9.36833242182327e-05,0.000162803167016601,0.000304478829442543,0.000480580120969744,0.000718019297727684,0.00107040823663412,0.00138978230232739,0.00167843288753626,0.00193890160838289,0.00205837938653993,0.00207930891723937,0.00207400661180171,0.00211975406613586,0.00228384010753578,0.00267032128277006,0.0031000568417941,0.00354222599600795,0.00396379430296827,0.00418239959038853,0.00422559265374629,0.00412809988554295,0.00397695408145267,0.00382824368695247,0.00368948693932923,0.00363577755011892,0.00357995874098079,0.00348315544594863,0.00333930302331295,0.00315557242790547,0.00292605950294074,0.00274286350135367,0.00265097374533365,0.00257353215620766,0.00257087451491514,0.00261372440394585,0.00281401914932898,0.00310796186285536,0.00361001596537847,0.00437171482063869,0.00507761181782416,0.00578763156030051,0.0066741161844723,0.00739322079048062,0.00810844031981685,0.00911247655867592,0.00987319497251577,0.0105987697916433,0.011416693329922,0.0120732826645272,0.0127457542459452,0.0135131367260664,0.0139964326670348,0.0142111885138617,0.0138371099243728,0.0131121581819411,0.0121125877601421,0.0108813889886479,0.0101992743452147,0.00988113906844041,0.0100950158795758,0.0106397397808359,0.0114430673557791,0.0125618657662329,0.0135745378672158,0.0147228963811237,0.0160231266852663,0.017222458561711,0.0186827583155432,0.0206322951936967,0.0223840174439579,0.0241044988493034,0.0259220280838824,0.0269920329353422,0.0275695814118536,0.027724931753426,0.0275626248971965,0.0271183869134647,0.0264328687572286,0.0257289306848059,0.0249165674162449,0.0237686198601903,0.0226996385786163,0.0213254693072098,0.019454769635772,0.0175881592340533,0.015506495928409,0.0127904709243039,0.0106572761898274,0.00861267056322944,0.0063485186782123,0.00473906704068715,0.00338345255371354,0.00211199799124877,0.00132268807294063,0.000753312171929038,0.00036881832907415,0.000174980524623513,8.13203358443399e-05,8.00890065847806e-06,0,0,0,0,0,0,0,0,0,0,0,0,0,0,0
0,0,0,0,0,0,0,0,0,0,0,0,0,0,0,0,0,0,0,0,0,0,0,0,0,0,0,0,0,0,5.52148067543123e-07,1.27514636694842e-06,3.09151409607192e-06,5.85713730445259e-06,1.17015211321363e-05,2.83097096320676e-05,6.24881374106633e-05,0.000110430019586846,0.00021068393825537,0.00033718201868392,0.000509555353616948,0.000767760142516297,0.00100329828864124,0.00121736359578457,0.00141158004729572,0.00150160944503227,0.00151785135672898,0.00151336260392264,0.00154651079109598,0.00166586936826133,0.0019490100755134,0.00226213593060258,0.00258057456919725,0.00287542405789847,0.00301931779151017,0.00303202566682359,0.00294333056075064,0.00282867737541089,0.00272841074582458,0.00265346937296852,0.00264885951158144,0.00264470349413587,0.00261582929518062,0.00254129541690742,0.00243379508430063,0.0023007293479617,0.00219651246219008,0.0021779109775431,0.00218745095371553,0.00226361149452786,0.0024045590118543,0.00275800467898655,0.00319785625152814,0.00385041855332509,0.0047774288000361,0.00559160023907148,0.00636932584222607,0.00729423780580592,0.00800151324404369,0.00868291596542721,0.00961314024143101,0.0103416002418888,0.0110544820201202,0.0118529223988465,0.0124541063000598,0.0130063992449396,0.0135363609804665,0.013788043560974,0.013796480244594,0.0132651629289567,0.0125056569026077,0.0115449582965693,0.0103915962179686,0.00976781829535116,0.00948894224039073,0.00973000232930222,0.010317419899512,0.0112004347713272,0.0124902795706683,0.0136588916071493,0.014953164570126,0.0163814701664741,0.0176082494589945,0.0190200227820032,0.0208298182922147,0.0224579144121296,0.0241140821368897,0.0260143096148571,0.0273098613812192,0.0282560252443322,0.0289843360689402,0.0293415490802064,0.0293712054717531,0.029151690496611,0.0287262452220757,0.0280990341584001,0.0270773910942327,0.0260557478379182,0.0246674211935423,0.0226733200492185,0.020597246753544,0.0182097150417128,0.0150150352531639,0.0124510079276481,0.00997909847019444,0.00725744378278668,0.00535162348028324,0.00377241563194054,0.002321978203686,0.00143949460669667,0.000810914973380989,0.000395057201185934,0.000185412959623145,8.54814514438608e-05,1.08955397204211e-05,0,0,0,0,0,0,0,0,0,0,0,0,0,0,0
0,0,0,0,0,0,0,0,0,0,0,0,0,0,0,0,0,0,0,0,0,0,0,0,0,0,0,0,0,0,3.30569276529371e-07,1.68786939217488e-06,4.14107349541382e-06,7.92442573319263e-06,1.48144614320419e-05,3.10332539621395e-05,6.04615035736398e-05,9.87228397070024e-05,0.000173161537479268,0.000262870031226465,0.000381781666519278,0.000556736334347799,0.000714377156788141,0.000855823260190747,0.000981892666996718,0.00103840604096901,0.00104520986058186,0.00104102065222256,0.00106809966844236,0.00115907756390275,0.00137064431365125,0.00160026236763156,0.00182948969954118,0.00203443617106764,0.00212708327059589,0.00212281711216053,0.00204552874100502,0.00195906147898449,0.00189105429343725,0.00185359676526072,0.00187282601680509,0.00189375774574814,0.0019006456404379,0.00186783628228591,0.00180980864826256,0.00174342993690071,0.00169616359740343,0.00173416709661945,0.00181678508888573,0.00196519896013235,0.00219832905247652,0.00269690180405091,0.00327211675592302,0.0040600623474213,0.00513469805123117,0.006044788540241,0.00688298636068825,0.00784753608544814,0.0085498248569241,0.00920876536925001,0.01008931479426,0.0108139543035139,0.0115549899205762,0.0124040127467985,0.0130245368373494,0.0135392773752847,0.0139277597920922,0.01400741746401,0.0138399012853495,0.0131471645321604,0.0123196010676555,0.0113463791563403,0.0102013659942745,0.00958296710849838,0.00930120125022445,0.00953178558637843,0.0101400439364596,0.0110839448689571,0.0125175896448635,0.0138209589732091,0.0152334185733046,0.0167531091147136,0.0179708545813725,0.0192913066449243,0.0209067880900776,0.0223651247364624,0.0239184686557548,0.0258685073736757,0.0273814862329361,0.028705362304196,0.0300392638849614,0.0309541586120435,0.0315017680850357,0.0317987005869553,0.0316884575273617,0.0312717865315172,0.0303948674395084,0.0294245216490614,0.0280258319044458,0.0259084163840133,0.0236245538046773,0.0209327709385082,0.0172609685101814,0.014262528595834,0.0113591067955394,0.00817493562350757,0.00596904255477215,0.00416381685346811,0.00253263561724203,0.00155664892635365,0.000868811767535256,0.00042132946781006,0.000195791494412857,8.9640782492416e-05,1.43500511337754e-05,0,0,0,0,0,0,0,0,0,0,0,0,0,0,0
0,0,0,0,0,0,0,0,0,0,0,0,0,0,0,0,0,0,0,0,0,0,0,0,0,0,0,0,0,0,0,1.54409271340133e-06,3.82529847662835e-06,7.37898796680367e-06,1.35740862156086e-05,2.71114115701419e-05,5.03336046639081e-05,7.9594849785714e-05,0.000133807038266508,0.000197164699065335,0.000279645744993378,0.000399848730474506,0.000507725110111972,0.000604403957646016,0.000690398257151089,0.000728709860799038,0.000732213084877725,0.000727553931040939,0.000745344446948957,0.000807880654071202,0.000955508690824697,0.00111561839502302,0.00127460039726639,0.00141429359930583,0.00147472298381502,0.00146637472097809,0.00140748840957492,0.00134599141157676,0.00130114014816794,0.00128305296465661,0.00130822655008177,0.00133563214010497,0.00135643815266037,0.0013474680306455,0.00132134721076586,0.00130023530540736,0.00129096859478609,0.00136618224921467,0.00149862883291794,0.00170125749770512,0.00200871908366045,0.00263286664617231,0.00332743734232766,0.00423474754487151,0.0054419277977225,0.0064409100891493,0.00733923212272782,0.00835467536746547,0.00907026337599669,0.00973079899393285,0.0106008937194769,0.0113586740284974,0.0121696126923335,0.0131288912599274,0.0138264888266802,0.0143648295492072,0.0146821328177204,0.014633319483325,0.0143092617198742,0.0134451293174244,0.0125163175939882,0.0114827242736415,0.0102877649933092,0.00963556906745057,0.0093263150485252,0.00953570126231684,0.0101665547499661,0.0111740754422794,0.01274348652585,0.0141657763954548,0.0156626168770795,0.0172140682513724,0.0183581640782762,0.0195136283827781,0.0208473698754378,0.0220711210943457,0.0234718439900892,0.0254281740172976,0.0271370283461721,0.0288272223950953,0.0307634541063703,0.0322409829464153,0.0333202694033505,0.0341584159025969,0.0343921853224731,0.034213749503974,0.0335126724631336,0.0326150584824658,0.0312316166468458,0.0290250371033585,0.0265685240756442,0.0236104751566328,0.0195053648612655,0.0160966984620948,0.0127751805119752,0.00913251674427973,0.0066214494317419,0.0045825626014754,0.00276047715247155,0.00168469912382786,0.000933292872054802,0.000450336945031639,0.000207439920527543,9.40346463097691e-05,1.82972999551725e-05,0,0,0,0,0,0,0,0,0,0,0,0,0,0,0
0,0,0,0,0,0,0,0,0,0,0,0,0,0,0,0,0,0,0,0,0,0,0,0,0,0,0,0,0,0,0,2.49686637922192e-06,6.18567724197248e-06,1.19321507103093e-05,2.10360261185752e-05,3.86418775520087e-05,6.30628112648271e-05,9.12820081567238e-05,0.000135064154977244,0.000179405604183066,0.000231881979684878,0.000304034558834492,0.000367270760981797,0.000423212477275068,0.000472673504725827,0.000494034449952477,0.000493428298072683,0.000487670465826691,0.000497911292781448,0.000537310971293527,0.000634938543082044,0.000740758900948231,0.000844829878080914,0.000933085845811949,0.000967048296650637,0.000953352888069226,0.000905331061031562,0.000860451512689145,0.000831725137694532,0.000828276829096738,0.000858651288127865,0.000892379011376476,0.000925781100114356,0.000935580016951868,0.000933621206671529,0.000946880967618234,0.000967313383229744,0.00107373611151315,0.00125157266081028,0.00150499793578073,0.00188010034312408,0.00261481000559832,0.00340922649733539,0.00441142872671321,0.00572132456911915,0.0067880734792718,0.00773351898225217,0.00879722514711602,0.00953423544388369,0.0102090492338264,0.0110916553066948,0.0119009815819629,0.012800074524424,0.0138968691463027,0.0147034302681915,0.0153066713309966,0.0156123326145211,0.0154810234379516,0.015031992229856,0.0140055144327309,0.012957044723642,0.0118247426225664,0.0105216943064643,0.00978620092632928,0.00940752742612696,0.00955779049945647,0.0101925104886237,0.0112512036019943,0.0129414744689107,0.0144739947511029,0.0160411082232343,0.0176004570047762,0.0186416319920299,0.0195924411448087,0.0205940097079064,0.0215402953828252,0.0227527078666581,0.0246880926575031,0.0265884404693912,0.0286578348483866,0.0312305597501134,0.0333058769304185,0.034952888622161,0.0363620716144433,0.0369528352644106,0.0370081375658383,0.0364652953591697,0.0356209311448499,0.0342433341536635,0.0319565526601197,0.0293556654944566,0.0261737209463191,0.0216935824419457,0.0179145965163171,0.0142040286813177,0.0101211374427076,0.00730648646904945,0.0050298415022999,0.00300778386306875,0.00182558415737613,0.00100596796475242,0.000482765702787343,0.000220777194815647,9.8751878732867e-05,2.25865253615993e-05,0,0,0,0,0,0,0,0,0,0,0,0,0,0,0
0,0,0,0,0,0,0,0,0,0,0,0,0,0,0,0,0,0,0,0,0,0,0,0,0,0,0,0,0,0,0,3.90882374923027e-06,9.68362676901832e-06,1.86796836482641e-05,3.29317256085361e-05,5.87848338766452e-05,8.98374021620308e-05,0.000123955917475699,0.000168144193673463,0.000204069530846113,0.000238005581495116,0.000275560084677364,0.000303663466121779,0.000325385569970423,0.000341300180154071,0.000344113474621,0.000335375601264692,0.000323694529461934,0.000325024491353088,0.000344509774187712,0.000401047157975845,0.000462080040254116,0.000520211056228336,0.000564797547652027,0.000577103856553926,0.000560994791904211,0.000527489034595233,0.000502604955181201,0.000493329202230603,0.000506703890158405,0.000541797256310644,0.000577962804976129,0.000614912480098867,0.000632627610260459,0.00064234622363892,0.000674028310233821,0.00071208612601078,0.000838277176491589,0.00104904708654721,0.00134361854546819,0.00177491119047167,0.00260244511100273,0.00347884304826008,0.00455639138892602,0.0059459246412228,0.00706481876370778,0.00804821133106509,0.00915952748197823,0.0099279723364631,0.0106354286123855,0.0115620474004745,0.0124507148376541,0.0134662214748313,0.014737829057701,0.0156922976845551,0.0164074332433096,0.0167663392225486,0.0166003326600897,0.0160560685723731,0.0148691113929184,0.0136724566812631,0.0123922428478723,0.0109165305000121,0.0100505155072377,0.00957035378408632,0.00964444803038822,0.0102820343523891,0.0113940507474003,0.0131982692477361,0.0148278224380509,0.016438589026788,0.0179608278141239,0.0188555848777464,0.0195553722756715,0.0201769819824429,0.0208137728244379,0.0218121858598441,0.0236943058118742,0.0257563528882249,0.028171333694227,0.0313384547884173,0.0339816422949141,0.0361785692622501,0.0381494818545652,0.0391006075295374,0.0393920600032258,0.039008183381127,0.0382150008062251,0.0368516437778425,0.0345169841153923,0.0318227070091275,0.0284859746928698,0.0237259352116967,0.0196448549317424,0.0155983925649066,0.011115613429419,0.00801047600240733,0.00549897152042093,0.00327198200861983,0.00197848916148873,0.0010866562317737,0.000518409561067566,0.000235766629309977,0.000103672428693355,2.699235035101e-05,0,0,0,0,0,0,0,0,0,0,0,0,0,0,0
0,0,0,0,0,0,0,0,0,0,0,0,0,0,0,0,0,0,0,0,0,0,0,0,0,0,0,0,0,0,0,5.92414573772548e-06,1.46763374175418e-05,2.83106057899684e-05,4.99107543383536e-05,8.75173008080591e-05,0.000129273994819446,0.000173320328059213,0.000222160895368434,0.000251892127876223,0.000268188858267196,0.000271007034327842,0.000263454531962986,0.000250770121777512,0.000233641726726047,0.000219511767029538,0.000203814565962929,0.000189282493509877,0.000186481393049799,0.000194556948628268,0.000227686529163862,0.000263804193486261,0.000298335960403113,0.000324631650101411,0.000332057955862753,0.000322428779238803,0.000304073513658892,0.000292523126262959,0.000292252463339602,0.000308493325776866,0.000338148265517078,0.000367951278266054,0.000399112599464875,0.000416916337576321,0.000429924141213444,0.000469761734166584,0.000516947011249678,0.00065536260230317,0.000889803062405698,0.00121687958552846,0.00169381906841338,0.00259702458665751,0.00354026849947035,0.00467801380357709,0.00613183559984859,0.00729638859500751,0.00831962594546384,0.00949121645529387,0.0103113237978803,0.0110746521225452,0.0120727454149694,0.0130529878593388,0.0141832065922152,0.0156171930175713,0.0167085831184642,0.0175326862323599,0.0179613902592435,0.0177873202775407,0.0171783845299924,0.0158635643621538,0.0145346227641468,0.0131124104343459,0.0114651048951317,0.0104657142931796,0.00988110511666118,0.00987553081759526,0.0105094061233544,0.0116605144383014,0.0135456233952657,0.0152354481210335,0.0168448817068739,0.0182734772311815,0.018978075881471,0.0193911933901652,0.0196074238544853,0.0199228830858519,0.0206995369857334,0.0225115014076965,0.0247128803951506,0.0274428432738674,0.0311610317591745,0.0343370205069521,0.0370566548792668,0.0395614503503652,0.0408552943937339,0.04136176767021,0.0411094266442141,0.0403462244395705,0.0389908975676162,0.0366325764634096,0.0338959478932051,0.030478896808206,0.0255445257468634,0.0212414380841253,0.0169235155797982,0.0120928541192163,0.00871743489245946,0.00597924218117955,0.00354669006918476,0.00213934402470883,0.0011730536271504,0.000556033134315011,0.000251846461967881,0.000108451391262554,3.12291984684011e-05,0,0,0,0,0,0,0,0,0,0,0,0,0,0,0
0,0,0,0,0,0,0,0,0,0,0,0,0,0,0,0,0,0,0,0,0,0,0,0,0,0,0,0,0,0,0,8.69229062140334e-06,2.15340735591068e-05,4.15391558697322e-05,7.32322939119666e-05,0.000128411056497151,0.000187461974563576,0.000249367391155697,0.000313686496463932,0.000346852123122011,0.000354934791218335,0.00033284213618331,0.000295807352636006,0.000251356609467132,0.000199957894355202,0.000164565943287625,0.000136271013321794,0.000114843481121046,0.000109124972196588,0.000112218096787532,0.000136595031973187,0.000162314490234469,0.000186578807053271,0.000205158656709926,0.000210616138348778,0.000204591836855111,0.000192450552263854,0.000184517046815087,0.000183621810813361,0.000193327367794552,0.000212492359147052,0.000232167111838067,0.00025392843945259,0.000267976501754197,0.00028004318998834,0.000321758851350375,0.000372868330315146,0.000518294373274805,0.000769211472544755,0.0011212519817398,0.00163388474291413,0.00259589101369337,0.00358935407140895,0.0047704015289853,0.00626717718171888,0.00746174115803498,0.00851306460182199,0.009735581651638,0.0106083729344161,0.0114343032009048,0.0125175040642853,0.0135958590010435,0.0148379787907485,0.0164208969995328,0.0176380986701449,0.0185670501102286,0.0190826788384446,0.018932827727467,0.018301860738184,0.0169147624617902,0.0154936301348863,0.013960341407183,0.0121718311652937,0.0110563571911934,0.0103787421333507,0.0102993219837199,0.01092270653754,0.0120926700560912,0.0140123369633402,0.0157116482514957,0.0172614697537795,0.018526300954296,0.0189909969252299,0.0190788182778404,0.0188668852918367,0.0188536733854175,0.019406233808995,0.0211377611802599,0.023461318114669,0.0264795400877703,0.0307064342145143,0.0343773058588915,0.0375853407634007,0.0405823798960759,0.0421865748142415,0.0428723503151098,0.0427086776604409,0.0419460862787582,0.0405869610716371,0.0382281083775159,0.0355026621947633,0.0320847886778691,0.0270897368351116,0.0226535559405547,0.0181375910058419,0.0130214543080331,0.00940353925198493,0.00645325047415229,0.00382079132960348,0.00230091442432595,0.00126080174068702,0.000593442259896512,0.000267969321030415,0.000112556669594346,3.49791967263388e-05,0,0,0,0,0,0,0,0,0,0,0,0,0,0,0
0,0,0,0,0,0,0,0,0,0,0,0,0,0,0,0,0,0,0,0,0,0,0,0,0,0,0,0,0,0,0,1.23472886608489e-05,3.05888785659721e-05,5.90058444420458e-05,0.000104025545349425,0.000182406278261198,0.000264901320499554,0.000351135447086472,0.00043841809409152,0.00047959593431557,0.00048229431805963,0.000436829316829001,0.000370904123014064,0.000295326309148754,0.000210891273015483,0.000155194165922117,0.000114250896400734,8.43986321682411e-05,7.37037431052432e-05,6.95829210831502e-05,8.45479372282232e-05,0.000100197280133939,0.000114907802121338,0.000125665312947962,0.000127875106292628,0.000122317286738034,0.000111687624644655,0.000103636285996687,9.99238141007412e-05,0.000102978251469157,0.000114064363090463,0.000127066895631812,0.000143842802129147,0.000156885216537798,0.000169617577094747,0.000212984616713052,0.000267150337426281,0.000417332826383056,0.000680002799180661,0.00105081440897641,0.00159083314671366,0.00259658783649224,0.00362711383407847,0.00483906897921194,0.00636594469270314,0.00758357320723264,0.00866165015252596,0.00993951492124646,0.0108785575633514,0.0117861454081244,0.0129782459817632,0.0141624227716479,0.0155052626375719,0.0171997159713498,0.0184992191496737,0.0194909687104854,0.0200622493942185,0.0199317883382577,0.0192897535441594,0.0178575143795516,0.0163687936107311,0.0147495470171409,0.0128564693712325,0.0116575252745241,0.0109219619076933,0.0108090291894645,0.0114430123876267,0.0126355686421288,0.0145652479206413,0.016234621568701,0.0176742872742952,0.0187132608145834,0.0188963085992381,0.0186313519560047,0.0179817758015018,0.0176420453150324,0.017973665826119,0.0196151458314701,0.0220400241285341,0.0253135828685211,0.0299972262652179,0.0341161984610345,0.0377678591979737,0.041201242031181,0.0430703032422638,0.0438885001752641,0.0437608612369834,0.0429660324455009,0.0415900556571302,0.039254557164272,0.0365941308762048,0.0332549791521615,0.028312764685192,0.0238346859590199,0.0191979374694518,0.0138654669340116,0.0100396643990103,0.00689865887592677,0.00407957946080451,0.00245348924660216,0.00134395933993692,0.000627755018856789,0.000282745483019992,0.000115355093625125,3.79304229153251e-05,0,0,0,0,0,0,0,0,0,0,0,0,0,0,0
0,0,0,0,0,0,0,0,0,0,0,0,0,0,0,0,0,0,0,0,0,0,0,0,0,0,0,0,0,0,0,1.69800053734292e-05,4.20658605046066e-05,8.11449042142004e-05,0.000143056047973346,0.000250845320790406,0.000363453769091798,0.000481013152749019,0.000598574035433625,0.000651610899797098,0.000650006302249908,0.000578959983829153,0.000480239708135788,0.000368778714998464,0.000245189258336751,0.000164612200128913,0.00010654463301447,6.30558915717332e-05,4.31924170061247e-05,2.76435623388538e-05,2.93755111804492e-05,3.29488450906853e-05,3.70507223558183e-05,4.02809153534154e-05,4.08539385002886e-05,3.83616314395051e-05,3.38579217689716e-05,3.0545160765809e-05,2.95043129543202e-05,3.24959178794455e-05,4.04848700838078e-05,5.01515604712033e-05,6.36668537618692e-05,7.56858548689692e-05,8.81919972093891e-05,0.000131599271790695,0.000188167107290504,0.000341850062386321,0.000613341142409824,0.000997940768524314,0.00155817746477831,0.00259473423162546,0.00365156190575661,0.00488483049207832,0.00643007655885758,0.00766378224457869,0.00876389223442271,0.0100904035228702,0.0110933036390653,0.0120802246619424,0.0133742906975005,0.0146462967231832,0.0160579549465112,0.0178113126037888,0.0191469468365546,0.0201641069269656,0.0207732548007249,0.0206745733177005,0.020055579676072,0.01864041289377,0.0171434637833748,0.0155014672372585,0.0135853280341709,0.012367734325702,0.0116317545108003,0.0115381944355956,0.0122011163487786,0.0134071586210299,0.0152982079057663,0.0168742898171776,0.0181332975580574,0.0188676919662696,0.0187247713495661,0.0180889089672606,0.0170179569768124,0.0163826143602556,0.0165270958282781,0.0180995290830209,0.0206196749645037,0.0241165480352061,0.0291869620258205,0.0336796328411189,0.0376953268950825,0.0414667952251764,0.0435237831600083,0.044405154174864,0.0442461135598924,0.0433829146445734,0.0419772852246419,0.0396890698472787,0.0371455113044957,0.0339597653627526,0.0291760886105104,0.0247435316855763,0.0200625171794007,0.0145863850410265,0.0105934756616469,0.00729016589456316,0.00430632231053202,0.0025860388714091,0.00141578665152459,0.000655819124429977,0.000294659696610006,0.000116229196580995,3.98193711234264e-05,0,0,0,0,0,0,0,0,0,0,0,0,0,0,0
0,0,0,0,0,0,0,0,0,0,0,0,0,0,0,0,0,0,0,0,0,0,0,0,0,0,0,0,0,0,0,2.26064778861928e-05,5.60047493712312e-05,0.00010803297421602,0.000190458914109428,0.000333965100280649,0.000483009584595894,0.000638445616078228,0.000792376372977238,0.000859229877983646,0.000851531503729891,0.000748025072905267,0.000608159082955367,0.000451888965153514,0.000280966795631576,0.000171792463423122,9.65600147337278e-05,4.45918950123489e-05,2.38609065802421e-05,7.66112847301258e-06,1.2321667440438e-05,1.65826885560529e-05,2.03964179172132e-05,2.32187302924102e-05,2.34286420510533e-05,2.16057458985952e-05,1.74085121938063e-05,1.31702341302202e-05,9.10623453921418e-06,5.19324785885417e-06,4.48383057051949e-06,4.95359620500279e-06,8.57254555062735e-06,1.4802727410386e-05,2.42870484922713e-05,6.58208647290539e-05,0.000124860193068532,0.000281819477451293,0.000560194832425547,0.000954843363552483,0.00152949505149147,0.0025853547537961,0.00365954449667411,0.00490661837262396,0.00646276719949735,0.00770986045294574,0.00883233805513395,0.01020761674431,0.0112778971508973,0.0123478623156905,0.0137396859655608,0.0150802562704362,0.0165220673100662,0.0182622485175156,0.0195611481322911,0.0205316827197159,0.0211143156535676,0.0210258108806657,0.0204409140367641,0.0190982600405276,0.017663644703944,0.0160841157489012,0.014256960692938,0.0131074909185954,0.0124443623593477,0.0124354628401527,0.0131519154584294,0.0143695918611132,0.0161885428338363,0.0176237952443856,0.0186508614562682,0.0190265376641027,0.0185311281075198,0.0175184694747415,0.0160455834715882,0.0151383043402701,0.0151145822671535,0.0166176350781,0.0192102624178021,0.0228857640002803,0.028265047678899,0.0330545862431598,0.0373544650308909,0.0413692218457756,0.0435439707452531,0.044432374290843,0.0441971232982339,0.0432510249695024,0.0418202697029086,0.0396112003859593,0.0372285015917141,0.0342520677853646,0.0297024210484324,0.0253801362421793,0.0207149063367013,0.0151581168524221,0.0110388065861219,0.00760529729674748,0.00448543861287838,0.00268762296754679,0.00146968491563856,0.000674688108725908,0.000302314259538162,0.000114698606017469,4.04696983636774e-05,0,0,0,0,0,0,0,0,0,0,0,0,0,0,0
0,0,0,0,0,0,0,0,0,0,0,0,0,0,0,0,0,0,0,0,0,0,0,0,0,0,0,0,0,0,0,2.91378057407403e-05,7.2185305289616e-05,0.000139245212462901,0.000245485159999308,0.000430452291823298,0.000622557813637418,0.000822901490049302,0.00102130499698339,0.00110747341524699,0.00109755087292727,0.000964139985593635,0.000783864753626358,0.000582446011683633,0.000362142035213336,0.000220751248975125,0.000122981814806401,5.41217694302038e-05,2.47354267482228e-05,0,0,0,0,0,0,0,0,0,0,0,9.51175419415327e-07,2.1189977647037e-06,4.92017069694293e-06,8.99207131809752e-06,1.50194078942371e-05,4.88336743810745e-05,0.000103307863071792,0.000254894577901304,0.000529364522749104,0.00092440634286303,0.00150383585967663,0.00256540700088809,0.00364784226889037,0.00490132145807803,0.00646344377220896,0.00772421515940369,0.00887284274291645,0.0103012817179325,0.0114447923482607,0.0126025366748491,0.014094142651599,0.0154901832282568,0.0169367910497891,0.0186195947889693,0.0198430080285709,0.0207363775202137,0.0212792177281199,0.0212141182139455,0.0206942959432782,0.0194784983022529,0.0181560424423265,0.0166917969358712,0.0150202582486208,0.0139895804070472,0.0134412148917137,0.0135510553817808,0.0143252858971426,0.0155377598098503,0.017238637866617,0.0184848316221815,0.0192322105163384,0.0192021202923463,0.0183344659621971,0.016945594848011,0.0150959770947233,0.013943769847608,0.01377324594031,0.0152087696815035,0.0178510867065837,0.0216582152943847,0.0272600078554026,0.032258347335136,0.0367477518908197,0.0408914764835193,0.0430958599731275,0.0439197998940921,0.0435488343054079,0.0424968080914591,0.0410393373787393,0.0389362589339724,0.0367562122266746,0.034044879768126,0.0298078587148625,0.0256676343812549,0.0210883994093284,0.0155282538792349,0.011336250537365,0.00781608235298653,0.00460030973547705,0.00274878720424747,0.00150010696387203,0.000682058420822526,0.00030464667059195,0.000110518567481925,3.98193711234264e-05,0,0,0,0,0,0,0,0,0,0,0,0,0,0,0
0,0,0,0,0,0,0,0,0,0,0,0,0,0,0,0,0,0,0,0,0,0,0,0,0,0,0,0,0,0,0,3.63588084307049e-05,9.00744452032446e-05,0.000173753303521845,0.000306321896178892,0.000537128037581719,0.000776841622340579,0.0010268349614333,0.00127440731347594,0.00138193020110514,0.00136954862994092,0.00120307552835277,0.000978124044969982,0.000726789214962186,0.000451888965153514,0.000275458366485818,0.000153459470654455,6.75343594556329e-05,3.08654210475739e-05,0,0,0,0,0,0,0,0,0,0,0,5.6946567185819e-07,1.80702684408794e-06,4.39984883800554e-06,8.39800421391121e-06,1.47032608883127e-05,4.74912693271599e-05,0.000104798257214497,0.000259294493010065,0.00053850650655286,0.00093839646745552,0.00152455131045749,0.0025896954218662,0.00367955948392303,0.00493982155949504,0.00651164640161456,0.00779185282949144,0.00897250831942311,0.0104554268409021,0.0116699037366128,0.0129087557759833,0.0144820364595719,0.0159043085336288,0.0173138868616147,0.0188712671736582,0.019954464647519,0.0207074020708801,0.0211501253215986,0.0210848392061534,0.0206332747136347,0.0195850260107619,0.0184324565429351,0.0171559672100326,0.0157353803775209,0.0148974565349344,0.0145252345716058,0.0148066085114979,0.0156566729858929,0.0168604750685849,0.0184143411874638,0.0194329235359841,0.0198615397289325,0.0193874117209958,0.0181349176999676,0.0163778427764822,0.0141842620798284,0.0128193920048263,0.0125256914109034,0.0138964572188866,0.0165640438340575,0.0204519136907441,0.0261846335516413,0.0312984373021773,0.0358776118537974,0.0400364356791483,0.0421890921012858,0.0428922500989101,0.0423516688054675,0.0411927421624177,0.0397228252325718,0.0377560630157548,0.0358088810018871,0.0333964735184671,0.0295187554773351,0.0256092356447718,0.0211704710484371,0.0156756892355551,0.011465387324282,0.0079059111871227,0.00464042147191522,0.00276271153335143,0.00150327352648975,0.000676584202042412,0.000301079272862384,0.000103733887147893,3.7930422915325e-05,0,0,0,0,0,0,0,0,0,0,0,0,0,0,0
0,0,0,0,0,0,0,0,0,0,0,0,0,0,0,0,0,0,0,0,0,0,0,0,0,0,0,0,0,0,0,4.39229295677721e-05,0.000108813618577696,0.000209901106283581,0.000370049395226317,0.000648872666125491,0.000938456493380676,0.00124045868485263,0.00153953622482265,0.00166942827640794,0.00165447083138549,0.00145336450718015,0.00118161390293197,0.00087799113549722,0.000545900375880564,0.000332764987418912,0.00018538532509693,8.15842719221054e-05,3.7286692641097e-05,0,0,0,0,0,0,0,0,0,0,0,0,8.896095085331e-07,2.40278224099988e-06,4.98098335808247e-06,9.43689808063669e-06,3.70833342352432e-05,9.27185714330711e-05,0.000243565819322564,0.000519077399954981,0.000915649616190072,0.0015001115852084,0.00255719281634339,0.00364669358688678,0.00490705633602334,0.00648647165032546,0.00779124861694761,0.00901577623088851,0.0105722221220957,0.0118761450176085,0.0132126122553538,0.014876261889864,0.0163145115036277,0.0176622643051628,0.0190433187609145,0.019932894538354,0.0204897679537756,0.0207751450119024,0.0206823729104997,0.0202953014249299,0.0194450483076002,0.0185114663601721,0.0174874196950266,0.016401505035152,0.0158184256000783,0.0156688499354326,0.0161534642686978,0.0170812188732871,0.0182619672520903,0.0196387423300095,0.0204014802878995,0.0204912513055631,0.0195628229961438,0.017934880606712,0.0158339530291134,0.0133378865335538,0.0117924640821307,0.0113943085442005,0.0126956844699547,0.015357419918753,0.0192691349891327,0.0250353280532909,0.0301671418235319,0.0347347363325088,0.0387992892677189,0.0408275619933236,0.0413679087334624,0.0406443079080617,0.0393926963021716,0.0379335832126531,0.0361317433992636,0.0344360618885075,0.0323384808063709,0.0288435453123234,0.0251979219153487,0.0209451183490938,0.0155813033840468,0.0114099798438069,0.00786296788875776,0.00459933428131378,0.00272594632481579,0.0014775861837285,0.000658020579302218,0.000291577495472254,9.46778003215957e-05,3.49791967263388e-05,0,0,0,0,0,0,0,0,0,0,0,0,0,0,0
0,0,0,0,0,0,0,0,0,0,0,0,0,0,0,0,0,0,0,0,0,0,0,0,0,0,0,0,0,0,0,5.13690832006172e-05,0.000127260542069563,0.000245485159999308,0.000432783021505616,0.000758874562803835,0.00109755087292727,0.00145075080410569,0.00180053027431271,0.00195244262785207,0.00193494948143884,0.00169975006277679,0.00138193020110514,0.00102683496143331,0.000638445616078228,0.000389177873452157,0.000216813274587793,9.54150666512791e-05,4.36078202297721e-05,0,0,0,0,0,0,0,0,0,0,0,0,1.42308540233984e-06,3.84366882252259e-06,7.96795069993464e-06,1.75814451674332e-05,5.11241028390868e-05,0.000117752147281594,0.000279997226189682,0.000571876411428014,0.000980232209488517,0.00157417724047341,0.00262701844544367,0.00371233970730593,0.00496117762457857,0.00653171985271284,0.00784877362499211,0.00910926075966373,0.0107348391919396,0.0121278041996941,0.013561255256169,0.0153082073937627,0.0167450073764051,0.0180045155925333,0.0191653658691697,0.0198171613042721,0.0201315963793486,0.0202082569252216,0.0200599087525603,0.0197272352473376,0.0190916091138231,0.0184117596542861,0.01768853352497,0.0169978389794954,0.0167117699464267,0.0168120276215774,0.0175110214600505,0.0185073056492695,0.019646920336397,0.0208231676303418,0.0213156116081376,0.0210653437891656,0.0196970631990185,0.0177213241874459,0.0153140691324653,0.0125636562938147,0.0108695989870939,0.010381463699007,0.0116029142130077,0.0142224697507964,0.018096889335014,0.0237970459509614,0.0288497953871585,0.0333084910208466,0.0371814219296872,0.0390273979448474,0.039381436536749,0.0384839535926709,0.0371681506422602,0.0357498989584703,0.0341371858112492,0.0326987904129496,0.0309138760741405,0.0278030733423595,0.0244396214956927,0.0204092490861712,0.0152377916051723,0.0111638023440552,0.00768340583503285,0.00447599372688705,0.00263867150947722,0.00142370269564753,0.000627188837041191,0.000276616379785713,8.39186255353516e-05,3.12291984684011e-05,0,0,0,0,0,0,0,0,0,0,0,0,0,0,0
0,0,0,0,0,0,0,0,0,0,0,0,0,0,0,0,0,0,0,0,0,0,0,0,0,0,0,0,0,0,0,5.8162248748358e-05,0.00014408976844679,0.000277948681391664,0.000490015242292141,0.000859229877983646,0.00124269352123471,0.00164260142254713,0.00203863653327313,0.00221063812535914,0.0021908316450857,0.00192452891509018,0.00156467982493758,0.00116262597518339,0.00072287513074001,0.000440643649307126,0.000245485159999308,0.00010803297421602,4.93746185360616e-05,0,0,0,0,0,0,0,0,0,0,0,0,2.20389738792924e-06,5.9525954409303e-06,1.23397694234386e-05,2.74856394771625e-05,6.8058105549327e-05,0.000146208066572748,0.00031904529631161,0.000624157129296549,0.00103927995024187,0.00163569292426608,0.00267516158801755,0.00375251110079114,0.00499051718542126,0.00656497235597792,0.00791329445019459,0.00923416269181048,0.010958530099109,0.012459951109568,0.0140013991938777,0.0158298231149991,0.0172493563821861,0.0183970835956523,0.0192974874821099,0.0196726150329464,0.0197042764411381,0.0195260515937158,0.0192941139469511,0.019002381519372,0.0185891074749452,0.0181878807838271,0.0178020015598894,0.0175493245921566,0.0175875406797459,0.0179496478008986,0.0188550365775423,0.0198965051263249,0.0209652313528416,0.0219094108271366,0.0221166769971311,0.0215303959639795,0.0197491379927907,0.0174652841082566,0.0147996154077952,0.0118492275317296,0.0100399939503683,0.00947433138818458,0.0106018543237997,0.0131400478107861,0.0169144381265037,0.0224513140647489,0.0273327849220608,0.031594746860425,0.0351970002843571,0.0368217953759033,0.0369865428243737,0.0359461177559565,0.034606247825737,0.0332626593112609,0.0318564499975232,0.0306680698705705,0.0291768836014838,0.0264319557777973,0.0233553039399328,0.0195748468399588,0.0146513668635009,0.0107316837687033,0.00737179466013791,0.00427469948160064,0.00250450890860184,0.00134431172198879,0.000585795246003527,0.000257075189971524,7.21687678315108e-05,2.699235035101e-05,0,0,0,0,0,0,0,0,0,0,0,0,0,0,0
0,0,0,0,0,0,0,0,0,0,0,0,0,0,0,0,0,0,0,0,0,0,0,0,0,0,0,0,0,0,0,6.37542913673695e-05,0.00015794336151545,0.000304672216084502,0.000537128037581718,0.000941841025258934,0.0013621729994643,0.00180053027431271,0.00223464240691224,0.00242318119028953,0.00240147040465986,0.00210956384661882,0.00171511686020446,0.00127440731347594,0.000792376372977238,0.000483009584595894,0.000269087470889836,0.00011841986621341,5.41217694302039e-05,0,0,0,0,0,0,0,0,0,0,0,0,3.30430886359088e-06,8.92474122641331e-06,1.85010471466855e-05,4.16215039390626e-05,9.3741743765572e-05,0.000188277595243449,0.00037799035585344,0.000704644801031632,0.00113195026714469,0.00173358869597326,0.00275761346728634,0.00382179729872172,0.00503942601385408,0.00660858663971757,0.00798201142622501,0.00936015944533303,0.0111823003234901,0.0127907173318964,0.0144370048798341,0.0163392157009629,0.017731440491473,0.0187578218003134,0.0193847878508295,0.0194706336776097,0.0192042162818798,0.0187473946012406,0.0184127122283021,0.0181473266577115,0.0179495422475801,0.0178317373944314,0.0177936625883551,0.0179852152576251,0.0183426097776941,0.0189488808803977,0.020024537705344,0.0210766311846181,0.0220461442879408,0.0227451524872526,0.0226777107673768,0.0217871777124598,0.0196502314987192,0.0171154085753265,0.0142471752797508,0.0111481797967156,0.00924837725198563,0.00860610898734814,0.00961454350081597,0.0120265668306256,0.0156385584759133,0.0209249500916341,0.0255587481032374,0.0295584829735439,0.0328440238021568,0.0342381467567055,0.0342380001043193,0.0331106698165528,0.0317982659338236,0.0305658484099759,0.0293748816288146,0.028415631571306,0.0271824877912941,0.024765661398535,0.0219657587882439,0.0184519991647358,0.0138243397214579,0.0101132891556346,0.00692731011555942,0.00399502425758896,0.00232351918979516,0.00123967999650896,0.00053414909031394,0.000233068131566568,5.97012826760414e-05,2.25865253615993e-05,0,0,0,0,0,0,0,0,0,0,0,0,0,0,0
0,0,0,0,0,0,0,0,0,0,0,0,0,0,0,0,0,0,0,0,0,0,0,0,0,0,0,0,0,0,0,6.76560307739883e-05,0.000167609437702975,0.000323318044719767,0.000570000077811234,0.000999481352901316,0.00144553749080523,0.0019107220711851,0.00237140170815692,0.00257147899639407,0.00254843951859289,0.00223866838553843,0.0018200813872487,0.00135240057680656,0.00084086951834849,0.0005125695952175,0.000285555526082363,0.000125667118886473,5.74340020033016e-05,0,0,0,0,3.4227908463965e-07,7.22434270848151e-07,1.39357329211438e-06,2.72228380515761e-06,4.30798881199737e-06,6.23059081556126e-06,8.61470961289914e-06,1.02212732612132e-05,1.58798675348443e-05,2.38011056790556e-05,3.65034998177954e-05,6.88971114684648e-05,0.000135929412059326,0.000251625781587489,0.000465853903407776,0.000825539777564334,0.00127481924538856,0.00188949659451832,0.00290275172664617,0.00395377077096956,0.00514705155606507,0.00670687633440816,0.00810286421512519,0.00953804223162411,0.0114610234939153,0.0131791435215654,0.0149324739071936,0.0169089768542299,0.0182722539413825,0.0191748904109812,0.0195220054791039,0.0193080906004826,0.0187277268126368,0.0179641777771663,0.0174999726181042,0.0172359820714123,0.0172292554314933,0.0173816299934011,0.017681140282082,0.0182956295133142,0.0189470049601177,0.0197632056214991,0.0209577714961156,0.0219792082172697,0.0228201182292844,0.0232665140320537,0.0229454893367968,0.0217998709891643,0.0193898014163584,0.0166844145986727,0.0136937483133183,0.0105244379332806,0.00858028231805854,0.00788167832639448,0.00876459598028731,0.0110156550387225,0.014407135123391,0.0193553262587834,0.0236608102513381,0.027328148672952,0.0302466051586828,0.0313980144202387,0.0312543455243643,0.0300919044297569,0.0288531600017006,0.0277617237959177,0.0267894223434581,0.0260354591015342,0.0250232375469016,0.0228962985125417,0.0203614551224275,0.0171270545800897,0.0128335794809714,0.00937423514058271,0.00640236612574799,0.00367312795327652,0.00212014958308191,0.00112491975628455,0.000479788521263883,0.000208336452978493,4.83638921588748e-05,1.82972999551726e-05,0,0,0,0,0,0,0,0,0,0,0,0,0,0,0
0,0,5.3827751749692e-07,1.15675535710426e-06,2.27190566648254e-06,4.53497232023911e-06,7.30689907022952e-06,1.07598216569441e-05,1.52018781081008e-05,1.83644913092391e-05,2.02756159630729e-05,2.02756159630729e-05,1.83644913092391e-05,1.52018781081008e-05,1.07598216569441e-05,7.30689907022952e-06,4.53497232023911e-06,2.27190566648254e-06,1.15675535710426e-06,5.38277517496921e-07,0,0,0,0,0,0,0,0,0,0,0,6.95076276799714e-05,0.000172196539735329,0.000332166549197535,0.000585599727515946,0.00102683496143331,0.00148509867574082,0.00196301433596514,0.00243630176237876,0.00264185472637783,0.00261818470869242,0.00229993582036671,0.00186989301566842,0.00138941280904983,0.000863882269476482,0.000526597498801974,0.000293370553398209,0.000129106351810014,5.90058444420458e-05,0,0,0,0,5.65565684200584e-07,1.19371603763736e-06,2.30267424393781e-06,4.49817231594226e-06,7.11831586949241e-06,1.0295132001088e-05,1.4234536537744e-05,1.68891459186448e-05,2.50538786360983e-05,3.61265003299335e-05,5.36803004444328e-05,9.9712006273258e-05,0.000189411276776157,0.000335000720616757,0.000585893583110163,0.000995624808029518,0.00148169881636246,0.00212222653172639,0.0031351477393279,0.00417601805118341,0.00534177577938302,0.00688503389597835,0.00829214299640556,0.00977024314350839,0.0117733516084834,0.0135789397690739,0.0154143797195866,0.0174357500045819,0.0187516437145498,0.0195213375369733,0.0195914850025426,0.0190875733289627,0.0182054809066102,0.0171432611289213,0.016547475268462,0.0162761456322689,0.0164407645113993,0.016843354001378,0.01745609515363,0.0184509582787781,0.0193537018833412,0.0203310617270341,0.0215808761936056,0.0225255130712722,0.0232066734006635,0.0233944035322122,0.0228438218082545,0.0214935630828026,0.0188945864765851,0.0160978326394716,0.0130604629985017,0.00988891150037318,0.00793638857239318,0.00719185177983086,0.00793583685320205,0.00999209313076747,0.0131146901955447,0.0176619811247096,0.0215894329978814,0.0248923368960492,0.027442098620764,0.0283770441840338,0.0281411434785216,0.0270156865682793,0.0259001517000207,0.0249737758242132,0.0242073417344047,0.0236187866112546,0.0227741166517069,0.0208809241374692,0.0185845654418407,0.0156288049021323,0.0116949001469292,0.00852217387221566,0.00580003023434361,0.00330913681149925,0.0018938859314066,0.000999330766729419,0.000422127525123618,0.000182439285328476,3.7930422915325e-05,1.43500511337754e-05,0,0,0,0,0,0,0,0,0,0,0,0,0,0,0
0,0,8.89424174992876e-07,1.91136754874205e-06,3.75398889492804e-06,7.49337262551985e-06,1.20735725829981e-05,1.77790176799512e-05,2.51188605415184e-05,3.0344612213861e-05,3.35024637185068e-05,3.35024637185068e-05,3.0344612213861e-05,2.51188605415184e-05,1.77790176799512e-05,1.20735725829981e-05,7.49337262551985e-06,3.75398889492804e-06,1.91136754874205e-06,8.89424174992877e-07,0,0,0,0,0,0,0,0,0,0,0,6.91332980900129e-05,0.000171269184533276,0.000330377684114533,0.000582446011683633,0.00102130499698339,0.00147710075670814,0.00195244262785207,0.00242318119028953,0.00262762715985797,0.00260408461577956,0.00228754963972287,0.00185982280741668,0.00138193020110514,0.000859229877983646,0.000523761536298588,0.000291790622063693,0.000128411056497151,5.86880716408096e-05,0,0,0,0,9.04720848338647e-07,1.90955677902072e-06,3.68352863976824e-06,7.19561031961299e-06,1.13869864316336e-05,1.64688573192841e-05,2.27706212238431e-05,2.70171314315673e-05,3.84655828171236e-05,5.34354701552111e-05,7.68427150974013e-05,0.000140141632293489,0.000259447367696611,0.000443683482044726,0.000744671659850812,0.0012243265297424,0.00176578286039096,0.00244943318610862,0.00347807400161752,0.00451524943009569,0.00565242187080711,0.00716997374634063,0.0085713893143573,0.0100690971988985,0.0121172353749107,0.0139752707990377,0.015856669735438,0.0178852483419034,0.0191349683742849,0.0197667229216183,0.019574336452944,0.0188027383827845,0.0176443842783042,0.0163059602131942,0.0155843237922511,0.015300169967256,0.0156124657770504,0.0162364569443911,0.0171252551414552,0.0184413198223544,0.0195405280238316,0.0206218648473046,0.0218578725141022,0.022680970517442,0.0231753932701154,0.0231049951986273,0.0223557941630143,0.0208576430092355,0.0181604772080618,0.0153541695395953,0.0123460670692432,0.00923594849656545,0.00730564143445392,0.00652072139817051,0.00710971000263501,0.00894051976186387,0.0117547916246401,0.0158558576065417,0.0193736229262763,0.0222984581789212,0.0244958131453138,0.0252506559894555,0.0249767222867062,0.0239583447576544,0.023010047771351,0.0222682065027032,0.0216932634561963,0.0212323566269914,0.0205053990735053,0.0187926025361961,0.0167059847980044,0.0140215002302458,0.0104603974406392,0.00759742650920797,0.0051492891560999,0.0029205887459181,0.00165560087495961,0.000868984269827622,0.000363804170438565,0.000156545895175384,2.87993698164311e-05,1.08955397204211e-05,0,0,0,0,0,0,0,0,0,0,0,0,0,0,0
0,0,1.42278892905226e-06,3.05756540485503e-06,6.00515928131988e-06,1.19869550576791e-05,1.93137828813076e-05,2.84406363529095e-05,4.01819938042118e-05,4.85414940679021e-05,5.35930277306081e-05,5.35930277306081e-05,4.85414940679021e-05,4.01819938042118e-05,2.84406363529095e-05,1.93137828813076e-05,1.19869550576791e-05,6.00515928131988e-06,3.05756540485503e-06,1.42278892905226e-06,0,0,0,0,0,0,0,0,0,0,0,6.6568833153087e-05,0.000164916040236014,0.000318122490014703,0.000560840469696177,0.000983420201565974,0.00142230844672818,0.00188001775013299,0.00233329450225354,0.00253015665136297,0.00250748740612149,0.00220269413586844,0.00179083361537343,0.00133066819503971,0.000827357177624707,0.000504332865422806,0.000280966795631576,0.000123647712913112,5.65110671278368e-05,0,0,0,0,1.40111894281276e-06,2.95728365315728e-06,5.70459027560815e-06,1.1143664857975e-05,1.76347460326699e-05,2.55049145810028e-05,3.52643014637359e-05,4.18407674574355e-05,5.74469989315289e-05,7.70182019633533e-05,0.000107113664069675,0.000191329672165371,0.000347207841397904,0.000579336061667266,0.000944703551417892,0.00151590920153279,0.00213337069403845,0.00287933014044937,0.0039411290610385,0.00497990107766151,0.0060844791542329,0.00755922925870886,0.00892880530952917,0.0104117518232182,0.0124559532354961,0.0143209149822053,0.0162037634544341,0.0181963176137793,0.0193613878151673,0.0198539978172522,0.0194236397807126,0.018417322483987,0.0170200746766277,0.0154404684943966,0.0146036396683132,0.0142994830157947,0.0147244577276812,0.0155257354474365,0.0166359070335286,0.0181971831517943,0.0194308809103359,0.02055995321972,0.021724633239558,0.0223952847651001,0.0226920403300579,0.0223842722215196,0.0214803159340089,0.0199001720641337,0.0172037292868099,0.0144755241860374,0.011580059410896,0.00860708588763624,0.00674237816302711,0.00593577543463881,0.00636425945483674,0.00794229517170497,0.0104075138814295,0.0140117247676702,0.0170840434600796,0.0196139931183211,0.0214713302295396,0.0220788720255905,0.0218157717719246,0.0209644376389953,0.0202220113529469,0.019682253550949,0.0192888524618736,0.0189262821588004,0.0182772227026682,0.0167006824617052,0.0147965006560398,0.0123710447902531,0.00918434136731542,0.00664148085147844,0.00447959690219899,0.00252474408241208,0.00141566939388647,0.000739421675211237,0.000307078210446252,0.000131619422702602,2.11693314700388e-05,8.00890065847806e-06,0,0,0,0,0,0,0,0,0,0,0,0,0,0,0
0,0,2.20343824703508e-06,4.73517639777855e-06,9.3000425922712e-06,1.85639026986065e-05,2.99107808801636e-05,4.40453145441333e-05,6.22288662657109e-05,7.51750188755605e-05,8.29982049092092e-05,8.29982049092092e-05,7.51750188755606e-05,6.22288662657109e-05,4.40453145441333e-05,2.99107808801636e-05,1.85639026986065e-05,9.3000425922712e-06,4.73517639777855e-06,2.20343824703509e-06,0,0,0,0,0,0,0,0,0,0,0,6.20559561978471e-05,0.000153735946455205,0.000296556126505981,0.000522819613518072,0.00091675154966459,0.0013258864019295,0.00175256638320718,0.00217511430755503,0.00235863065181864,0.00233749821456368,0.00205336768481975,0.00166942827640794,0.00124045868485263,0.000771268450155676,0.000470142808930414,0.000261919314743974,0.000115265307998631,5.26800326860771e-05,0,0,0,0,2.10070113383607e-06,4.43386277455571e-06,8.55290646201882e-06,1.67077245813567e-05,2.64398188146482e-05,3.82395821950319e-05,5.28718553473348e-05,6.27319672532268e-05,8.34225610083019e-05,0.000108159792439395,0.000145434248999069,0.000253815280579406,0.000452486275867922,0.00074134773045541,0.00118624853480893,0.00187284315054381,0.00259194668223488,0.00342747278032786,0.00455517829298662,0.0056176388773651,0.00670568695462403,0.00814307674651443,0.00946866931609957,0.0109078051837267,0.0128911297928538,0.0146996749900561,0.0165147162621947,0.0183960598998391,0.0194351741535036,0.0197704841767835,0.0191181937218815,0.0179109212845365,0.0163187069003898,0.01454505391333,0.0136150795073655,0.0132945520921467,0.01380697438701,0.0147469447899967,0.0160279264530906,0.017765841452549,0.019081348309776,0.0202143596010634,0.0212668621390989,0.0217670898632045,0.021862683533514,0.0213350082837329,0.0203084319156991,0.0186925439356459,0.0160651303353047,0.0134741500598429,0.0107463174168513,0.00795641607463042,0.00618216908379672,0.00536403778444893,0.00563324994898253,0.00695247886347176,0.00906188881690452,0.0121707923505918,0.0148097397929669,0.0169724737709429,0.0185422004679822,0.0190538085862753,0.0188513677366909,0.0182102369361258,0.0176866822425421,0.0173392705505426,0.0170904514601821,0.0167829874172722,0.0161655209273949,0.0146778250988937,0.0129257932503766,0.0107405783579487,0.00791732947332348,0.00569295240222034,0.00381780136614259,0.00213707890306406,0.0011832057986698,0.000615379167886927,0.000253759000970676,0.000108398768567944,1.50646886540535e-05,5.69935782109964e-06,0,0,0,0,0,0,0,0,0,0,0,0,0,0,0
0,0,3.3036204725004e-06,7.09946181139918e-06,1.39435771092266e-05,2.78329057268313e-05,4.48453085522795e-05,6.60372502118057e-05,9.32998947678787e-05,0.000112710093741943,0.000124439416120601,0.000124439416120601,0.000112710093741943,9.32998947678787e-05,6.60372502118058e-05,4.48453085522795e-05,2.78329057268313e-05,1.39435771092266e-05,7.09946181139918e-06,3.30362047250041e-06,0,0,0,0,0,0,0,0,0,0,0,5.60047493712312e-05,0.000138744830925214,0.000267638314789948,0.000471838373227088,0.000827357177624707,0.00119659642980993,0.00158166994857084,0.00196301433596514,0.00212863561546392,0.00210956384661882,0.0018531394825128,0.0015066388134507,0.00111949894912664,0.00069606044117978,0.000424298194663028,0.000236379011403096,0.000104025545349425,4.75430918838114e-05,0,0,0,0,3.04917530502375e-06,6.43576787781863e-06,1.24145747103695e-05,2.42513227493629e-05,3.83774927810454e-05,5.55048920693427e-05,7.67436895516341e-05,9.10556776988081e-05,0.000117745507019664,0.000147966052519682,0.000192382659688599,0.000327264404432532,0.000573291459639763,0.00092617130892505,0.0014632371576036,0.00228594403299182,0.00312846794562988,0.00407613977255347,0.00529426230987426,0.00639182925701977,0.00746553022111743,0.00884909889765815,0.0100995233065092,0.0114487526403928,0.0133010103393139,0.0149874657210694,0.0166712084091513,0.0183816323278878,0.0192703836605972,0.019447965569484,0.0186095053870108,0.017249366882395,0.0155182729661229,0.0136095722044655,0.01261457509374,0.012283498791777,0.0128555208963342,0.01389015123918,0.015284664359329,0.017125984419288,0.0184710752522008,0.0195696854965156,0.0204826603272504,0.0208092936737197,0.0207155409336314,0.0200005718332597,0.018891623798996,0.0172884918581082,0.0147954222024509,0.0123950346514362,0.00988334513406055,0.00731726861990327,0.00565611220967582,0.00483562175905388,0.00494174582960576,0.00598791020951458,0.00772226246377295,0.0103173604120483,0.0125193952335334,0.0143289292263665,0.0156523853822343,0.0161166450485916,0.016026026734567,0.0156462297066595,0.0153668245925953,0.0152192115272308,0.0151044474206287,0.0148318704750456,0.014219958822898,0.0127898382161007,0.0111628366624187,0.00919420050605177,0.00671108502626248,0.00479011053366511,0.00318990698878705,0.00177181478869585,0.00096622298037061,0.000500608423224929,0.000205180675327086,8.74023775744812e-05,1.03786779606662e-05,3.9265198747988e-06,0,0,0,0,0,0,0,0,0,0,0,0,0,0,0
0,0,4.79521708236732e-06,1.0304894535258e-05,2.02391526811382e-05,4.03995634801856e-05,6.50931278044674e-05,9.58533078857403e-05,0.000135425135210943,0.000163599109330353,0.000180624263249492,0.000180624263249492,0.000163599109330353,0.000135425135210943,9.58533078857403e-05,6.50931278044674e-05,4.03995634801856e-05,2.02391526811382e-05,1.0304894535258e-05,4.79521708236733e-06,0,0,0,0,0,0,0,0,0,0,0,4.89322406557451e-05,0.000121223566443826,0.000233839854209349,0.000412252694433504,0.00072287513074001,0.00104548534059403,0.00138193020110514,0.00171511686020446,0.00185982280741668,0.00184315949951268,0.00161911745244876,0.00131637430447866,0.000978124044969982,0.000608159082955367,0.000370716083977594,0.000206528103451972,9.0888774193818e-05,4.15391558697322e-05,0,0,0,0,4.28478836998307e-06,9.04372513753292e-06,1.74453155414306e-05,3.40786525136726e-05,5.39291507662436e-05,7.79970622299241e-05,0.000107842428055435,0.000127954043239813,0.000161464682241981,0.000197136757234853,0.000247975176462307,0.000410249830591835,0.000705603006940051,0.00112695095210065,0.0017649645675082,0.00273951035068386,0.00372374356745616,0.00480354041652221,0.00613596389133886,0.00728174415056526,0.00834757517256613,0.0096673796756509,0.0108184587489597,0.0120383340851361,0.0136953868352366,0.0151967194852881,0.0166856738611035,0.0181626480571121,0.0188727416580336,0.0188880183419426,0.0178954172322224,0.0164287507381594,0.0146142291678398,0.0126297236365321,0.0115981957111269,0.0112620737698973,0.0118660237579498,0.0129520316227479,0.014405465804823,0.0162859706131315,0.017620516732537,0.0186619420702185,0.0194299765749366,0.0195972369988839,0.0193395307983354,0.0184778514592853,0.0173251607126148,0.0157743933827052,0.0134635098026111,0.0112889522641682,0.00902619545199641,0.00670977427078647,0.00517910364527691,0.00437129338858086,0.00433539007927145,0.00513226190238971,0.00652281198540862,0.00865048702383149,0.0104577603245794,0.0119525014568736,0.0130613521373755,0.0134879391655025,0.0134998706909823,0.0133498844595926,0.0132776604771845,0.0132917151101487,0.0132732199304464,0.0130141736022674,0.0123947582907596,0.0110125527600012,0.00950267148245651,0.00773980280445026,0.00558017743303208,0.00394715820514766,0.00260709398978819,0.00143579719796956,0.000768894087197977,0.000397155847585541,0.000161982621679002,6.89447919955483e-05,6.92233752713227e-06,2.61889770386572e-06,0,0,0,0,0,0,0,0,0,0,0,0,0,0,0
0,0,6.73837622658813e-06,1.44807326052484e-05,2.84406363529095e-05,5.6770622360443e-05,9.14707253869193e-05,0.00013469581042997,0.000190303274265404,0.000229894148704194,0.000253818382050078,0.000253818382050078,0.000229894148704194,0.000190303274265404,0.00013469581042997,9.14707253869193e-05,5.6770622360443e-05,2.84406363529095e-05,1.44807326052484e-05,6.73837622658813e-06,0,0,0,0,0,0,0,0,0,0,0,4.13898837596132e-05,0.000102538311281002,0.000197796059497502,0.000348708558478544,0.000611452024944853,0.000884335483919558,0.00116892113708929,0.00145075080410569,0.00157315195014304,0.00155905710453706,0.00136954862994092,0.00111346994775553,0.000827357177624707,0.000514418171200591,0.000313574351348452,0.000174694109250173,7.68792875315465e-05,3.51363601968799e-05,0,0,0,0,5.82914982586641e-06,1.23033448232689e-05,2.37331110126488e-05,4.63615829331197e-05,7.33667739579434e-05,0.00010610945569698,0.000146711953179343,0.000174072375218197,0.000215039520570833,0.000255707612806124,0.000311475406672011,0.000500131819421637,0.000843385241336716,0.00133360429931743,0.00207555079627199,0.00320957294284586,0.00434666716046934,0.00557199302422775,0.00703674691744451,0.00824126069980296,0.00930574463073943,0.0105543591544209,0.0115870813579814,0.0126450882285788,0.0140521308964049,0.0153135358211137,0.0165512281669412,0.0177373422675887,0.0182405421783054,0.0180857659978985,0.0169634763013048,0.0154296284791338,0.0135813854018677,0.0115776392253449,0.0105403915133971,0.0102103392418286,0.0108291698556062,0.0119334869793367,0.0134019224618224,0.0152720645488506,0.0165687860073093,0.0175431474002336,0.0181763947607688,0.0182092752962332,0.0178195872466014,0.0168527192493083,0.0156897268836507,0.0142217830031174,0.0121267311619242,0.0102017448839742,0.00820986232549862,0.0061614754177857,0.00477426369281895,0.00398996648612712,0.00382410039877562,0.00438311766594995,0.00544475650486269,0.00712899665454624,0.00856786045254953,0.00977766819776793,0.0107078362686344,0.0111220572174375,0.0112501281437694,0.0113300102486912,0.011452929039744,0.0116112485858374,0.0116689911778458,0.0114112784666614,0.0107755891593762,0.00943065475835257,0.00802281659797381,0.00644367460956428,0.00457440917633767,0.00319963257361275,0.00209245543421395,0.00114080348175552,0.000597243601491518,0.000308153158405494,0.000125156223867529,5.31598610900022e-05,4.46984398587956e-06,1.69105654056535e-06,0,0,0,0,0,0,0,0,0,0,0,0,0,0,0
0,0,9.16708159567605e-06,1.97000067811132e-05,3.8691462944936e-05,7.72323939648885e-05,0.000124439416120601,0.00018324406997863,0.000258894069498786,0.000312754638309489,0.000345301856188234,0.000345301856188234,0.000312754638309489,0.000258894069498786,0.00018324406997863,0.000124439416120601,7.72323939648885e-05,3.8691462944936e-05,1.97000067811132e-05,9.16708159567606e-06,1.94459301532398e-07,4.41078513409778e-07,9.14358653652948e-07,1.94734638102396e-06,3.31171974723219e-06,5.14727586029399e-06,7.7591098344608e-06,9.89339750100993e-06,1.15290232345365e-05,1.23008407728829e-05,1.1759572803306e-05,4.41684746851492e-05,9.17271705818004e-05,0.000167535606993169,0.00028919874502426,0.00050266205616351,0.000725223994849201,0.000957737108145722,0.00118820633629222,0.00128824550418435,0.00127670331241932,0.00112151586191201,0.000911814433507213,0.000677518255202729,0.00042125421912336,0.000256784316553425,0.000143056047973346,6.29560269231499e-05,2.87729726635223e-05,0,0,0,0,7.67732486999629e-06,1.62042112516438e-05,3.12578693056169e-05,6.10608655288649e-05,9.66282520032832e-05,0.000139752243037107,0.000193228062499163,0.000229263308606646,0.000278042722013351,0.000322799729523491,0.000381246474008024,0.000593084051647935,0.000978919846403567,0.00153345764782568,0.00237499082302443,0.00366542737854963,0.00495653239115781,0.00633107301677067,0.00793664010434498,0.00920558675870546,0.0102739838255379,0.0114471262397438,0.0123499825909719,0.0132244858024553,0.0143447411996903,0.0153281829473236,0.0162756973279087,0.0171344931593588,0.0174188405961072,0.0171022794387958,0.0158912742044977,0.0143406400749222,0.0125146710646285,0.0105481904449009,0.00953010955581693,0.00920715091535888,0.0098112071811505,0.0108922788797423,0.0123278738505895,0.0141399810808321,0.0153767507434797,0.0162817162362302,0.0168012814878025,0.0167314175987024,0.016244447591042,0.015207250890271,0.0140525900269134,0.0126756319305317,0.0107989157831326,0.00912305521517455,0.00740557185620337,0.00563303815442115,0.00440124851718709,0.00365669878952549,0.00338428562281227,0.00372999232142278,0.00449273168983407,0.00577476714615228,0.00688613688853319,0.00784931833382394,0.00863503444571468,0.00905173558561107,0.00929252325682096,0.00958035426394594,0.00987309095683821,0.0101536294239759,0.0102741951875031,0.0100177003494706,0.00937050347892871,0.00806378215929246,0.00674725134489911,0.00532887907272422,0.00371137734569062,0.0025596368498397,0.00165317316165937,0.000890112637118837,0.000452968845749496,0.000233146845430536,9.43787816132285e-05,4.00276587608311e-05,2.7942214184475e-06,1.05712557762206e-06,0,0,0,0,0,0,0,0,0,0,0,0,0,0,0
0,0,1.20735725829981e-05,2.59460395628544e-05,5.09588772972644e-05,0.000101719495409926,0.000163893852916795,0.00024134295699239,0.000340978348101072,0.000411915808416065,0.00045478236232773,0.00045478236232773,0.000411915808416065,0.000340978348101072,0.00024134295699239,0.000163893852916795,0.000101719495409926,5.09588772972644e-05,2.59460395628544e-05,1.20735725829981e-05,3.21315303376263e-07,7.2881716241998e-07,1.51084276184269e-06,3.21770256432363e-06,5.472128239141e-06,8.50511388027445e-06,1.28207841473407e-05,1.63473796028694e-05,1.90500097914828e-05,2.0325324392176e-05,1.94309589363612e-05,4.38478386387048e-05,7.93896173004276e-05,0.000137600612439669,0.000232404747640361,0.000400178090551643,0.000575848103412275,0.000759723871648285,0.00094216234056231,0.00102130499698339,0.00101215449105305,0.000889123812383945,0.00072287513074001,0.000537128037581719,0.000333965100280649,0.000203575409183378,0.000113413053776872,4.99107543383536e-05,2.28108545024012e-05,0,0,0,0,9.78911605889659e-06,2.06614813455583e-05,3.98559284083875e-05,7.7856793797372e-05,0.000123207652332798,0.000178193700246793,0.000246379039791884,0.000292326451465922,0.000348910122635499,0.000396430271658493,0.000454685454798328,0.000684291245897372,0.00110328782289655,0.00171204910156517,0.00264033349207753,0.00407104784680475,0.00550437167494717,0.00701856835334881,0.00875867441517562,0.0100890869038406,0.0111619575219887,0.0122563861865824,0.0130247047630881,0.0137058971653913,0.0145215692682426,0.0152083918419509,0.0158469686335347,0.0163634210690899,0.0164285133028525,0.0159628606958814,0.0146975639953155,0.0131683960854838,0.0114054192535556,0.00951673239929058,0.00853573072666057,0.00822070412217434,0.00878981345548827,0.00981870822947275,0.0111885058242679,0.0129130557329649,0.0140830617923807,0.0149298082369416,0.0153731654630348,0.0152481266659943,0.0147180476637932,0.013675080116819,0.0125756759550955,0.0113251550004522,0.00969234799258192,0.00827024398646466,0.00682000024171322,0.0053014135172587,0.00420293521803559,0.00347919779308085,0.00308802133923043,0.00322403418277767,0.00370482467276706,0.00461686442685158,0.00543478998591292,0.00618007051172845,0.00684073193762091,0.00725961649419247,0.00759308797030888,0.00804853828257853,0.00847387141263267,0.00884701374117276,0.0090144153823875,0.00876241077396079,0.00811649584942486,0.00686225457257879,0.00563916108006329,0.0043704118797451,0.00297716204843335,0.00201918296701812,0.00128490210534319,0.000681532889133184,0.000334530303441542,0.000171876360336595,6.93991584390252e-05,2.94041404511261e-05,1.69105654056535e-06,6.39770030547527e-07,0,0,0,0,0,0,0,0,0,0,0,0,0,0,0
0,0,1.53946335815978e-05,3.30829809667319e-05,6.49760655620443e-05,0.000129699337058358,0.00020897590954009,0.000307728832112968,0.000434770793167418,0.000525220923089715,0.000579878721006562,0.000579878721006562,0.000525220923089715,0.000434770793167418,0.000307728832112968,0.00020897590954009,0.000129699337058358,6.49760655620443e-05,3.30829809667319e-05,1.53946335815978e-05,5.13999809351344e-07,1.16587003046407e-06,2.41685622622719e-06,5.14727586029399e-06,8.7536225075807e-06,1.36054114666718e-05,2.05090779624369e-05,2.61504818195026e-05,3.04738096756543e-05,3.2513897572905e-05,3.10832042042765e-05,4.77814993019943e-05,7.16015157286916e-05,0.000113257437353495,0.000183383153196322,0.000309819491944795,0.000443409830160531,0.000583804629152333,0.000723389130549361,0.000783864753626358,0.000776841622340579,0.000682413990136393,0.000554815983407312,0.000412252694433505,0.000256322520524739,0.000156246751396742,8.70459810922346e-05,3.83071474910013e-05,1.75076249478316e-05,0,0,0,0,1.20838658530819e-05,2.55049145810028e-05,4.91988949195559e-05,9.61078657498876e-05,0.000152089804013469,0.000219965598190001,0.00030413484199633,0.000360853176483826,0.000424808127298742,0.000473444271849179,0.000528276946756875,0.000768317523205153,0.00120804719523672,0.00185640089961034,0.00285163350446881,0.00439598097260076,0.0059496117025439,0.0075841250132476,0.00944461407572917,0.0108310371393337,0.0119114226090217,0.012935284465125,0.0135814574052399,0.0140827321189478,0.0146085275648974,0.0150067108550263,0.015339046529152,0.0155108783303008,0.0153530838454716,0.014738286574611,0.0134270537465334,0.0119349816165738,0.0102573164516844,0.00847622229617024,0.00755306572759997,0.00725877791918612,0.00779497565374241,0.00876342771791223,0.0100519473561729,0.0116719133031296,0.0127689114655657,0.0135618377160811,0.0139515010191432,0.0138005988357613,0.0132591476735248,0.0122421856078408,0.0112143797941013,0.0100953822041401,0.00870124996498155,0.00752267637586307,0.00632925067215135,0.00505467052156376,0.00408539129174628,0.0033843279888404,0.00288449945554973,0.00282938481845527,0.00305557560086621,0.0036362174471106,0.00419640943244334,0.00475136333749967,0.00530125584229652,0.00571638061173632,0.00611723487455126,0.00669506739287053,0.00721363745000999,0.00764909085043017,0.00784782500145901,0.00760470076907003,0.00697401302445438,0.00578765698261586,0.00466160013100113,0.00353311007726738,0.00233988883487312,0.0015499485837173,0.000963636199742857,0.000497549389759409,0.000229698360796052,0.000116345207153964,4.59648456373073e-05,1.90357193511343e-05,0,0,0,0,0,0,0,0,0,0,0,0,0,0,0,0,0
0,0,1.90034203229526e-05,4.08382433732338e-05,8.02076566657133e-05,0.000160103259662805,0.000257963726470812,0.000379866159927601,0.000536689105519226,0.000648342418218642,0.000715813014529713,0.000715813014529713,0.000648342418218642,0.000536689105519226,0.000379866159927601,0.000257963726470812,0.000160103259662805,8.02076566657133e-05,4.08382433732338e-05,1.90034203229526e-05,7.96018872348066e-07,1.80555426299788e-06,3.74292583932403e-06,7.97145962203057e-06,1.35565200427575e-05,2.10703663629739e-05,3.17619049959574e-05,4.04986085025766e-05,4.71940401004753e-05,5.03534740884174e-05,4.81377944300753e-05,5.7383006278312e-05,6.9725834955148e-05,9.59982807226738e-05,0.000144019863331413,0.000234356325516662,0.00033170154150718,0.000434887078989124,0.000537924056454067,0.000582446011683633,0.000577227516033703,0.000507063629322866,0.000412252694433504,0.000306321896178892,0.000190458914109428,0.000116098213076354,6.46789950507555e-05,2.84638965738542e-05,1.30089358881648e-05,0,0,0,0,1.44409968102282e-05,3.04800131503833e-05,5.8795843419501e-05,0.000114855080286909,0.000181757096721376,0.000262873035868036,0.000363460695157263,0.000431242752437092,0.000501683808839886,0.000549619818532685,0.000597790864584609,0.000839613266355936,0.00128497112801755,0.00195393948530931,0.00298911929630586,0.00460826755187714,0.00624712330657231,0.00796838498432992,0.00991766713604069,0.0113433910562937,0.0124265902640904,0.0133856354250556,0.0139254155201591,0.0142683495191775,0.0145353624136405,0.0146719918133906,0.014723538086338,0.0145797961371078,0.0142226211234375,0.0134852424906697,0.0121626784873061,0.0107392411310053,0.00917683293377408,0.00753106867232627,0.00667683917772089,0.00640134580173472,0.00688837770485898,0.00777490126258793,0.00895836555745568,0.010452046237636,0.0114682966798012,0.0122103869967607,0.0125659107488705,0.012415191088257,0.0118901496847737,0.0109270424795445,0.00998417543312382,0.00899901996571855,0.00783508534117634,0.00688702544400842,0.00593746360856854,0.00489674453516102,0.00405465222732944,0.00338288278786095,0.00279558245385638,0.00257827007635332,0.0025881365288046,0.0028873761445752,0.00323203617599852,0.00362712863868705,0.0040792263173891,0.00447948575500349,0.00491427708331737,0.00555731920030489,0.00611911569062307,0.00657731846858488,0.00678486871541833,0.00655361193429902,0.00595586209976277,0.00486185934926178,0.0038461686781816,0.00285740798985801,0.00184551464092743,0.00119816772063722,0.000731283077298733,0.000370608374948367,0.000161954118612982,8.21718129631038e-05,3.25455618957975e-05,1.35343339989338e-05,0,0,0,0,0,0,0,0,0,0,0,0,0,0,0,0,0
0,0,2.27103093996358e-05,4.88043271464968e-05,9.58533078857403e-05,0.000191333691569245,0.000308283242830726,0.000453964490381118,0.000641377995677658,0.000774810884800012,0.000855442586439092,0.000855442586439092,0.000774810884800012,0.000641377995677658,0.000453964490381118,0.000308283242830726,0.000191333691569245,9.58533078857403e-05,4.88043271464968e-05,2.27103093996358e-05,1.19347308540382e-06,2.70707202050088e-06,5.61177806842559e-06,1.1951629340412e-05,2.0325324392176e-05,3.15908529651188e-05,4.76207035670045e-05,6.07196649767334e-05,7.0758142310422e-05,7.54950895873078e-05,7.21731155362306e-05,7.4082378144698e-05,7.49302546449245e-05,8.68131336276299e-05,0.000115233192844476,0.000174802763695137,0.000241952463286538,0.000314479343039446,0.000387579329172723,0.000418985577186122,0.00041523162511491,0.000364758867157165,0.000296556126505981,0.00022035425412952,0.000137007613508607,8.35158552729436e-05,4.65271725268141e-05,2.04756524995148e-05,9.35804590012466e-06,0,0,0,0,1.67077245813567e-05,3.52643014637359e-05,6.80247195737782e-05,0.000132883281772082,0.000210286557959552,0.00030413484199633,0.000420511220287434,0.000498932672730872,0.000574537514441638,0.000619974182965536,0.000658627786041536,0.000893099212611032,0.00132803927273067,0.00199629895993031,0.0030401543558838,0.00468751899766735,0.00636800723135104,0.00813322911395286,0.0101295161570833,0.0115724077689664,0.0126518226136239,0.0135565576778989,0.0140146115050305,0.014234017167832,0.0142932088571313,0.0142126118829402,0.0140251872110676,0.01360956762033,0.0130817114117724,0.0122467842459672,0.0109350549357578,0.00959636495554511,0.00816206776293601,0.00666265586041034,0.00588168962522418,0.00562391324845769,0.00605601790220122,0.00685241940172823,0.00792116453563715,0.00927951448419218,0.0102119519865079,0.0109051718340185,0.0112394721605824,0.0111068351402223,0.0106184154291316,0.00972971334313368,0.0088812580151639,0.00802999877296201,0.00708517351525925,0.00635222024803335,0.0056300773541039,0.00480829059157339,0.00408572270367716,0.00344262209893745,0.0027769332681772,0.00241399335193816,0.00223105980802749,0.00227850281288426,0.00243165944959582,0.00267999577825687,0.00303076357596602,0.00339704434732898,0.00383255346009578,0.0044938536946269,0.00506409048901377,0.00552280014372963,0.0057347018518996,0.00552823449096059,0.00498546182868219,0.00400850230113357,0.00311633878232141,0.00226847252743348,0.00142629762687988,0.000905313175254098,0.000540596919560071,0.000267894381404478,0.000108734013107542,5.52564012157016e-05,2.19367005786233e-05,9.32931002389327e-06,0,0,0,0,0,0,0,0,0,0,0,0,0,0,0,0,0
0,0,2.627502793559e-05,5.64648872274916e-05,0.000111274323621157,0.000222380336302197,0.000358774871001433,0.000529203377981358,0.000749665059588222,0.000908261971978855,0.00100652566764312,0.00101246087011303,0.000922932972086592,0.000770279296074673,0.000552255006977236,0.00038029296098981,0.00024022738115917,0.000123684230706164,6.48402838633444e-05,3.12893510299005e-05,4.13816887336082e-06,5.11095909126819e-06,8.67592800900294e-06,1.73478332793747e-05,2.95022819786113e-05,4.58542375087771e-05,6.91216237215102e-05,8.81348136554198e-05,0.000102705699867124,0.000109581395997922,0.000104759538629769,9.92071345426693e-05,8.81405860228464e-05,8.62318343210994e-05,9.71344202489541e-05,0.000130760887056247,0.000173350736683459,0.000221392214978238,0.000270819801396355,0.000291790622063693,0.000289176288612378,0.000254025967828858,0.000206528103451972,0.000153459470654455,9.54150666512792e-05,5.8162248748358e-05,3.24025297138881e-05,1.42596874577842e-05,6.51714565650786e-06,0,0,0,0,1.8713986065704e-05,3.94988343861933e-05,7.6193119417805e-05,0.000148839889677295,0.000235537741617498,0.000340655315898931,0.000471006155183593,0.000558844445857618,0.000637914479165197,0.000679259070217065,0.00070628576619623,0.000924746237911027,0.00133391316394098,0.00197983605651349,0.0029997613667347,0.00462525637325186,0.00629885117119663,0.00805946106232852,0.0100545054154368,0.0114886693933046,0.0125563085198116,0.0134215186916958,0.0138305744742525,0.0139738806290813,0.0138949509381847,0.0136581425414833,0.013287924161602,0.0126540601032708,0.0119831339107676,0.0110674394253741,0.00976969434870348,0.00851282309797512,0.00720039120665455,0.00584013404632486,0.00512751306115942,0.00488380198143418,0.00526154914839891,0.00597173197888913,0.00693314028062929,0.00816800367637204,0.00902717690027585,0.00968069183555461,0.0100061050931917,0.00990199518215396,0.00946012758466069,0.00865394600842499,0.00790097216348561,0.00717791718620237,0.00643603968772922,0.00590054278450677,0.00538753693218022,0.00476967041649171,0.00416177941710036,0.00355339885994268,0.00283163885935882,0.00235465230470734,0.00202067943315564,0.00187189147171998,0.0018791892366468,0.00201428025243154,0.0022810387979273,0.00260662878861135,0.00301617844358955,0.00364705921731793,0.00418108250619427,0.00460078120975617,0.00478423899277719,0.00458888431235241,0.00409721521679114,0.00323735740239072,0.0024679900237623,0.00175539997528581,0.00106944061445521,0.000660209638139272,0.000383509832860798,0.000184324142676591,6.69979972961237e-05,3.41317644104271e-05,1.37773847044019e-05,5.85929013185616e-06,0,0,0,0,0,0,0,0,0,0,0,0,0,0,0,0,0
0,0,2.94301300137117e-05,6.32451838448382e-05,0.000124835957957993,0.000249623461334496,0.000402975359978955,0.000594869805140048,0.000843737104222003,0.00102362437673349,0.00113633597067817,0.00114614301702253,0.00104786603971028,0.000877799088392047,0.000632959220795455,0.000438530828697643,0.000279113069635041,0.000145341498338255,7.70842909985641e-05,3.77155590653353e-05,6.40961330713359e-06,7.47407592563456e-06,1.2322739646532e-05,2.43776716141583e-05,4.14574506430125e-05,6.443568635373e-05,9.71316830974943e-05,0.000123849561525432,0.000144324987676692,0.000153986912580859,0.000147211100662555,0.000133796701420193,0.000109954632624503,9.43565221006835e-05,8.92151122090089e-05,0.000100842929878148,0.000123691480707226,0.000152614130338617,0.000183858259448098,0.000196730839458803,0.00019496820565356,0.000171269184533276,0.000139245212462901,0.000103465321370625,6.43306698020828e-05,3.92141047582349e-05,2.18464076265293e-05,9.61415505457095e-06,4.39398472374556e-06,0,0,0,0,2.02929018484053e-05,4.28313864566984e-05,8.26216012153035e-05,0.000161397644614267,0.000255410272053076,0.000369396710321557,0.000510745366784895,0.000605994652795979,0.000686559227476739,0.000722586894737671,0.000736891216599333,0.000932062709546629,0.00130235583052474,0.00190612784094261,0.00287097447325967,0.00442627267411214,0.00604468758118443,0.00775216608264578,0.00969700761599824,0.0110972988638763,0.0121468689303989,0.0129911530399788,0.013385937229845,0.0135011508929328,0.0133521323002531,0.0130182088730042,0.0125211249868744,0.0117264487921982,0.0109486920920359,0.00997903004579249,0.00871020382505941,0.00754142659017529,0.00635362845312992,0.00513628951672272,0.00449721210020973,0.00427327181931586,0.00460198342354882,0.00522544315745291,0.00607289622101766,0.00716924823672495,0.00793910738854077,0.00853648174682344,0.00884027906114989,0.0087608537451392,0.00836789701445548,0.00765040086474989,0.00699622168201815,0.00639914946295526,0.00584890935794892,0.00549595742268163,0.00517488722247089,0.00474598251609342,0.0042463866954738,0.0036753449413646,0.00291268296019238,0.00234309547293023,0.0018850622510013,0.00157219433355765,0.00145672571332502,0.00149155202297086,0.00167376645926811,0.00194816464706403,0.00231390891662803,0.00289358352945914,0.00338237611754985,0.00376585538098307,0.0039394830026378,0.00377806893410558,0.00335965521643676,0.00263099837706826,0.00198252095593295,0.00138949056448866,0.000828282206112247,0.000501015888198838,0.000284703337711088,0.000133297690324958,4.36686794702819e-05,2.22786419257496e-05,8.99283778042548e-06,3.82450274814458e-06,0,0,0,0,0,0,0,0,0,0,0,0,0,0,0,0,0
0,0,3.19131764690449e-05,6.85812367093567e-05,0.000135688138447119,0.000271547795910619,0.000438764543432372,0.000648450415813223,0.000921406412434128,0.00112006390395215,0.00124652166288359,0.00126220974215754,0.00115884266742063,0.000975894490610191,0.000709381072334918,0.000495641710348391,0.000318721562254939,0.000168490322891346,9.07192997392342e-05,4.5167163777398e-05,9.67089337452547e-06,1.06350695736677e-05,1.69738919936122e-05,3.31640883923659e-05,5.6399912978091e-05,8.76601683573727e-05,0.000132140746455608,0.000168488519773138,0.000196343880756726,0.000209488242393631,0.000200270232201953,0.000178357804301184,0.000140510600926328,0.000110859969771934,9.05093735363622e-05,8.30748427307194e-05,9.00079106485546e-05,0.00010416868915886,0.000121731585960642,0.000128411056497151,0.000127260542069563,0.000111791608228912,9.0888774193818e-05,6.75343594556329e-05,4.19902100615227e-05,2.5596010444765e-05,1.42596874577842e-05,6.27539541477639e-06,2.86806187662645e-06,0,0,0,0,2.13034953941007e-05,4.49644043478643e-05,8.67361855929815e-05,0.000169435303257475,0.000268129792128093,0.000387792794530746,0.000536180663078273,0.000636173396546698,0.000716128419373235,0.000746089048301052,0.000747711470690517,0.000914410776989059,0.00123622311782621,0.00178170138236378,0.00266590867840519,0.00410853887937172,0.00562833989613317,0.0072381332328337,0.00908635159583029,0.0104267179216839,0.0114474597595758,0.0122807688829343,0.0126865375943716,0.012812881801253,0.0126547457386605,0.0122811200938074,0.0117147600700981,0.010820035184374,0.00997201986986213,0.00897271884748511,0.00773969697810077,0.00665452770991549,0.00558060269895747,0.00449397011619246,0.00392283634351124,0.00371749347600143,0.00400398271175886,0.00455003030067434,0.00529359082965112,0.00625867942596579,0.00693881583350672,0.007473357360701,0.0077460984358069,0.00768502817946473,0.0073395903776637,0.00671375076322169,0.00616044233544249,0.00568692216150949,0.0053150390655693,0.0051263996129032,0.00497532648426979,0.004713906696199,0.0043121335524358,0.003777219765127,0.00298591123308613,0.00234194506958114,0.00178277325425545,0.00133333362283684,0.00111520094912071,0.00106291415042072,0.00116600197547652,0.00138608233057959,0.00169882579522006,0.00221197287085414,0.00264327426916201,0.00298129654834153,0.00313975157453813,0.00301225625033341,0.00266975509168837,0.00207481467569195,0.00154737448693032,0.00107044758667486,0.000625625983084249,0.000371136168006849,0.000206481359582037,9.41799506060221e-05,2.7156826692907e-05,1.40782134685383e-05,5.68271128835901e-06,2.41676159071258e-06,0,0,0,0,0,0,0,0,0,0,0,0,0,0,0,0,0
0,0,3.35024637185068e-05,7.19966060681617e-05,0.000142940502487839,0.000286408064630805,0.000463386975166779,0.000685994893158108,0.000977331985640094,0.00119144703117225,0.0013307635281115,0.00135782240487982,0.00125765836935989,0.00107424933770957,0.000806478380997353,0.00059510214189558,0.000426068976571879,0.000291995379163367,0.000229328173285934,0.000194860283457808,0.000161258971288268,0.000152801067896979,0.000141162848413257,0.000131242620112503,0.000135925282832395,0.000155114361321192,0.000194783197378017,0.000232859335995734,0.000263878480315703,0.000277863772196342,0.00026376738981408,0.000232592701097109,0.000179325985604038,0.00013494703410894,9.97042242773116e-05,7.52183743326682e-05,6.90883890113705e-05,7.18232584445813e-05,7.91930437341072e-05,8.11449042142005e-05,8.04178766079306e-05,7.06428214916818e-05,5.74340020033016e-05,4.26759912945369e-05,2.65342538744084e-05,1.61745092086538e-05,9.010913892076e-06,3.9655180303696e-06,1.81237202315531e-06,0,0,0,0,2.16514226208869e-05,4.56987599181328e-05,8.81527550318041e-05,0.000172202509018384,0.000272508869517418,0.000394126199874459,0.000544937528921654,0.000646563336860294,0.000723829506933076,0.000747484750700619,0.000737556602536647,0.000873097692434089,0.00114103763543296,0.0016170600461693,0.00240133535089705,0.00369821499156458,0.00508378856256836,0.006558710469632,0.00827097867189864,0.00952945256177701,0.0105129000737997,0.0113465149200534,0.0117877168110399,0.0119622750793016,0.0118512440324344,0.0114897435990892,0.0109051510827942,0.0099637171101376,0.00907659513875417,0.00806761240623271,0.00687465533002452,0.00586845777107552,0.00489960098687685,0.00393491956918204,0.00342872191564011,0.00324360474855975,0.00349467244812233,0.0039715446248857,0.00462087867006565,0.00546471821284625,0.00606020289979302,0.00653235929618618,0.00677129396307483,0.00672277798860428,0.00641833135729759,0.00587379221579685,0.00540965258480896,0.00504327455531966,0.00482225331286666,0.00477126212164479,0.00476289668877783,0.0046458123496158,0.00433297750857934,0.00384055046836551,0.00304610402826721,0.00236212595893469,0.00174434502191711,0.00121253296140004,0.000933892629077905,0.000826696682329895,0.000871953452428649,0.00104076474819799,0.00129232225792182,0.00172003735294201,0.00207697320441425,0.00235484052872019,0.00248400523680174,0.00237982351847127,0.00210174937964878,0.00162247477806659,0.00119968582626513,0.000820584775125088,0.000471285835099166,0.000274621812777769,0.000149677521359293,6.64506063195257e-05,1.66137133266697e-05,8.61261904282225e-06,3.47650840544212e-06,1.47850058849077e-06,0,0,0,0,0,0,0,0,0,0,0,0,0,0,0,0,0
0,0,3.40496236599366e-05,7.31724497043311e-05,0.000146017223256153,0.000293090370436286,0.000475110754243321,0.000705071984694204,0.00100834552405105,0.00123430011382556,0.00138572898855271,0.00142677090413461,0.00133462350095081,0.00115579699669335,0.000890179778938604,0.00068005217025891,0.000513873090838596,0.000386913388802673,0.000331525023754559,0.000303062426836094,0.000272487225770085,0.000261818531609266,0.000245240853312251,0.000229575588601309,0.00023354043744864,0.000256007963243708,0.000302952842170918,0.000346395101920767,0.000378720662482833,0.000386066096481149,0.000358943344643709,0.000310243784620467,0.000233385666956625,0.000169808571430618,0.000117454037035339,7.58602708559029e-05,5.78360426425381e-05,5.15864589062536e-05,5.13410034544757e-05,4.96419626556333e-05,4.91971894732682e-05,4.32171106779732e-05,3.51363601968799e-05,2.6107862060484e-05,1.62328423785108e-05,9.89506845666684e-06,5.51260064024184e-06,2.42598225828453e-06,1.1087535953471e-06,0,0,0,0,2.13034953941007e-05,4.49644043478643e-05,8.67361855929815e-05,0.000169435303257475,0.000268129792128093,0.000387792794530746,0.000536180663078273,0.000636173396546698,0.000708855296541178,0.000726444777180015,0.000706988767706485,0.000811224135457416,0.00102423335171356,0.00142493225044746,0.00209768501421193,0.00322688696277349,0.00445250486743431,0.00576463398567349,0.00730994650089866,0.00846794052537931,0.00940503988770017,0.0102454222993481,0.0107391998727964,0.0109899297549529,0.010969869330443,0.0106618543040202,0.0101003453382588,0.00915505510600382,0.00825347071300182,0.0072492551735034,0.00609606175100642,0.00516054877439612,0.0042845834880796,0.00342912130030094,0.00298236120912981,0.00281747139703161,0.00304009850871677,0.00345766744224537,0.0040247602294101,0.00475750356359907,0.00527123770456344,0.00567595876350903,0.00586695142709445,0.0058126898713991,0.00552982647851811,0.00504357914561496,0.00465053838917598,0.00437394505714866,0.00428189641127666,0.00435084250186477,0.00446814965256864,0.00448288596527081,0.00425624990902301,0.0038132319392615,0.00303527253865399,0.00233381266081959,0.00168270459437114,0.00109875107007256,0.000780596370468537,0.000634728423525913,0.000634926794738225,0.000758983991484743,0.00095384051540952,0.00129990734718207,0.00158633089417295,0.00180796419646729,0.00191069512175568,0.00182912821066447,0.00161097712483247,0.00123707626192547,0.000908404253702495,0.00061559357417686,0.000348373438151159,0.000199854045099331,0.000106917918731167,4.62661684176998e-05,9.8397318368742e-06,5.10095847497779e-06,2.05901653444786e-06,8.75665122261151e-07,0,0,0,0,0,0,0,0,0,0,0,0,0,0,0,0,0
0,0,3.35024637185068e-05,7.19966060681617e-05,0.000144748145701838,0.000291290401173972,0.000473508090869696,0.000705170210657568,0.00101398970042571,0.00124842267670121,0.00141169671047105,0.00147203321099964,0.00139574447633365,0.0012314814448613,0.000981077534282244,0.000783045318071751,0.000630173459092012,0.000521701390071706,0.000481305178725936,0.000463519789714444,0.000436282743347527,0.000417745059190494,0.000386653816939181,0.000350899424630045,0.000342671273591685,0.000359151868036757,0.000406618033483947,0.000453466894575427,0.000487664023739068,0.00049077205029124,0.000452540728706063,0.00038843783959636,0.000289461957423798,0.000207491318155878,0.000138863751178725,8.16174218295854e-05,5.34740570126837e-05,3.99927245458069e-05,3.39788452529091e-05,2.94012296217628e-05,2.91378057407403e-05,2.55960104447651e-05,2.08100594528811e-05,1.54627900733593e-05,9.61415505457095e-06,5.86050921950221e-06,3.26492403938897e-06,1.43682597581689e-06,6.56676676482206e-07,0,0,0,0,2.02929018484053e-05,4.28313864566984e-05,8.26216012153035e-05,0.000161397644614267,0.000255410272053076,0.000369396710321557,0.000510745366784895,0.000605994652795979,0.000672520806401563,0.000684669956432086,0.000658289154595177,0.000733311900923466,0.00089421283428249,0.00121980583989959,0.00177841708841296,0.00273275912446917,0.00378802045966636,0.00492666199364228,0.00629497103488796,0.00734909071504104,0.00824231249109814,0.00910166300466519,0.00966253615563387,0.0100087737221716,0.0101078896121423,0.00988015520122885,0.00936938933163885,0.00844924918508626,0.00754930632643658,0.00655636660455023,0.00543541300823923,0.00455753681680088,0.00375941733476623,0.00300107729873632,0.00261140401802457,0.00247170007032357,0.00267843599193787,0.0030497406489071,0.00354784311957186,0.00418328532296468,0.00462113672290716,0.00495942899048767,0.00510137405947383,0.00503925764569598,0.00477866259057823,0.00435250569109466,0.00402836396044877,0.00383048899358293,0.0038381175555897,0.00399066163945728,0.00419113490530123,0.00429368277602322,0.00412963051840335,0.00372987552545646,0.00298177317961231,0.00228503655450783,0.00162617669267444,0.00101684701507669,0.000675188410818519,0.000499445295487385,0.000458194247615033,0.000537638306285847,0.000677264640270823,0.000944389588052503,0.00116341726585575,0.00133007846503982,0.00140203570564001,0.00133316918729517,0.00116114237112803,0.00087369359744304,0.000625861616598778,0.000409746712717838,0.00021886268346784,0.000117551509141503,5.77035401511176e-05,2.18163905709954e-05,0,0,0,0,0,0,0,0,0,0,0,0,0,0,0,0,0,0,0,0,0
0,0,3.19131764690448e-05,6.85812367093567e-05,0.000139395509298297,0.000281561183533575,0.000459522361705249,0.000687777874135214,0.000996589248413321,0.00123691763140526,0.00141251090171633,0.00149849353192604,0.00144660296818188,0.0013076399214316,0.00108679779984317,0.000913379051829956,0.000786599666074371,0.000711829983669605,0.000697473397525061,0.000698112698539684,0.000677388846835457,0.000647161279833749,0.00059360141974668,0.000525423794936904,0.000495165258482748,0.000497338546974004,0.000537706752831387,0.000583067056477791,0.000614930681247917,0.00060918468588283,0.000555939277960974,0.000473371115549456,0.000349145011719343,0.000246562340848779,0.000159670250833454,8.44640792313681e-05,4.54504211589782e-05,2.45241563981523e-05,1.46535307779371e-05,1.15761754999018e-05,1.89906955226042e-05,3.05434160928682e-05,4.11057966751912e-05,5.05594135096484e-05,5.75554683566399e-05,5.80758055770701e-05,5.35571415287376e-05,4.31528795971381e-05,3.26468753538694e-05,2.25728791914692e-05,1.28732195535332e-05,7.30200632827809e-06,3.78539087061177e-06,2.02419699593529e-05,4.01486602524066e-05,7.61931194178051e-05,0.000148839889677296,0.000235537741617498,0.000340655315898931,0.000471006155183593,0.000558844445857618,0.000618070741206648,0.000625662317142249,0.000595179345249061,0.000644770185702135,0.000759379478508497,0.00101425841672354,0.00146276294327546,0.00224541004480897,0.00312957499638432,0.00409313347346389,0.00528238817899903,0.00623196302836457,0.00708211917498956,0.00796610722089916,0.00860043165606938,0.00905173813323334,0.0092852845906768,0.00915343302656608,0.00871011436387255,0.00783241936757948,0.00694213103216132,0.00596095840409686,0.00486093345048189,0.00402475531030686,0.00328625972064102,0.0026065110483254,0.00226367808106985,0.00214577516491946,0.00233896407048528,0.00267100977448558,0.00311047616977069,0.00365994171344573,0.004027157775256,0.00429821160289103,0.00438276907973262,0.00429938861881075,0.00404638250036304,0.00366247773461357,0.00339258332937779,0.00325802679611302,0.00334356286238702,0.00356011818463101,0.00382405680630107,0.00399882800764947,0.0038939427312443,0.00354557770365484,0.00285061078541534,0.00218461870789265,0.00154639793728739,0.000944608893216504,0.000601701855780133,0.000413504229176754,0.000344886893769988,0.000389137726162269,0.000481998784382868,0.000680750105685218,0.0008436047607197,0.000967693142745173,0.00102223980499243,0.000972958504126438,0.000847888154020223,0.000638401307085045,0.000457359527200248,0.000299460081030585,0.000159973136891772,8.5930232272683e-05,4.2185379111978e-05,1.59511330376777e-05,0,0,0,0,0,0,0,0,0,0,0,0,0,0,0,0,0,0,0,0,0
0,0,2.94301300137117e-05,6.32451838448382e-05,0.000131307762155953,0.000267608286569517,0.000440112681361545,0.000664976752851157,0.000977235739337409,0.00123050258701832,0.00142941614156142,0.00155928239331546,0.00154715257981369,0.00144695078437471,0.00126763685145223,0.00112586576515189,0.00103116305083763,0.000997759729211485,0.00101563341562155,0.00103881761306743,0.0010239951434669,0.000975011241233048,0.000887329219312889,0.000769275587222796,0.000703493465054346,0.000679599690820319,0.000701598982536153,0.000737945667897105,0.000761053925556447,0.000739865238463613,0.000666624333513761,0.000563295751380786,0.00041336355251763,0.000291795452056893,0.000190660885746134,0.000105643940270258,6.43352712210163e-05,4.5845153337019e-05,4.23614934651463e-05,4.54834914272234e-05,5.995853478084e-05,7.84370091477501e-05,9.28016457708676e-05,0.000103770210193421,0.00010911343593944,0.000105307056420982,9.4191931643454e-05,7.49137011725231e-05,5.70652854603893e-05,4.12631981140205e-05,2.77693230900056e-05,2.23488722044843e-05,2.11275309086323e-05,3.97962340176396e-05,6.07367318876686e-05,9.4481947906568e-05,0.000158775161716058,0.000233319590980877,0.00032286115044148,0.000433482392900347,0.000507584144073327,0.000555470746675307,0.000556817597792492,0.000523636909545994,0.000551876349237901,0.000627292790431955,0.000819265392078853,0.00116733804562205,0.00179110200739962,0.00251347466449965,0.00331104895487983,0.00433063031813616,0.00518175038476151,0.00599258759728861,0.00690426461090142,0.00761109423898945,0.00816579093814125,0.00853176828258994,0.00849852494082639,0.00812731030407375,0.00730175931583467,0.00643243747252046,0.00547633771395996,0.00441525565190895,0.00363647825789802,0.00297194993468457,0.00238300792160735,0.00209017125055385,0.00199025124147605,0.00215835316990288,0.00243996181700528,0.00281395838196157,0.00327688532858637,0.00357843606801657,0.00378891814440733,0.00382205384468902,0.00371636264074623,0.00346490815649361,0.00311011662333346,0.00287742395490251,0.00278333704247016,0.00291153745367859,0.00315820359713652,0.0034499402326466,0.00365986113814886,0.00359260306648968,0.00328668399104788,0.00264655739388844,0.00202020787731532,0.00141299977906846,0.000830068778038798,0.000493066760966906,0.000299043718232289,0.00021272037152902,0.000232614913635637,0.00029297904366237,0.00044164265539127,0.000563124692961769,0.000656223270967809,0.000700154540712044,0.000669345977814724,0.000584818231241111,0.000441642655391269,0.000316556291852239,0.000207369262969506,0.000110841481178977,5.95669615000743e-05,2.92564798689061e-05,1.10684761688604e-05,0,0,0,0,0,0,0,0,0,0,0,0,0,0,0,0,0,0,0,0,0
0,0,2.627502793559e-05,5.64648872274916e-05,0.000120473863482852,0.000248061964783664,0.00041177290353269,0.00062939003583341,0.000940478558950529,0.00120409572441861,0.00142597036856937,0.00160527447017884,0.00164129717117213,0.00159224891534952,0.00147421496189858,0.00138403611799966,0.00134349098264881,0.00137842416993674,0.00144776295830928,0.0015063877267296,0.00150134252237296,0.0014263432458845,0.00129089256736447,0.00110223511435969,0.000984553371064049,0.000921328296726666,0.000914586046753873,0.00093691622595637,0.000948798718064613,0.000911696389634324,0.000819009842552781,0.000697434395636389,0.000524422221837708,0.000384970073479971,0.000268910535222593,0.000169678119844178,0.000119967009919572,9.68061816614738e-05,9.17915428678206e-05,9.69142442654206e-05,0.000116974332752766,0.00014482913731465,0.00016676401865445,0.000182919609140094,0.00018890080061746,0.00017987612685165,0.000159243090235257,0.000125265252199327,9.46793333195429e-05,6.80064505663532e-05,4.54803016149328e-05,3.64970060337972e-05,3.4481197849694e-05,5.20933578499605e-05,7.20798214087291e-05,0.000102042909892886,0.00015717802655223,0.000219406963050056,0.000293483117012659,0.000384663413642069,0.000445384473993619,0.000482987252472121,0.000480064707180011,0.000446954958961068,0.000459194692689522,0.000504053503524626,0.000642941265541268,0.000903936230381871,0.00138838373815922,0.00196569391064111,0.00261444291436247,0.00348369034918498,0.00424924922069826,0.00502978235044905,0.00597643608647537,0.00675896865614136,0.00741940742183536,0.00792191029165523,0.00799186017941002,0.00769881206845884,0.00693025650043056,0.00608067833076706,0.00513929898342755,0.00409351066500648,0.00334437700665645,0.00272347210959092,0.00219379218000429,0.00193380046847289,0.00184615719554932,0.00199586251823881,0.00224338777416674,0.0025765793647813,0.00298751750098899,0.00325133680313195,0.00342364424715855,0.00342098532544341,0.00329248822989556,0.00303217998453995,0.00268239799351722,0.00246059713981346,0.00237709820824068,0.00250994183590323,0.00275536864928555,0.00304577592334641,0.00326671300057847,0.00322703935889189,0.00296593725925819,0.00239788688361226,0.00183396338576135,0.00128453790183991,0.00075304031790809,0.000444211373255637,0.00026118987551686,0.000169306060851022,0.00017011069081531,0.000201845203257985,0.000304265624020455,0.000387959550586306,0.000452098955117621,0.000482364997221046,0.00046113972266775,0.00040290511320622,0.000304265624020455,0.000218088530404046,0.000142865136394445,7.63632136220952e-05,4.10381073715934e-05,2.01559813013717e-05,7.62552431782256e-06,0,0,0,0,0,0,0,0,0,0,0,0,0,0,0,0,0,0,0,0,0
0,0,2.27103093996358e-05,4.90330441500912e-05,0.000108964913544628,0.000227935786890657,0.000383546975363114,0.000595820063160072,0.000910610651149241,0.0011911395309018,0.00144436359361453,0.00168630864973037,0.00178064388335154,0.00179213413295739,0.00174642720503534,0.00171870642081488,0.00174624669901986,0.00187038164987214,0.00200875881663112,0.00211624901593284,0.0021261460959044,0.00201835112906041,0.0018196812598589,0.00153590344152124,0.00134545294452195,0.00122369914304381,0.00116802386173409,0.00116160075013222,0.00114902616902787,0.00108239112472175,0.00096067262415497,0.000815186604972878,0.000615733334801684,0.000457995904070263,0.000328335874248525,0.000218341419305917,0.000164467271253449,0.000141817788727682,0.000141861115231195,0.000154542828269609,0.000185406216785681,0.000228269850943907,0.000261863891161308,0.000286370532572199,0.000295559141045239,0.000281808707849648,0.000250998687109244,0.0002016745802467,0.000159150493430577,0.000124753549129859,0.000100188357905266,9.5192251679767e-05,9.94044243114813e-05,0.000120775889437579,0.000139210426389912,0.000160276825974615,0.000195987371571061,0.000235683221487621,0.000284421783825337,0.000346435633432588,0.000388018770627221,0.000412130151121539,0.000403504975371365,0.000370854193645179,0.000371694626434615,0.000393969928436759,0.000490271003365802,0.000679256882149317,0.00104761995380726,0.00150108802758535,0.00202317801037873,0.00276655936952521,0.00346239426635852,0.00422232947250824,0.00520801286321992,0.00606294945123937,0.00682188055861028,0.00744978238268914,0.00761494448072177,0.00739351772652485,0.00667634765823156,0.00584359112493297,0.00491381930081079,0.00388029750005869,0.0031584469107115,0.00258016936174519,0.00211175519207689,0.00188845313794035,0.00181938056495955,0.00195787465142105,0.00217672503255622,0.00247443873627217,0.00283805798608742,0.00306547320409603,0.00319809530989719,0.00315267905312556,0.00299001521943736,0.00270595937042691,0.00234024510952073,0.00211013935625826,0.00201693376434059,0.00212930204410183,0.00235294864856471,0.00262234437346416,0.00283608454794424,0.0028148935352146,0.00259695077060301,0.00210642998111261,0.00161352932283129,0.00113139101622562,0.000662233796811294,0.000388588950700207,0.000222930792772198,0.000133019911159296,0.000122161907557056,0.000134626069956092,0.000202938115563026,0.000258760023792141,0.000301539519276799,0.00032172626751625,0.000307569501585097,0.000268728367484857,0.000202938115563026,0.000145459992493702,9.5287733055228e-05,5.09324926885695e-05,2.73714659783729e-05,1.34435721281119e-05,5.08604789062503e-06,0,0,0,0,0,0,0,0,0,0,0,0,0,0,0,0,0,0,0,0,0
0,0,1.90034203229526e-05,4.12202681423676e-05,9.72033321463242e-05,0.000207830295985276,0.000355925599656688,0.000564294554820749,0.000886153980603671,0.00118811861758348,0.00147864217849511,0.00179415313967369,0.00195637242677177,0.00203913126598606,0.00208107407776476,0.00213183960979998,0.0022474726919046,0.00248847978944658,0.00271830713927485,0.00289216669853488,0.00292636980509359,0.00278264779857616,0.0025096681335855,0.00211083687385915,0.00182974193178546,0.00163161389726682,0.00150612273134107,0.00145375105774523,0.00140115131547977,0.00128937026591495,0.00112961220389819,0.000957962457306285,0.000736200634676097,0.000567736613836963,0.000433932725836358,0.000323521193961556,0.000271979788926909,0.000253228561213979,0.000257903281094589,0.00027579303392185,0.000314594959016327,0.000370633261279907,0.000415769610887383,0.000448957616138375,0.00046015596800559,0.000439371933051069,0.000393456564279797,0.000321740436700203,0.000263032983505756,0.000220148854006921,0.000198896451980059,0.000207401455682831,0.000229565671209551,0.000267162287547395,0.000289337454365811,0.000299868672451451,0.000306151966042624,0.000310128891468258,0.000319004438993686,0.000336150918296704,0.000348588634101381,0.000352712390600936,0.000334106008040675,0.000301002469528587,0.000292872233980824,0.000299501477448361,0.000363296048638911,0.000495361617474957,0.000771704369313888,0.0011242400802314,0.00154368905108325,0.00218776378272279,0.00283017995844613,0.00357863384442431,0.00460409224374858,0.00552359830376211,0.00636732094728987,0.00710019925634056,0.00734506384605674,0.0071825217520089,0.00650781339800484,0.00569089446444762,0.00477489829015703,0.00376095692876469,0.00307232093603284,0.00254164300129644,0.00213728584559261,0.00194900361481278,0.00189412990950798,0.00201200982352415,0.00219387580608572,0.00245015945123805,0.00276474647680436,0.00295860664956845,0.00305723579132912,0.0029752939782073,0.00277961378722068,0.00246810525977109,0.00207633231365506,0.00182546930922108,0.00170771558379724,0.0017808641483051,0.00196719828475522,0.00220101867712961,0.00239350828971004,0.00238299440405498,0.00220529717741973,0.00179349678462139,0.00137548455701686,0.000965312441592899,0.000564372001184667,0.000329846498039931,0.000185609911958218,0.000103076297003266,8.63221721156033e-05,8.69298162329176e-05,0.000131039798594004,0.000167084735698016,0.000194708016108944,0.000207742863782711,0.000198601654645069,0.000173521425750968,0.000131039798594003,9.39254218803476e-05,6.15285369798278e-05,3.28877774649874e-05,1.76741139981399e-05,8.68069056009656e-06,3.28412772227588e-06,0,0,0,0,0,0,0,0,0,0,0,0,0,0,0,0,0,0,0,0,0
0,0,1.53946335815978e-05,3.37007319565536e-05,8.65292339666829e-05,0.000190617261112346,0.000333750032573954,0.000542328862055011,0.000878462788280346,0.00120962056846789,0.00154603476283635,0.00194770684695764,0.00218717023696782,0.00235039082058813,0.00249234967331097,0.00263491488022498,0.0028555990256734,0.0032379186166693,0.00357860020447225,0.00383244037061569,0.00389358586169436,0.0037048754016864,0.00333955105270724,0.00279938891413325,0.00240840458988751,0.00212008387718336,0.00191632555903311,0.00181567955754449,0.00172210867842612,0.0015631887306302,0.00136051369300897,0.00115667470926514,0.000902798778186539,0.000714170961620898,0.000567120638554719,0.000447158306178359,0.0003933004786479,0.000377137906234333,0.000389345974522247,0.000417812498014938,0.000475074718569582,0.000558443909370587,0.000628626925982072,0.000685209204429594,0.000717179364903535,0.000704050533850848,0.000655627195625232,0.000570451408550863,0.000494760681782523,0.000434287801337981,0.000395721457645087,0.00039600558062482,0.000413918116088075,0.000445106254867567,0.000457548154104682,0.000449094642514789,0.000421595263521934,0.0003890996666935,0.000357647247222012,0.000331635331202423,0.000315744937973009,0.00030049366287828,0.000272103470340406,0.000238691983198118,0.000224956466979491,0.000221431181247245,0.000261624778324462,0.000350622433629515,0.000557577797472273,0.000831443100164525,0.00117207480430173,0.00174320314212954,0.00235043351302825,0.00309913184458732,0.00417072569037838,0.00515478926940045,0.0060799120254162,0.00691182882795532,0.00723296026271105,0.00712592652938405,0.00649038348602166,0.00568782565463491,0.00478327395161362,0.0037881528888989,0.00313320807514535,0.00265060063370741,0.00231074785601509,0.00215714627254015,0.00211633917211802,0.00221319121843006,0.00235855121981411,0.00257624059197323,0.00284578706423581,0.00300743423460682,0.00307030460291062,0.00294313197512875,0.00270163210972422,0.00234586216357017,0.00190639129040179,0.00161695496316287,0.00145819572038575,0.00147561970889891,0.00161302497315047,0.0018009413487775,0.00196289004383955,0.00195692884329976,0.00181557402096546,0.00147972646266334,0.00113592316531933,0.000797730220762407,0.000465995017684307,0.000271532839650751,0.00015051588553208,7.86601563112893e-05,6.01215968505196e-05,5.43421996801364e-05,8.19165530289445e-05,0.000104449226563143,0.00012171729274528,0.000129865731632924,0.000124151312417488,0.000108472977116112,8.19165530289445e-05,5.87153436191222e-05,3.84631670407046e-05,2.05590469126228e-05,1.10485708319342e-05,5.42653648909491e-06,2.05299783426216e-06,0,0,0,0,0,0,0,0,0,0,0,0,0,0,0,0,0,0,0,0,0
0,0,1.20735725829981e-05,2.69131236488191e-05,7.77406916673315e-05,0.000177935626890394,0.000319629535832073,0.000533722852818637,0.00089275207183653,0.00126172597196983,0.00165293659264513,0.00215261308483687,0.00247736722903759,0.0027284199393911,0.00298015571689151,0.00322542613295543,0.00356584348345977,0.00411122377203776,0.004580596086612,0.00492774363495128,0.00502054502159628,0.00478009742321541,0.00430812081225524,0.00360330794920149,0.00308208252488991,0.00268399415141129,0.00238059513160339,0.00221556829183088,0.00206743252049533,0.00184976282671772,0.00159906545232522,0.00136422641089676,0.00108509352949912,0.000884098302052427,0.000731820117332162,0.000609892308881464,0.000558549208453904,0.000548436897939578,0.000571334360094015,0.000613666679564906,0.000691961671231568,0.000809267310179363,0.000909664994670826,0.000994279495850916,0.00105144098731738,0.00104908149844059,0.0010016026119376,0.000909392479537458,0.000824075595676189,0.000754294478330193,0.000706833814912037,0.000702726306706981,0.000715630173961815,0.000733256551894375,0.000725310910731907,0.000683953092152078,0.000604610887315241,0.000520863899443936,0.000436422002525818,0.000354892290269219,0.000303032683340608,0.000264047488621151,0.000222432727084844,0.00018690174463651,0.000168940610420421,0.00015919279225513,0.000183112047933224,0.000240892229200796,0.000398220405944706,0.000613457139246638,0.000896541259574942,0.00141787856402195,0.00200447280618537,0.00276123492118815,0.00387804113571218,0.00491867256028443,0.00591120688118932,0.00682050779074294,0.00720064622690448,0.00713316697422021,0.00652415223767423,0.00573417461400279,0.0048467341038767,0.00388845206349926,0.00328746198670322,0.00287415634145589,0.00261978835550866,0.00251127496828443,0.00248759883349327,0.00255772646572348,0.00265683563688486,0.0028246256997937,0.00303676596093418,0.00315795978485273,0.00317911768091213,0.00300082041950569,0.00270849024807174,0.00230167941323497,0.00180563221428196,0.00146949321962976,0.00126177786702195,0.00121589015996324,0.00129940905554972,0.00143721548920937,0.00156402051937946,0.0015582803925951,0.00144869638219085,0.00118278009462933,0.000908646260451232,0.000638458687495104,0.000372719365071636,0.000216691716072038,0.000118728873874982,5.90042891412932e-05,4.1321456020723e-05,3.28877774649874e-05,4.95757143172752e-05,6.32124378442179e-05,7.36630327997323e-05,7.85944497537986e-05,7.51360960506896e-05,6.56476026616079e-05,4.95757143172752e-05,3.55343943766008e-05,2.32778224966795e-05,1.24422891184827e-05,6.68657030752513e-06,3.28412772227588e-06,1.24246968850609e-06,0,0,0,0,0,0,0,0,0,0,0,0,0,0,0,0,0,0,0,0,0
0,0,9.16708159567605e-06,2.11657027125345e-05,7.13469820787341e-05,0.000170817209808698,0.000315157717242771,0.000540710676810999,0.000932617484153722,0.00134905540195364,0.00180522020707383,0.00241630045461076,0.00283640827316554,0.00318502412808592,0.00355865813856773,0.0039178386089382,0.00439037820237046,0.00511380350669694,0.00572173067217271,0.00616726198554416,0.00628889609404726,0.00598818224163044,0.00539698507948685,0.00451064649369633,0.00384660278204816,0.00332826053465538,0.00291551791456015,0.00267979994038215,0.00247210513898396,0.00219142841618598,0.00189077016008441,0.00162613483962579,0.00132589574095228,0.00111669640077859,0.000963137722071239,0.00084180449546564,0.000793832737453647,0.000789330949765162,0.000821812549853159,0.000878004410152288,0.000980071060510225,0.00113642326673131,0.00127278474782131,0.00139081400111343,0.00147691351858245,0.00148498059272507,0.00143404845622337,0.00132583243489049,0.00122243377236895,0.00113674917113813,0.00107768074116251,0.00107235718126453,0.00108658254056041,0.00109858067586854,0.00107333363553374,0.000996622384034638,0.000856210670663432,0.000709780267713207,0.000559835147807608,0.000410153588556516,0.000314520569863026,0.000246176198704176,0.000186856020966374,0.000146627720402717,0.000124750850281877,0.000111270981529249,0.000124563880860761,0.000160659962533549,0.000284191058772452,0.00045732859691674,0.000700096656079788,0.0011892114120404,0.00176503145244138,0.00253302482486273,0.00369087314257331,0.00477894351431481,0.00582682061265646,0.00679989023513349,0.00723444301977443,0.00720810724141901,0.00663845337972426,0.00588064562745656,0.00503362603779963,0.00414211136103338,0.00361607666865469,0.00328613457256948,0.00312205265797059,0.00305291669827982,0.00303292491132031,0.00305335973203967,0.00308487204305074,0.00318211940025415,0.00331634969523435,0.00338398680193621,0.00335528993592361,0.00311975166687428,0.00277366570375411,0.00231247976280339,0.00175664065439155,0.00137096930656159,0.00111186456204728,0.00100175170033221,0.00103162572340478,0.00111982689811069,0.00121097000742076,0.00120280637126285,0.00112009830976109,0.000915800279692931,0.000703954861210052,0.000494838367447641,0.000288012886062777,0.000165933110493579,8.75828110954456e-05,3.61249859793263e-05,1.56423934659684e-05,0,0,0,0,0,0,0,0,0,0,0,0,0,0,0,0,0,0,0,0,0,0,0,0,0,0,0,0,0,0,0,0,0,0,0
0,0,6.73837622658812e-06,1.66312966802323e-05,6.75613781950498e-05,0.000169658250838188,0.000320863935194081,0.000563881468243598,0.000997411707867644,0.00146923528273904,0.00199748715250955,0.00272667367184499,0.00324462559536098,0.003690980704504,0.00418521852250418,0.00465770691574927,0.00526369293867709,0.0061695873543384,0.00692108582625058,0.00746980775262342,0.00762347562621053,0.0072636173738288,0.00655275502504078,0.00548341057209199,0.00467561462032207,0.0040363915531738,0.00351401533300136,0.00320684219349049,0.00293877541810193,0.00259370154548562,0.00224188470785396,0.00194726373616962,0.0016271512878634,0.00141130321321587,0.00125854222938434,0.00113968805033676,0.00109681382196927,0.00109901202168494,0.00114205174671672,0.00121342449169251,0.00134276244187812,0.00154503455762473,0.00172448344481162,0.00188374659650975,0.00200810583723018,0.00203351820841085,0.00198479458873903,0.00186598111526008,0.00174823710577651,0.00165031451812096,0.00158439397388781,0.0015824171489721,0.00160159798450957,0.00160867481639035,0.00156113889118842,0.00143756824190884,0.00121558280351453,0.000985902453392956,0.000749513395034049,0.000510986406860849,0.000358347006557849,0.000251603518714572,0.000167497789793196,0.000118629079189166,9.18419370868835e-05,7.56020487802834e-05,8.23592675982357e-05,0.000104022971755503,0.000205670581133621,0.000349583122042088,0.000565139022380198,0.00103409831879275,0.00160463964517159,0.00238294919715664,0.00357188227878279,0.00469358276702488,0.00577937965850132,0.00679472945393816,0.00727135374276043,0.00727922406035683,0.00675250864207944,0.00604163889896554,0.00525841818653331,0.00447093214247433,0.00405260908914375,0.00383471283647084,0.00378298087384167,0.00375932409426502,0.00373709691769802,0.00368879983378051,0.00363105430001912,0.00363420571751817,0.0036646988534112,0.00366131604383321,0.00357039275197557,0.00326809014518798,0.0028641444053218,0.00234505900902375,0.00172700523717473,0.0012902242215123,0.000979361334580303,0.000808116863337191,0.000789469793931406,0.000834614554545024,0.00089702484191354,0.00088914670984615,0.000831954009970721,0.000682924804983259,0.000526043946810453,0.00037032639236865,0.000215807057960795,0.000124634413286098,6.57845335530574e-05,2.71339241403305e-05,1.17491953608422e-05,0,0,0,0,0,0,0,0,0,0,0,0,0,0,0,0,0,0,0,0,0,0,0,0,0,0,0,0,0,0,0,0,0,0,0
0,0,4.79521708236732e-06,1.33597435473348e-05,6.63285181577896e-05,0.000174257680125914,0.000336270146848715,0.000602250547322346,0.00108559708719524,0.00162000417510867,0.00222692788652986,0.00307972037100091,0.00369768226654837,0.00424149530921258,0.00485298132572382,0.0054337194124762,0.0061666125653783,0.00724559942442532,0.00813281856605517,0.00877838938248937,0.00896002205206753,0.00854285970754539,0.00771804104849033,0.00647618303131266,0.00553468897483546,0.00478430679897439,0.00416275659597455,0.00379120364788602,0.00346877333412934,0.00306466643081091,0.00266521405006044,0.00234325727686578,0.00200731099295925,0.00178807122238755,0.0016400337742692,0.00152868892751794,0.00149666514115527,0.00151202442035176,0.00157454203238657,0.00166894111963891,0.00183461652985182,0.00209225543748959,0.00232006813415672,0.00252377309583552,0.00269332298630618,0.0027441966042187,0.00271117156025787,0.00260850460744223,0.00250823598844448,0.00243717105287024,0.00241487774695453,0.00245305316311342,0.00250075778815728,0.00250263325852602,0.00240548708241676,0.00218642655134807,0.00180942085135625,0.00143426161341175,0.0010567502139035,0.000681472539170086,0.000445495769258081,0.000284076741493936,0.000164004194127521,9.93152133224887e-05,6.49798094836863e-05,4.35247657370463e-05,4.29842872272444e-05,5.05538967738365e-05,0.000132369923216023,0.000251193561781797,0.000443670006523058,0.000893504255906046,0.0014552019139873,0.00223404357148434,0.00343461424523556,0.0045705257816721,0.00567476187866258,0.00671421735410758,0.00722795134677725,0.00727361911899674,0.00680824716881729,0.00617098680867174,0.00548585294816842,0.00484996536219524,0.00457828635973451,0.00450505535854122,0.00458952394287764,0.00461690508449473,0.00458423112706878,0.00444396979520943,0.00427064647457262,0.00415023948670997,0.0040441463979309,0.00394731136450884,0.00377941661059184,0.0034036679118692,0.00294602172185153,0.00237880038690158,0.00171643029644508,0.00124452286868263,0.000896667289178714,0.000678975146381388,0.000620035440854673,0.000626350174920879,0.000659107572485665,0.000646089965342396,0.000604766488895623,0.000496599943011636,0.000382521460783799,0.000269288893892914,0.000156927632299821,9.06299523513167e-05,4.78362996557083e-05,1.97308767867943e-05,8.54361959625969e-06,0,0,0,0,0,0,0,0,0,0,0,0,0,0,0,0,0,0,0,0,0,0,0,0,0,0,0,0,0,0,0,0,0,0,0
0,0,3.3036204725004e-06,1.13004936382936e-05,6.73713701775098e-05,0.00018389470111243,0.000360008957512655,0.000653416153439286,0.00119300713137178,0.00179526150761285,0.00248534164455654,0.00346428731564607,0.00418240678698031,0.00482153463427931,0.00554423371779921,0.00622469261800913,0.00707275204328791,0.00830672013970952,0.00931384007869874,0.0100430699853995,0.0102443303952852,0.00977256015781461,0.00884385122456477,0.00744832431124795,0.00639090749842421,0.00554668479677325,0.00484494433660413,0.00442276663526823,0.0040581709466146,0.0036062763490184,0.00316698400956744,0.00282219115252506,0.0024739540956328,0.00225277028863676,0.00210991871153922,0.00200415965627846,0.00197983863040718,0.00200265068229827,0.00207568680042904,0.00218526381764617,0.00238343046839173,0.00269841544105508,0.00298182334489807,0.00324349411701434,0.00348107162882731,0.00358163685957264,0.00358914240411677,0.00352797517749644,0.00345786728959337,0.00341572400506785,0.00342558462402567,0.00348663312122798,0.00354241920089784,0.00351589074586432,0.00335248357261112,0.00302303037253154,0.00247465406192857,0.00194060068672525,0.00140851148786368,0.000883497313043241,0.000555776595767193,0.00033426069639672,0.000174056478491348,9.21619101166075e-05,5.08423414071782e-05,2.84014496522507e-05,2.74179715073961e-05,3.14967504844588e-05,0.000107391589250293,0.000214526165490107,0.000395895590365715,0.000835196698961463,0.00139025581818852,0.00216542439356751,0.00336340611572294,0.00449485903690702,0.00559344447637033,0.00662516737778252,0.00715403650576117,0.00722232009175749,0.00681561547434989,0.00626526058414862,0.00570324173234448,0.00525942712521108,0.00516959955808191,0.00527093756601339,0.00551288942958721,0.0055966177654787,0.00554598425926082,0.00529392355291802,0.00498393521934306,0.00471746371340895,0.00445139686511647,0.00424638133099587,0.0039924330288963,0.00353877155624153,0.00302870422565256,0.00241626172992959,0.00171558357072265,0.00121402516652499,0.000835203093058999,0.000579588576313988,0.000487983014498361,0.000462814373073484,0.000471796158224951,0.000454544523922939,0.000425619208352595,0.000349598292045819,0.000269288893892915,0.000189575006394362,0.000110474503670102,6.3802014068036e-05,3.36759778021879e-05,1.38902167072302e-05,6.01456939488935e-06,0,0,0,0,0,0,0,0,0,0,0,0,0,0,0,0,0,0,0,0,0,0,0,0,0,0,0,0,0,0,0,0,0,0,0
0,0,2.20343824703508e-06,1.0328256671033e-05,7.02442212053991e-05,0.000197422897765694,0.00038996812634017,0.000713755001696394,0.0013135270076978,0.00198626260300096,0.00276120704124735,0.00386327220531695,0.00467711062413069,0.00540340914539602,0.00622053009390584,0.0069788760754981,0.00791284774171892,0.00925901285467181,0.0103508461357416,0.0111367767156229,0.0113450196908662,0.0108289997718581,0.00982204656984166,0.00831574461583727,0.00717998164765938,0.00627643063238992,0.00552968588338421,0.00508104784626721,0.00469468175721259,0.00421392102582436,0.00374677070017652,0.0033856746860621,0.00302985192704504,0.00280875391991201,0.00267271010697977,0.0025738201183024,0.00255838632644233,0.00258849844198574,0.00267026481198021,0.00279182120785695,0.00302117794732114,0.00339249470500706,0.00373234087806866,0.00405621484637317,0.00437484991552637,0.00454296812172746,0.00461434901708988,0.0046274720384926,0.00461577446160037,0.00462832770132842,0.00469486173837729,0.00479132374215336,0.00485854124213213,0.00479657435810503,0.00454901677936196,0.00408426215775355,0.00333336651364354,0.00262006679190055,0.00192156441594076,0.0012462043452296,0.000830472324988367,0.000550694457005679,0.000341996624747033,0.000224452065252573,0.000149911307044037,9.15425148519571e-05,6.24223965389561e-05,3.92941746108518e-05,8.53692864666439e-05,0.000165833662501562,0.000322991415777437,0.000734184792182027,0.001270441182329,0.00202850007671292,0.0032063342883898,0.00431858165260336,0.00539739799853567,0.00640824089238696,0.00694878859139428,0.00704391529894751,0.0067140830900351,0.00627629079775506,0.00587060034290185,0.00566180058242957,0.00578731567727134,0.00608964666983646,0.00650592207389288,0.00664837866012586,0.00657075945159398,0.0061867738579506,0.00571905682863727,0.00528330148786901,0.00483193273413782,0.00450220955357704,0.00415228680845788,0.00361826111925154,0.00306183380234163,0.00241456236854946,0.00169200702217118,0.00117481743506064,0.00077830734656587,0.00049922786276633,0.000385477242722963,0.000337705705236079,0.000329541477864489,0.000309613470264079,0.000290000009855879,0.000238265299901464,0.000183531214320462,0.000129202993207,7.52928184928675e-05,4.34836392571553e-05,2.29515336117882e-05,9.46674147083866e-06,4.0991710007086e-06,0,0,0,0,0,0,0,0,0,0,0,0,0,0,0,0,0,0,0,0,0,0,0,0,0,0,0,0,0,0,0,0,0,0,0
0,0,1.42278892905226e-06,1.02665648480629e-05,7.43832109167405e-05,0.000213369346660059,0.000423447095532524,0.00077864414667128,0.00143938572022523,0.00218194961148089,0.00304001174055323,0.00425774936423322,0.00516005352642635,0.00596313713269753,0.00685525043608847,0.00766651946885067,0.00865241718329585,0.0100599610072302,0.0111939945350798,0.0120034487555331,0.0122023659847581,0.0116534455313041,0.0105979284502743,0.00903117889511936,0.00786158576895928,0.00693996602561076,0.00619140523640529,0.00574770673456958,0.00536786013322312,0.00488698030346533,0.00441246716057912,0.00404763128798638,0.00369305204439675,0.00347410348608502,0.00334319132714544,0.0032450360612783,0.00323148760741416,0.00326019843332465,0.00333977156984286,0.00346403219887187,0.00371920938965367,0.00414365016831759,0.00454071579937853,0.00493298307644699,0.00535259781332419,0.00561539730939751,0.005786261301161,0.00592314223796296,0.00601145063363481,0.00611510066725736,0.00626947861255868,0.00641383176383025,0.00649154747513688,0.00637287407175041,0.00600843512361793,0.0053642996261729,0.00434946869745517,0.00340492084627808,0.00249172394795745,0.00162057926010748,0.00108964914771768,0.000735085825026003,0.000469898935288819,0.000317010528812137,0.000217386690101627,0.000136591049787733,9.30354317368258e-05,5.83327409985936e-05,9.42056444758845e-05,0.000165846459041631,0.000314518593694204,0.000707038587950031,0.00122013062520918,0.00194298067445584,0.00306150744102291,0.00411252522674211,0.00512763886595197,0.00607266667027454,0.00660123713907648,0.00671492564377316,0.00647265259713398,0.00616965258440788,0.00594912483019613,0.00601309736941705,0.00638046399979251,0.00690229623574472,0.00750145360711296,0.00770107700711964,0.00758679347740457,0.00705419917762863,0.00641314342852036,0.00579110673491439,0.00513581918969062,0.00466892690703174,0.00421557872661646,0.0036005592551617,0.00300541150634076,0.00233660399929386,0.00161350235679959,0.0010999979922899,0.000704732110423116,0.000422184363426219,0.000300147598173735,0.000240807104602599,0.000223538869586603,0.000203361413535023,0.000190944872038907,0.000157210356413327,0.000121096137911072,8.52497137440543e-05,4.96791216997306e-05,2.86910365403314e-05,1.51437023386698e-05,6.24627170351222e-06,2.70468311704256e-06,0,0,0,0,0,0,0,0,0,0,0,0,0,0,0,0,0,0,0,0,0,0,0,0,0,0,0,0,0,0,0,0,0,0,0
0,0,8.89424174992877e-07,1.09069189661973e-05,7.91521264950687e-05,0.000230039240772967,0.000457331655711315,0.000842729143292311,0.00156154485817869,0.00236944150858665,0.0033048144204397,0.00462559283615379,0.00560576913342537,0.00647262960374306,0.00741748337023323,0.00825373614521419,0.00925330639129408,0.0106644737895815,0.0117920942574351,0.0125869962660193,0.0127579473664971,0.0121890131383573,0.0111186017872951,0.00954838251617009,0.0083944034937574,0.00750014590820427,0.00679603018472562,0.0063896793862315,0.00604384543935701,0.00558805761115022,0.00512206891564322,0.00476013208861673,0.00440911496019444,0.00419179954248165,0.00406525425849514,0.00396801189208181,0.00395749180238804,0.0039855068821628,0.00406249117599579,0.00418648645304735,0.00446538464888695,0.00493936148939819,0.00539142197468781,0.00585467593028175,0.00639191383628851,0.00677648630403819,0.00708559048521791,0.00740278936034185,0.00764010916164202,0.00787824369928749,0.00815786399049291,0.00836458858825502,0.00845115876371508,0.00825352460214134,0.00773829904804979,0.0068722925645523,0.00553976071758948,0.00432435488492124,0.00316523018368994,0.00207574878401382,0.00142266101187688,0.000991441155516262,0.000672492973243566,0.000489463254057309,0.000375308755157129,0.000291346838942368,0.000252521933246954,0.000224187781297175,0.000260505080570026,0.000320263658605609,0.000443345218273603,0.000779756725559583,0.00123248476884183,0.00188156012101915,0.00289877664862307,0.00386036842184097,0.004790532092479,0.00565358068321857,0.00616322173068462,0.00629396886089691,0.00614525269776882,0.00598510397149174,0.00595921253409751,0.00630565075198988,0.00691953274226306,0.00766174834097229,0.00843992685166006,0.00869289749149113,0.00853754066538799,0.00785339015741946,0.00703808301592299,0.00622901275099557,0.00537107291430129,0.00477088224127095,0.00422189167653991,0.00354023620090609,0.00292156353786354,0.00224654564874848,0.00153820124685811,0.00103762130204076,0.000650017742310338,0.000369144150039036,0.000242236341372202,0.000174549754625455,0.000150301749024842,0.000129902576545344,0.000121971176462654,0.000100422346612898,7.73534174988874e-05,5.44555492244279e-05,3.17338761426011e-05,1.83271718344138e-05,9.67344747478444e-06,3.98997417447028e-06,1.72768913991647e-06,0,0,0,0,0,0,0,0,0,0,0,0,0,0,0,0,0,0,0,0,0,0,0,0,0,0,0,0,0,0,0,0,0,0,0
0,0,5.3827751749692e-07,1.20237498595558e-05,8.38858877389724e-05,0.000245633707961927,0.000488303737239354,0.000900272977732552,0.00167025223240667,0.00253479091268349,0.00353719397940602,0.00494322591109118,0.00598758737215423,0.00690348391344858,0.00787838019917017,0.0087120811658245,0.00968741936387942,0.0110442168864842,0.0121161326808863,0.0128576089829326,0.0129814915617184,0.0124054950807722,0.0113541346799304,0.00983789222823286,0.00874922484470608,0.00792791443790651,0.00731491779454977,0.00697956631270298,0.00669732742118252,0.0062958208005078,0.00585837231386817,0.00550989510391535,0.00516841008860233,0.0049539099380633,0.00483138135125524,0.00473448326179395,0.00472620187891209,0.00475160527213688,0.00482797109960731,0.00495157228060026,0.00525980479308825,0.00579968579883347,0.00633264047353294,0.00690748464052186,0.00763221562103009,0.00821002431911801,0.00872871789147846,0.00930176890609978,0.00973767557654644,0.0101473412379989,0.0105839294159518,0.0108694955134113,0.0109705209180275,0.0106782132971026,0.00997335108497775,0.00882444652826245,0.00707935116582854,0.00551577812388426,0.00404204419635833,0.00267445569882283,0.00186586783100839,0.00133646835138502,0.000943640602260298,0.000712326516114002,0.000562748979199131,0.000451273467523569,0.000396892396795876,0.00035784971821173,0.000380267452030558,0.000423867240400563,0.000522184949648339,0.000805117474293911,0.00119976622188965,0.00177307991686053,0.00267945615813567,0.00353837916095276,0.0043683623938784,0.00513277049899676,0.00561190349276587,0.00575421504143478,0.00569771552103088,0.00568090821813975,0.00584963024446624,0.0064740803172207,0.00732618277635587,0.00827829213441202,0.00922300393151331,0.00952403927911258,0.00932722744123778,0.00849900875629032,0.00752002802006891,0.00653526080856592,0.00548798957760118,0.00476545642158286,0.0041323971085717,0.00340059533714297,0.00277498704433466,0.00211204676069737,0.00143908000915615,0.000966597161843686,0.000599218393619039,0.000330569187991974,0.000204761178990991,0.000132876727240768,0.000103597765490228,8.26932285777206e-05,7.67431740082991e-05,6.26809828921556e-05,4.81007275613241e-05,3.3675977802188e-05,1.96246172112103e-05,1.13337472610734e-05,5.98217825494522e-06,2.46744883936438e-06,1.06842409916984e-06,0,0,0,0,0,0,0,0,0,0,0,0,0,0,0,0,0,0,0,0,0,0,0,0,0,0,0,0,0,0,0,0,0,0,0
0,0,0,1.27092511868033e-05,8.66045995458235e-05,0.000255730632562958,0.000508818013048447,0.000939303981743873,0.00174689496087544,0.00265330955486048,0.00370679214389377,0.00517556393208334,0.00626891944500334,0.0072202491985887,0.00820710725892118,0.00901662998797826,0.00993663288282213,0.0111893002201135,0.0121620653108229,0.0128153122918095,0.0128750136581482,0.0123034494808237,0.0113014325880543,0.00989047956468245,0.00891105243232478,0.00820277295145168,0.00772207084345833,0.00748803182372905,0.00729680928637829,0.00697790442051683,0.00658978238527251,0.0062669420710913,0.00594251624849553,0.00573244685440556,0.00561240354884006,0.0055124354900485,0.00550240272953921,0.00552139781131376,0.00559016988386306,0.00570537340123168,0.00603338442932178,0.0066226437627403,0.007219959078668,0.00789232369224465,0.00880260846451724,0.00958777672117917,0.0103484638965337,0.0112350199478635,0.0119254278123301,0.0125589104185633,0.0131982550746469,0.0135786124509037,0.0136897496215033,0.013276651739926,0.0123488490144447,0.0108834443901417,0.00869502428258822,0.00677022551337995,0.00498106859616332,0.00334674121420829,0.00239608536527575,0.00177888517648695,0.00131611205149353,0.00103152765816941,0.000839588394396072,0.000690171932518994,0.000613346589910571,0.000559042224047457,0.000562156415602543,0.000584010725536067,0.000648681791026472,0.000861115624909165,0.00118172818643977,0.00166117882606647,0.00243435206184712,0.00317406153732328,0.00389006921781547,0.00454559983955536,0.00498840169384073,0.00514205275125137,0.00518035630159164,0.00530667496898969,0.00566384059129846,0.00654780270323617,0.00761431658064826,0.00874983708066419,0.00983413514335305,0.0101723970265895,0.00993511315603001,0.00897838362085442,0.00785517976345084,0.00671414729657419,0.00549764177791372,0.00466581573061158,0.00396036501290919,0.0031918673827895,0.00257133279222788,0.00193353614032691,0.00130972371578307,0.000875659314835502,0.000538423024295859,0.000291386945254372,0.00017312855385458,0.000102457643505742,7.20247514846262e-05,5.19946780086558e-05,4.73311398885973e-05,3.81365224564452e-05,2.90763672239423e-05,2.01616998643557e-05,1.17491953608422e-05,6.78547812207483e-06,3.58151092804927e-06,1.47725370357873e-06,6.39662080247224e-07,0,0,0,0,0,0,0,0,0,0,0,0,0,0,0,0,0,0,0,0,0,0,0,0,0,0,0,0,0,0,0,0,0,0,0
0,0,0,1.43899517545475e-05,8.99631150256521e-05,0.00026521919695461,0.000526379741546541,0.000970103117732594,0.00180442212680362,0.00273863641005226,0.00382580919273038,0.00533096241216368,0.00645344820552084,0.00742236303442993,0.00840083974783806,0.00916641034556609,0.0100053062498554,0.0111140355598298,0.0119530815826427,0.0124902570873775,0.0124716333974937,0.0119132454684753,0.010983753988602,0.00971736522484988,0.0088801441067941,0.008314642387405,0.00799604812271725,0.00788629013532374,0.00780715187708731,0.00759392688476946,0.00727341314263794,0.00698824695546606,0.00669039527359743,0.00648985867466978,0.00637531919459372,0.0062753743612297,0.00626456904939043,0.00627706467057436,0.00633808339296557,0.00644123129691619,0.00678377995705144,0.00741414823575555,0.00807012234987607,0.00884003607038971,0.0099524173534931,0.0109768414015943,0.0120238081696367,0.0132920993431998,0.0143024747514594,0.0152319455709861,0.0161609499112122,0.0167023235552976,0.0168797100516125,0.0163929813621817,0.0152587491414483,0.0134750890874513,0.010820703641171,0.0085068471043082,0.006367814408879,0.00441789940673248,0.00327966214400422,0.00252423509260025,0.00192926067305565,0.00154246242453171,0.00126699027179081,0.00104672913321796,0.000930663611433069,0.000851913014546244,0.000827643217811559,0.00082120211595718,0.000842645248759989,0.000966604979989671,0.00119711125760347,0.00156586666370883,0.00218724359373002,0.0027949829921646,0.00338740342679682,0.00392692215951049,0.0043256921944583,0.00448448324335463,0.00460650915131073,0.00485813632930581,0.00537701038191253,0.00647544939032289,0.00771118244160811,0.00898544126268882,0.0101672408760095,0.0105257235480799,0.0102496945161207,0.00918926278764843,0.0079548105069555,0.00669462276209735,0.00535210545266752,0.00444287712432647,0.00369251143826115,0.00291503647010962,0.00231856109644119,0.0017225708875124,0.00116110400017452,0.000772784197805773,0.000469663281003322,0.000244537265988589,0.000132120720244422,6.0378797171656e-05,2.61467651961762e-05,6.23771148929484e-06,3.4750656349793e-06,1.52930497364384e-06,6.98942616797544e-07,0,0,0,0,0,0,0,0,0,0,0,0,0,0,0,0,0,0,0,0,0,0,0,0,0,0,0,0,0,0,0,0,0,0,0,0,0,0,0,0,0
0,0,0,1.57734818832587e-05,9.13513767905052e-05,0.000268598539931548,0.000531855267954589,0.000978650608947183,0.00182177569668092,0.00276379712668714,0.00386222022477419,0.00537487394245273,0.00650731644219029,0.00747999337760328,0.00843922843108912,0.00915279339004306,0.00989926613798033,0.0108437660773458,0.0115297634966285,0.011934494464507,0.0118292997947372,0.0112892684644285,0.01044601404608,0.00934726223439163,0.00867056996653859,0.00826378186028074,0.00812281768573283,0.00814969023381457,0.00819484082455722,0.00810199809239267,0.00786158614603494,0.00762174273306885,0.00735438399204705,0.00716341506905402,0.00705228595279459,0.00695286241064109,0.00694356851968742,0.00695645180483962,0.00702592818061607,0.00713228777826971,0.00750447551993643,0.00819200663943323,0.00891824543211578,0.00979707108084341,0.0111310265134504,0.0124142062193259,0.0137705247748854,0.0154493018432539,0.0168025600788458,0.0180461442428854,0.0192785217187333,0.0199803876401402,0.0202116045888989,0.0196210213841305,0.018244178109214,0.0161038696889257,0.0129435553578863,0.010224931519795,0.00773808300979304,0.00549446565751351,0.00419831163636923,0.00333337870364611,0.00263178242541738,0.00215336029590558,0.00179885459282415,0.0015085354158796,0.0013533437270402,0.00125084630401927,0.00119827713211221,0.00115840178390556,0.0011259952623075,0.00114201846169184,0.00126587128151771,0.001508007999492,0.00196237614531997,0.002429760020432,0.00289387907292244,0.00331528812066862,0.00366376704984509,0.00382027870668655,0.00400913550786508,0.00436039809410147,0.00500374915987493,0.00625794714291465,0.0076081870489088,0.00897021590571781,0.0102070332763981,0.0105745357704715,0.0102724449115949,0.00914964926035675,0.00785040090114717,0.00651925894231471,0.00510163867465114,0.00414819004259038,0.00337755657551809,0.00261152400614572,0.00205151078688391,0.00150764669704706,0.00101660644169908,0.000680628415463422,0.000419178119666038,0.000225274499057953,0.00012666556329802,6.14546202854352e-05,2.88792575999788e-05,9.66019048140737e-06,5.38174874341422e-06,2.36839702748633e-06,1.08243525296501e-06,0,0,0,0,0,0,0,0,0,0,0,0,0,0,0,0,0,0,0,0,0,0,0,0,0,0,0,0,0,0,0,0,0,0,0,0,0,0,0,0,0
0,0,0,1.67388132283891e-05,9.0554400963204e-05,0.000265316333726999,0.000524234612007364,0.000963190849821181,0.0017957437716381,0.00272409533886962,0.00381317959542086,0.00530914028527983,0.00644093372648317,0.00741923838801171,0.00837920021447111,0.00906850699691697,0.00975293704441454,0.0105623181467071,0.0111067252714359,0.011376393250989,0.0111661631295367,0.0106209046077142,0.00983799587486699,0.00887885600353169,0.00834290436004067,0.00807990656883629,0.00810473441965981,0.00826467349603799,0.00843481853380761,0.00846841895020357,0.0083183859632767,0.00813353300323228,0.00790632764153277,0.0077313054333207,0.00762774152013706,0.0075336171049987,0.00752923278737684,0.00754741146197491,0.0076352966913367,0.00775157483408636,0.00815627046300382,0.00890203763455596,0.00969961697947223,0.0106916441678952,0.0122620170810898,0.0138242419495371,0.0155136045845243,0.0176336197760166,0.0193565871246765,0.020943615479328,0.022517481727253,0.023410254202256,0.0237219988444857,0.0230509466913758,0.0214384535475391,0.0189412110295336,0.0152678731236048,0.0121426687565834,0.00930979488357116,0.00677459732010324,0.00532227794342083,0.0043429953860904,0.0035202452963444,0.00293282362168124,0.00248211590310232,0.00210785150965649,0.00190772703341517,0.00177987548627377,0.00169698897601613,0.0016175040390889,0.00151915026973835,0.00140484425415247,0.00140267471807982,0.00149966132765695,0.00176942218291969,0.00208679702962502,0.00241726524199392,0.00271849847065089,0.00301072193189485,0.00315797317716118,0.00339688494950195,0.00382134561692429,0.00454986584627222,0.00589744016402219,0.00730387939866394,0.00869993083287267,0.00994792242071029,0.0103135557479759,0.009999917623883,0.00885846570316936,0.00754269024292779,0.00619058256291614,0.00475067794214556,0.00378781330941434,0.00302315657368735,0.00229044822275169,0.00177884551469892,0.00129597760040004,0.000879342672848931,0.000596822892917778,0.000377264215701759,0.000213145980573683,0.000126782759658236,6.67282119822202e-05,3.40916295463004e-05,1.44835477397987e-05,8.0688693456783e-06,3.55094358443726e-06,1.62289788092002e-06,0,0,0,0,0,0,0,0,0,0,0,0,0,0,0,0,0,0,0,0,0,0,0,0,0,0,0,0,0,0,0,0,0,0,0,0,0,0,0,0,0
0,0,0,1.71969177673185e-05,8.75227825475817e-05,0.000255344941324791,0.000503535327877456,0.000923849458910765,0.00172643138197179,0.00261973523383841,0.00367391267968177,0.0051224175989373,0.00623160140463437,0.00719944310322632,0.00814960786162953,0.00881217618900905,0.00943540425275277,0.0101138358860149,0.0105222444369431,0.0106642185069506,0.0103597012906586,0.00981661386768164,0.00909867933676824,0.00827959237949035,0.00787925376719323,0.00775170694731831,0.007930242558873,0.00821517696557236,0.00850493675616294,0.00866564641957712,0.00861228629847405,0.00849176238985438,0.00831630638929618,0.00816625384980237,0.00807666146762051,0.00799554189500403,0.00800180885024637,0.0080339239161709,0.00815856497465846,0.00830208861492364,0.00875403825745059,0.00957425426179466,0.0104550518985065,0.0115695275066837,0.0133843233799874,0.0152286106446772,0.0172470996561865,0.0197982063598966,0.0218835528321267,0.0238162067273852,0.0257520238962188,0.0268661604371083,0.0272970570734886,0.0265944121647668,0.0247796555460317,0.0219515740664115,0.017785140424869,0.0142686013598024,0.0111025616356651,0.0082823798906849,0.00667515877846266,0.00557279723273924,0.00460925210859059,0.0038927225359766,0.00332704064289706,0.00285578146830626,0.00260692945582868,0.00245441766952485,0.00234130863845325,0.00221755539598178,0.00204188786964197,0.00177675109343047,0.00163296470424484,0.00157341075195059,0.0016543709143053,0.00182606572065498,0.00203157717835871,0.00222323449039633,0.00245755357918376,0.00258564707562077,0.00284646515122081,0.00330468539417113,0.0040656945936354,0.00543138826792903,0.00682916698916046,0.00820263948121124,0.0094183133818867,0.00977284937931078,0.00946373726344216,0.00834901313169143,0.0070650072165662,0.00574106692699042,0.00432953529862696,0.00338957916560825,0.00265418388621826,0.00197263124029288,0.00151776865129275,0.00110110824152285,0.000758968342260864,0.000528266002448365,0.000348640757074981,0.000211093799692872,0.000134385303497446,7.73530834261412e-05,4.24175453932839e-05,2.10229220073211e-05,1.17119930826987e-05,5.15420747520934e-06,2.35564215269417e-06,0,0,0,0,0,0,0,0,0,0,0,0,0,0,0,0,0,0,0,0,0,0,0,0,0,0,0,0,0,0,0,0,0,0,0,0,0,0,0,0,0
0,0,0,1.71043046917288e-05,8.23927116792489e-05,0.000239219134956505,0.000470869388281201,0.000862746248602937,0.00161747340125041,0.00245613252565164,0.0034541158086771,0.00483098628532079,0.00590320030400765,0.00685569620339566,0.00780571728301924,0.00846223423615007,0.00905262059376655,0.00963812631379056,0.00993827084228128,0.00997092144605323,0.00957755125531407,0.00902483893430352,0.00834927883542508,0.00763462506853039,0.00733751861125863,0.00731456626607679,0.00761424032489259,0.00800321155439967,0.00839736325902243,0.00867770514667239,0.00872397479970617,0.00867721423074998,0.00856786254816606,0.00845489345886929,0.0083887184854714,0.00833068871051053,0.00835386262795056,0.00840786184655565,0.00858654784556525,0.00877450083144476,0.0092885851231351,0.0102026466423394,0.0111833566358483,0.0124341700939998,0.0145018104806783,0.0166256381549082,0.018956493979139,0.0219061719421204,0.0243259152100189,0.0265888305462587,0.028894731039737,0.0302603938938246,0.0308576608473419,0.0301920310094379,0.0282301777132435,0.0251200532337432,0.0205039120629619,0.0166249371303952,0.0131452748310875,0.0100450022530024,0.00827774894365137,0.00703531614470418,0.00590264733109781,0.00503305087862659,0.00433193610201424,0.00375227286541378,0.00345367257432041,0.00328002216352631,0.00313944131581997,0.00296713884968555,0.00270210485377506,0.00226325206833608,0.00195862943248888,0.00172645670601431,0.0016075953337365,0.00163174384604084,0.00171520325514622,0.00180298591390017,0.00197733191014236,0.00207895225540779,0.0023409791970558,0.00280284142665595,0.00355448553479863,0.00487707388716543,0.00621300706175102,0.00751787105510338,0.00866768009655233,0.00900670714700176,0.00871990043781432,0.00767453047214397,0.00646577908822733,0.00521323193746627,0.00387324648435082,0.00298263121454919,0.00229445100419754,0.00167626806357796,0.00128242214439371,0.000933536539704724,0.000662735590785893,0.000480057153457697,0.000336766631510824,0.000221312313869545,0.000150929118552572,9.42070610081583e-05,5.43555695212552e-05,2.95420114322777e-05,1.64580277386442e-05,7.24283979667243e-06,3.31021574360653e-06,0,0,0,0,0,0,0,0,0,0,0,0,0,0,0,0,0,0,0,0,0,0,0,0,0,0,0,0,0,0,0,0,0,0,0,0,0,0,0,0,0
0,0,0,1.64698291081204e-05,7.54777587596915e-05,0.000217988138046593,0.000428343132277824,0.000783803428611075,0.0014757142280069,0.00224344165815739,0.00316784079173232,0.00445382755318484,0.0054779401763769,0.00641287129671084,0.00737577071024796,0.00805111742809117,0.00864331535314091,0.00918425550610425,0.0094128802272301,0.00936161147139388,0.00888785599364613,0.00831041501663682,0.00764751469246134,0.00698994419152732,0.00675366430842687,0.00679510403083947,0.00717361780308297,0.00763838396813398,0.00811544365161112,0.00850245938721175,0.00864850213058289,0.008684824753754,0.00865800726357768,0.00859709839483472,0.00856663798130406,0.00854433322374823,0.00859191580820345,0.00867625595812374,0.00892713049980389,0.00917860302305315,0.00977224428443506,0.0108045412321404,0.0119067118642659,0.0133107868829053,0.0156355716990824,0.0180260475640134,0.0206342262764271,0.0239205408340929,0.0266193881262706,0.0291730563395598,0.0318366923646771,0.0334781614662816,0.0342939710927578,0.0337530079481482,0.0317237179717366,0.0284078002896017,0.0234156744519202,0.0192215964988205,0.0154574784602944,0.0120814201971756,0.0101414936346086,0.00873184474243734,0.0073911573447527,0.00633975388324208,0.00548076527434718,0.00478305840711361,0.00443657515519385,0.00424831410846401,0.00408552203424284,0.00386212103537489,0.0034970215728535,0.00286326841521277,0.00237954629172796,0.00195987197858902,0.0016318044727091,0.00150791865610001,0.00147343876211885,0.00146402785558977,0.00157792298555618,0.00164708976019568,0.00189242564898642,0.00233238021899938,0.00303968056203852,0.00426951479873185,0.00550196752511368,0.00670360061396968,0.00776465661853619,0.00808802827489946,0.00784065685499868,0.0069006555867807,0.0058019049003873,0.00465413850701332,0.00341746206581967,0.00259437615921773,0.00196455049579114,0.00141556481687272,0.0010829724150935,0.000800107009908449,0.000595048055921852,0.000455128809330819,0.000343525780765396,0.000244979519158859,0.00017719524190098,0.000117737322694949,7.0169711254766e-05,4.01898054061619e-05,2.23899761768634e-05,9.85336840328435e-06,4.50331308323182e-06,0,0,0,0,0,0,0,0,0,0,0,0,0,0,0,0,0,0,0,0,0,0,0,0,0,0,0,0,0,0,0,0,0,0,0,0,0,0,0,0,0
0,0,0,1.53532959090503e-05,6.72329074677199e-05,0.000193088795529938,0.000378804543469865,0.000692276599097878,0.00131040037151898,0.0019953676445752,0.00283402368011844,0.0040159390185454,0.00498463433086753,0.00590222850489843,0.00689264289477244,0.00761297424088656,0.00824384003213314,0.00879293908668625,0.00899096393848258,0.00888453846146398,0.00834001219467095,0.00772058348227838,0.00703653440064372,0.0063819843861468,0.00615837786460937,0.00621838650451059,0.00662718374516403,0.00713432728457576,0.00766822262041335,0.00814487877051109,0.00838885136344722,0.00851778379493535,0.00859222166989091,0.0086011674028818,0.00862150271540825,0.00864954101459752,0.00872921916861901,0.00885093038025285,0.00918914587143422,0.0095213510549171,0.0102111089038239,0.0113876207546506,0.0126359012123004,0.0142128625066037,0.016796857193487,0.0194340917213049,0.0222713673767865,0.0258103928386653,0.0287122179061294,0.0314970601361331,0.0344873946336162,0.0364209096771574,0.0375067735930155,0.0371859952816511,0.0351816094035148,0.0317503628894597,0.0264707305070835,0.0220160853045649,0.0179986057703483,0.0143479398849988,0.0122179093108319,0.0106103504799389,0.00902236019545465,0.00776809285988417,0.00673877558006725,0.00593269436977392,0.00556334736190143,0.00539801076154586,0.00526658868256222,0.00503571628798962,0.00460522187692161,0.0037969432359452,0.00312970848292286,0.00249978016957537,0.00191868535683997,0.00160525366857717,0.0014140145672549,0.00127005234897898,0.00129793973206729,0.00131360613073355,0.00151877963087114,0.00191589204987817,0.00255354573966011,0.00366199815404094,0.00476868273699576,0.00585009384777366,0.00681367157436092,0.00712442572942728,0.00692845595598722,0.00611494575393195,0.00514467411829391,0.00411841911112401,0.00299927380778013,0.00225042625305683,0.00168150474515368,0.00120042036734556,0.000925179342095836,0.000703814742053526,0.000557294108067261,0.000454059645267825,0.000369013809234507,0.000282030307617717,0.000213086958674084,0.000147806836120618,8.97870304712388e-05,5.29322803122798e-05,2.94888836410562e-05,1.29774516963161e-05,5.93112178689565e-06,0,0,0,0,0,0,0,0,0,0,0,0,0,0,0,0,0,0,0,0,0,0,0,0,0,0,0,0,0,0,0,0,0,0,0,0,0,0,0,0,0
0,0,0,1.38561637285438e-05,5.81975866623382e-05,0.000166164131279605,0.000325486052117412,0.000594097906015866,0.00113204005889947,0.00172748938040507,0.00247418857279932,0.00354540705549759,0.00445543687737577,0.00535806566190075,0.00639070045369045,0.00718085702603549,0.007885706459497,0.00849438754047984,0.00870221603165269,0.00856914437813063,0.00796326686327663,0.00728430230796289,0.00654549136031471,0.00584096051844049,0.00558398583898609,0.00561967818384119,0.00601427825207051,0.00653295526762931,0.00709898869698406,0.00764748461401872,0.0079851083953379,0.0082128673519025,0.00840363077207678,0.00849836754065459,0.00858419848409357,0.0086777623418395,0.00879777198207305,0.0089631167012923,0.00939998702069658,0.00982558379384452,0.0106234483436889,0.0119653307380498,0.0133815129088222,0.0151485114879646,0.0179878993676044,0.0208469775222153,0.0238574834750841,0.0275555699063208,0.030577484739117,0.0335306630492352,0.0368187156890623,0.0390684972325778,0.0404883590099351,0.040500700116839,0.0386283407458324,0.0351830604051239,0.029709159136927,0.025043130434622,0.0207905067024802,0.0168448733079844,0.0144872825156491,0.012634314644798,0.0107468092062662,0.00925961860362033,0.00804042007350456,0.00712234713580101,0.00673327157336548,0.00659315352807855,0.00648738727415666,0.00623568375958907,0.00572077123238777,0.00471502727044241,0.00385092681305731,0.00300809003153355,0.00218573288433419,0.00170171369599668,0.00137587348945669,0.00112117784107783,0.00107568594331932,0.00104236541788878,0.00120261319399317,0.00154624025017766,0.00209942471803512,0.00306619944056547,0.00403301659102639,0.00498542584860185,0.00585089103385713,0.00615604818678951,0.00602415470631175,0.00535501789308773,0.0045265292044296,0.0036321280507445,0.00263698584013112,0.00196332895932408,0.00145310496085902,0.00103435214832297,0.000810408781532456,0.000643961428156518,0.000547925336613886,0.000475062238834485,0.000411441247006003,0.000331002489884432,0.000257474507987386,0.000183569044568268,0.000112711087445326,6.74922898292312e-05,3.76003502909909e-05,1.65471414789855e-05,7.56258729629605e-06,0,0,0,0,0,0,0,0,0,0,0,0,0,0,0,0,0,0,0,0,0,0,0,0,0,0,0,0,0,0,0,0,0,0,0,0,0,0,0,0,0
0,0,0,1.21063507245833e-05,4.89288853396983e-05,0.000138862485648723,0.00027161201366198,0.00049515846274157,0.000951149879601165,0.00145541734348231,0.00210990127541362,0.00307018688129757,0.00392224897452961,0.00481404639365171,0.00590246714558347,0.00678397968780927,0.00759360552009473,0.00830732474980309,0.00856091617534398,0.00842643705799886,0.00776660713465465,0.00701102869221358,0.00618591939625354,0.00538207750151995,0.00504905414909455,0.00502040478997029,0.00535865987166927,0.00585859912036594,0.00643189509685505,0.00703321999911385,0.0074581054601978,0.00778874221796616,0.00810830128531242,0.00830252014866821,0.00846589534723253,0.00863557088327572,0.00879935260816227,0.00900895225153881,0.00954808721652213,0.0100752227264584,0.0109914420340663,0.0125202452653748,0.0141274222508388,0.0161026395130037,0.0191915531585585,0.0222412408503323,0.0253616946841965,0.0291120284239087,0.0321547375155698,0.0351902902060731,0.0387100130510998,0.0412662497190538,0.0430532642111332,0.0434884497314316,0.0418543872514008,0.0385113310123284,0.0329686835349642,0.0281686527025384,0.0237221512708641,0.0194789635442635,0.0168621402156638,0.0147191059156842,0.0124829389376499,0.0107400556896961,0.00932040608113258,0.0082994118356689,0.0079081377113186,0.00781487509158387,0.00776079784372982,0.00750790425139188,0.00692450040872346,0.0057343845407023,0.00467616469138695,0.00361847404130214,0.00254843220480067,0.00188733297706285,0.00142093860806399,0.00104972934575609,0.000926961300906483,0.000840004514044097,0.000948827604719211,0.0012340976193542,0.00169805758584717,0.00252182787312145,0.00335144805993309,0.00418069857245595,0.00495806624016696,0.00526571071319026,0.00520435133733196,0.00468298865067066,0.00399492866793053,0.00322836527936538,0.00234945691948147,0.00174323946597251,0.00128347556847005,0.000916994613587493,0.000736024126216453,0.000616596895444102,0.000562753143590965,0.000514149900085761,0.000467183421855708,0.000388999649223416,0.000308130684864252,0.000223406056752862,0.000137975018408053,8.33137304233456e-05,4.64145675882851e-05,2.04260973800903e-05,9.33539758246198e-06,0,0,0,0,0,0,0,0,0,0,0,0,0,0,0,0,0,0,0,0,0,0,0,0,0,0,0,0,0,0,0,0,0,0,0,0,0,0,0,0,0
0,0,0,1.02402923415848e-05,3.99375782373253e-05,0.00011265416235073,0.000220648859537976,0.000401987468046757,0.000780129390162186,0.00119852762733958,0.00176929751879381,0.00262940778317979,0.0034325773074877,0.00432335858123198,0.00548234240987478,0.00647229355545762,0.00740875435105069,0.00825879100211225,0.00858193856830476,0.00846122301447108,0.00774774086261304,0.00689787562370814,0.00595830590069169,0.00501344035568786,0.00456939893790854,0.00444396719817196,0.00469194004121999,0.00514783663161604,0.00570665860126705,0.00634225342070345,0.00684587902801669,0.00727940161160863,0.0077349436883664,0.00803855208576751,0.00828923372634332,0.00854387221819397,0.00875355219455922,0.00900518150883718,0.00964179449731017,0.0102691028363679,0.0113036400989774,0.0130274069316053,0.014837836231064,0.0170300540346212,0.0203539456897825,0.0235601026562093,0.0267284540748816,0.0304301519438917,0.0334006360876316,0.0364366338768808,0.0401214752553375,0.0429700857376053,0.0451510365719128,0.046090825099301,0.0447983237603988,0.0416734876609542,0.0361901862455932,0.0313336512657173,0.0267326528703441,0.0221858310553381,0.0192730493593568,0.016792150068429,0.0141572319734449,0.0121375343221678,0.0105088769250532,0.00939532946889943,0.00901947806698466,0.00899495412430804,0.00902198038072162,0.00879473779096282,0.0081698825491394,0.00682553145517965,0.00558833710625035,0.00432317667217322,0.00300456848986438,0.00216026107859536,0.00154530551571216,0.00104837365181364,0.000843252364591736,0.000698536843996024,0.000752756025128708,0.000980552679488211,0.00135881376887853,0.00205092994623393,0.00275694909969535,0.00347810487045772,0.00418355797297804,0.00450164758653071,0.00451237742264267,0.00413199450983029,0.00357323587567888,0.00292124786011595,0.00214212240770577,0.00159061067329092,0.00116984127131403,0.000843363513008708,0.00069608410771656,0.000615186045659738,0.000595446275049862,0.000565495273552157,0.000531012915714332,0.000451817110364442,0.000361801003228049,0.00026496565747856,0.000164157494991599,9.95652657783265e-05,5.54683931979928e-05,2.44104999755574e-05,1.1156400472301e-05,0,0,0,0,0,0,0,0,0,0,0,0,0,0,0,0,0,0,0,0,0,0,0,0,0,0,0,0,0,0,0,0,0,0,0,0,0,0,0,0,0
0,0,0,8.38571923670859e-06,3.16378767564403e-05,8.86953292291483e-05,0.000174004079023018,0.000316818210304435,0.000622279681895763,0.000960520542434091,0.00145545149727318,0.00222309039520946,0.00298229313254906,0.00387643536157414,0.00511345049530316,0.00622297170901033,0.00730324458479244,0.00831613560183179,0.00873044804069959,0.00863869678857994,0.00787551557818896,0.00692053185221949,0.00584752285974497,0.00473280714627693,0.00415365070128504,0.00390926908007161,0.004043159467124,0.00443602231292978,0.00496275536040588,0.00561496875037476,0.00618614678480511,0.00671718181191888,0.00730807878499605,0.00772481092338072,0.00806784093787425,0.0084123909643894,0.00866827812414954,0.00895800195831626,0.009681953482324,0.010402188376451,0.0115483414090223,0.0134637828748018,0.0154777804274024,0.0178833494770683,0.0214149185420897,0.0247371419956334,0.0278931623548514,0.0314563306072284,0.0342741426592089,0.0372376334797039,0.0410210100770602,0.0441365858943125,0.0467189047843273,0.0482166353836463,0.0473476807355043,0.0445406356106783,0.0392334621360319,0.034391500173926,0.0296720972285935,0.024817116345354,0.0215755882835377,0.0187182129689189,0.0156498223885818,0.0133467247862368,0.011513630426213,0.0103272950324175,0.00998830908550272,0.0100564698263017,0.0101985319265856,0.0100317913374067,0.00940566058760531,0.00795666890863928,0.0065711424581785,0.00511907604956128,0.00356216583550911,0.00253419840727761,0.00176601633294256,0.00113617160530467,0.000844683687590718,0.000638398774824231,0.00063410907311851,0.000804979924865912,0.00110182756235331,0.00167670088773403,0.00227609353598527,0.00290705263581459,0.00355747240006179,0.00389140971627117,0.00397040308523522,0.0037155188214206,0.00326782017176598,0.00271103996059466,0.00201033813100146,0.00149855372680631,0.00110426462587958,0.000805147382956359,0.000682270991095313,0.000631447367107634,0.000638212379398342,0.000621986437641542,0.000596538336147217,0.000514261692023022,0.000414437231186002,0.000305320801268233,0.000189476914081467,0.000115193505015917,6.41749768870575e-05,2.82420885375421e-05,1.29075623282807e-05,0,0,0,0,0,0,0,0,0,0,0,0,0,0,0,0,0,0,0,0,0,0,0,0,0,0,0,0,0,0,0,0,0,0,0,0,0,0,0,0,0
0,0,0,6.64809380815399e-06,2.40977709898106e-05,6.71615712691891e-05,0.000132333081032494,0.000240865812763309,0.000480193375668217,0.000745692369258665,0.00117469314210758,0.00186050437121597,0.00258328628847262,0.00348688128695286,0.00480863651016775,0.00604470218591271,0.00727832223355366,0.00846844057366115,0.00898529094553043,0.00893001458832086,0.00811779384707938,0.00705039211411107,0.00583262340074486,0.00453194459640645,0.00380467320715181,0.00342962216092254,0.00343639772267715,0.00375400840197976,0.00423549964282116,0.00488776558961569,0.00551250304829913,0.00612977214196474,0.00684652645910105,0.00737276614898271,0.00780738260822132,0.00824200575893854,0.00854246116762884,0.00886504280111897,0.00966132320772306,0.0104612985698972,0.011704661346706,0.0137942599770613,0.0159965994853388,0.0185955461918231,0.0222920568243267,0.0256836971337658,0.0287719159321904,0.0321247924782767,0.0347302282943333,0.0375656928539424,0.041389904869627,0.0447408658009622,0.0477144458444467,0.0497932166048348,0.0494043559592938,0.046993903571665,0.0419658731450285,0.0372048931038696,0.0324055197741779,0.027249182384295,0.0236579889060309,0.0203997874606284,0.0168791923505373,0.0142965012516623,0.012270431093484,0.0110318475542667,0.0107486635914702,0.010930671158509,0.011222465889236,0.0111571316314188,0.0105800109498619,0.00909233005953995,0.00760085893528782,0.00598981887066866,0.00420584540614903,0.00298863396068772,0.00205425804231575,0.00127416258178183,0.00088700219737986,0.000614660827683217,0.000552854594843336,0.000675424498274719,0.000905326322038768,0.00138996964595146,0.00190824896526096,0.00247244317434232,0.00308668735027686,0.00344004567365154,0.00357940912931201,0.00342882698554348,0.00306972366631456,0.00258593409283266,0.00194112381788346,0.00145445002634707,0.00107508359305983,0.000791932834571387,0.000684966630614233,0.000656305122731881,0.000682629765152751,0.000675959653178638,0.000656839971372939,0.00057066170231938,0.000461593117138641,0.00034125215980566,0.000211964224801029,0.000129025926734089,7.18811001093093e-05,3.16333950074622e-05,1.44575008031427e-05,0,0,0,0,0,0,0,0,0,0,0,0,0,0,0,0,0,0,0,0,0,0,0,0,0,0,0,0,0,0,0,0,0,0,0,0,0,0,0,0,0
0,0,0,5.1024977165546e-06,1.80066657351346e-05,4.98742644308249e-05,9.9399068673716e-05,0.000181181644598693,0.000367573094043014,0.000575393187894872,0.000956801095150975,0.00158151410391355,0.00228146299947842,0.00320217114948197,0.00460933808248396,0.00596710946906874,0.00734728581044482,0.0087071326088108,0.00932183704067204,0.00929953716982167,0.00843443185252763,0.00725118833290931,0.00588571164680732,0.00439598403803029,0.00351907703856982,0.00301208589183238,0.0028890479851222,0.0031256928597929,0.00355310708111074,0.00419004004275492,0.00485174971328636,0.00553828948214329,0.00636259010908685,0.00698715743355344,0.00750649294475559,0.00802641364259399,0.00836827524138948,0.00871825553290568,0.00956909835529829,0.0104314509687582,0.0117510657327221,0.0139834818710676,0.0163429317985052,0.0190983013200844,0.0229020888225137,0.0263100509467053,0.0292806038295188,0.0323697339793978,0.0347220388668024,0.0373865292940516,0.041192819254024,0.0447299100857666,0.04805453448612,0.0506937549530055,0.0508078728738202,0.0488483106189588,0.0441905857005104,0.0395787668252192,0.0347502520287018,0.029325260132296,0.0253883523631695,0.0217310071270439,0.0177665583368905,0.0149242921566894,0.0127274275067172,0.0114591461143061,0.0112480914116847,0.0115616122819518,0.0120365299677846,0.0121168744322404,0.0116466220263952,0.0101977198824662,0.00865117813661019,0.00691419294615707,0.00491494652899964,0.0034997168579743,0.00238160620622913,0.00142927788692912,0.000935463091546789,0.000593634035501153,0.000479017221302437,0.000566409911159495,0.000749061195924855,0.00117651046389393,0.00164271996712398,0.00216513786790823,0.00276077088178635,0.00313431424500156,0.00332199845537165,0.0032494596722124,0.00295332990608108,0.00251787005762182,0.00190507851560976,0.00142887626423667,0.00105373950788115,0.000777302300904864,0.000680325815967139,0.000669035269519642,0.000711996151827441,0.000714122793270398,0.000701502053122062,0.000613601440529966,0.000497948641330898,0.000369153802669557,0.000229525323761869,0.000139911959853002,7.79457729717368e-05,3.43023329056922e-05,1.56772931080185e-05,0,0,0,0,0,0,0,0,0,0,0,0,0,0,0,0,0,0,0,0,0,0,0,0,0,0,0,0,0,0,0,0,0,0,0,0,0,0,0,0,0
0,0,0,3.79138037637637e-06,1.30430706890047e-05,3.59061016259423e-05,7.33159110776701e-05,0.000134165936073473,0.000277929311445591,0.000439761129498791,0.000787092008584886,0.00136593370327239,0.00205251179184223,0.00299438034643478,0.00448336963565827,0.00595367195844724,0.00746822806425784,0.00898302192829801,0.00968601774377969,0.00969133769134714,0.00877288507693718,0.00747830794717975,0.00597277035264181,0.00430521029303311,0.00328807269544182,0.00265743056653914,0.00241103094626922,0.00256673707505887,0.00293512232703443,0.00354269411482904,0.00422284702111285,0.00495702245387541,0.00586296657784657,0.00656785122961075,0.00715935973953348,0.00775517553777894,0.0081341961952656,0.00850674296217555,0.00939329433727665,0.0102978861152818,0.0116668688097402,0.0139964613474893,0.0164640192346723,0.0193189169026782,0.0231533180942152,0.0265156551795841,0.0293228582962261,0.0321151355946783,0.0341987174955884,0.0366725882526982,0.0404191268151659,0.0440918043493517,0.0477114089327913,0.0508570263529752,0.0514633364230295,0.049977536490473,0.0457554771858188,0.0413512789582006,0.0365480103246227,0.03090781751083,0.026654328972531,0.0226275302961352,0.0182571449447847,0.0151922006294901,0.0128570452881358,0.011582802150044,0.0114566030064021,0.0119145577354881,0.0126042901444284,0.0128771244675004,0.0125790353157116,0.0112626644419175,0.00973004825760689,0.00792115882322946,0.00574546551447165,0.0041453408230603,0.00284484231144778,0.00171365212512811,0.00110656431542602,0.000688220669165147,0.000511211049595906,0.000558635761030589,0.000693552188575784,0.00107285781338801,0.00149811635560099,0.00198866349930883,0.00257000982209466,0.00295670161574983,0.00317720151824009,0.00315732706325353,0.00290330047413623,0.00249986724219819,0.00190751331437111,0.00143702031844332,0.00106289618415895,0.000787886905234439,0.000693820685618699,0.000690856114310016,0.000740310805336174,0.000744743447707631,0.000734062999638237,0.00064313653834563,0.000522287691596899,0.000387537789993482,0.000240955764440101,0.000146879623948028,8.18274994822143e-05,3.60106009737955e-05,1.64580277386442e-05,0,0,0,0,0,0,0,0,0,0,0,0,0,0,0,0,0,0,0,0,0,0,0,0,0,0,0,0,0,0,0,0,0,0,0,0,0,0,0,0,0
0,0,0,2.72734925377261e-06,9.15804688416958e-06,2.506043608243e-05,5.37454628719895e-05,9.91944118193968e-05,0.000210546300511242,0.00033801443944462,0.000663639158179177,0.00121084463219345,0.00189193239186006,0.00285605572894754,0.00441689856450769,0.00598245379594504,0.00760915820756915,0.00925161314060518,0.010025297504674,0.0100491881761316,0.00907945230676992,0.00768560956600464,0.00605781571241218,0.00423675379215964,0.00309863030852567,0.00236081767185487,0.00200503095163682,0.00208453546621194,0.00239227188436457,0.00295815132566668,0.00363734280445221,0.00439454034954469,0.00535085787807315,0.00611279517570342,0.0067593367870223,0.00741772176049864,0.00782890355106887,0.00822023228253276,0.00912446216219402,0.0100504801528801,0.0114386425686274,0.0138101153522121,0.0163242862848085,0.0192082242845216,0.0229859556803416,0.0262377176937521,0.0288433771477773,0.0313255249221829,0.0331460382431886,0.0354273335756745,0.0390827200381274,0.0428358552679299,0.0466771207350365,0.0502426214900316,0.0512983661706423,0.0502801239120897,0.0465366067432062,0.042392741217531,0.0376774457577454,0.031902698245333,0.0273917618113552,0.0230567002629647,0.018351306584355,0.0151203821101516,0.0126939379255092,0.0114450469400312,0.01141748011738,0.0120297793243445,0.0129575014756907,0.0134593068995428,0.0133868614762337,0.012281002400848,0.0108188034932339,0.00897937811282628,0.00665080180672502,0.00486671853740062,0.0033746149733393,0.0020490223359464,0.00131970473709484,0.000820341288881549,0.000579645712995486,0.00059162297580935,0.000688277985281788,0.00103834907275621,0.00143907155484474,0.00191013921492774,0.0024811865244213,0.00287288562607754,0.00310900892372701,0.00311510580732089,0.0028820692321568,0.00249401692146303,0.00191044615525091,0.00144119434526683,0.00106590141301049,0.000789842619904832,0.000695403013621873,0.000696586204530406,0.000748582245952412,0.000753820655928811,0.000744567552266226,0.000653001028447589,0.000530530747049367,0.000393867030620569,0.000244891037471541,0.000149278451900261,8.31639005958824e-05,3.65987236409888e-05,1.67268191197554e-05,0,0,0,0,0,0,0,0,0,0,0,0,0,0,0,0,0,0,0,0,0,0,0,0,0,0,0,0,0,0,0,0,0,0,0,0,0,0,0,0,0
0,0,0,1.89938503537019e-06,6.2328645152498e-06,1.69562022066386e-05,3.99786080898461e-05,7.49682697387277e-05,0.000163419177973559,0.000267399698426132,0.000581612411089821,0.00110800843204461,0.00178733442565687,0.00276801188926142,0.00437733355356862,0.00600447163832739,0.00770066630986743,0.00941695209231611,0.0102249170366597,0.0102467531980033,0.0092266404015369,0.00775491182080602,0.00603789259390154,0.00410852438794724,0.00288455945284348,0.00206918662713438,0.0016304960763811,0.00164755228009923,0.00190143920238608,0.00242244481969713,0.00308758092221327,0.00384674411623745,0.00482369364185188,0.00561852465288251,0.00630125684893643,0.00700676560876421,0.00744504434306951,0.0078523483305165,0.00875803060279016,0.00968531172323856,0.0110611287423755,0.0134135232708456,0.0159049400320787,0.0187389898011676,0.0223677193144081,0.0254441429482696,0.0278177161025636,0.0299930731465209,0.031573273279325,0.0336746483067579,0.0372179077136061,0.0409942758127525,0.0449715469011725,0.0488433745990929,0.0502746396090316,0.0496847660747297,0.0464292512137077,0.0425817187030475,0.0380149283264848,0.0322010865207683,0.0275160502169492,0.0229606144385133,0.0180170567361797,0.0146870382409993,0.0122176274762609,0.0110158192824807,0.0110895740806688,0.011856441434193,0.0130390689178473,0.0138057577986115,0.0140146238363052,0.0132025956343707,0.0118742129665986,0.0100532716168359,0.00760512064900803,0.00564600285959129,0.00396024460602319,0.00243189914932667,0.00157434571471316,0.000990781561004525,0.000684563711471808,0.000663129954037621,0.00072740319783529,0.00106092338055879,0.00144766816787177,0.00190591552698056,0.00246505275488233,0.00285088040045352,0.00308490982761448,0.00309249208015341,0.00286303743814371,0.00247833111846251,0.00189765262157593,0.00142949354381635,0.00105437688138457,0.000777846995600163,0.000681432810562921,0.000683683391680676,0.000734894162984526,0.00073984199983613,0.000731704552160394,0.000642120812420344,0.00052183175268602,0.000387537789993482,0.000240955764440101,0.000146879623948028,8.18274994822143e-05,3.60106009737955e-05,1.64580277386442e-05,0,0,0,0,0,0,0,0,0,0,0,0,0,0,0,0,0,0,0,0,0,0,0,0,0,0,0,0,0,0,0,0,0,0,0,0,0,0,0,0,0
0,0,0,1.28060185697914e-06,4.11167502813386e-06,1.11218665418794e-05,3.11048855775114e-05,5.98191017594764e-05,0.000133765016779809,0.000223916689644507,0.000534399620726215,0.00105126233472878,0.00173345419128727,0.00272841733763053,0.00437212381819723,0.006040594507325,0.00778264081521428,0.00954827599573056,0.010379857432188,0.0104014910658607,0.00934883152720196,0.00782410651079379,0.00604568857702448,0.00404020269621133,0.0027531638169213,0.00187816582829872,0.00137011535237894,0.00132771956874361,0.00152306937323164,0.00198174624524936,0.00260736717019223,0.00333806406485605,0.00429675701793828,0.00509436054837814,0.00579002231015624,0.00652347196298403,0.0069819904821206,0.0074029624829085,0.0082961199674704,0.00920617313870783,0.010539000147989,0.0128109691944552,0.0152089898036765,0.0179135022051949,0.0213044429014301,0.0241463413564599,0.026266196377976,0.0281511693045496,0.0295251896611418,0.0314687212660165,0.0348867595816038,0.0386307397785405,0.0426537515527074,0.0467047528878775,0.048418721573711,0.0481965002825237,0.0454156527337219,0.0418902223968324,0.0375330383274838,0.0317906432855817,0.0270356555538634,0.0223695907558067,0.0173071007534114,0.0139565849188653,0.0115003976146959,0.0103711431931917,0.0105482198553746,0.0114650273271803,0.0129067732769938,0.0139572703000714,0.0144826360301683,0.0140228259336458,0.0128764708323811,0.0111143963017515,0.00857870925325639,0.00645807984340044,0.00458365421303614,0.002852310520226,0.00186556511988684,0.0011972663350139,0.000824158776295447,0.000769023955624835,0.000803109510477163,0.00112562422532606,0.00150192006236171,0.00194684645026235,0.00248480220009812,0.00284923220603264,0.00306097822683016,0.00304565918693336,0.00280478534188527,0.00241542428679789,0.00183791604995032,0.00137634149642604,0.00100836167035371,0.000738150528656873,0.000642645447698437,0.000646522428476547,0.000696668113664023,0.000701915738785983,0.000695626839633109,0.000611071129080002,0.000496812835482133,0.000369153802669557,0.000229525323761869,0.000139911959853002,7.79457729717368e-05,3.43023329056922e-05,1.56772931080185e-05,0,0,0,0,0,0,0,0,0,0,0,0,0,0,0,0,0,0,0,0,0,0,0,0,0,0,0,0,0,0,0,0,0,0,0,0,0,0,0,0,0
0,0,0,8.35880321861491e-07,2.62893512626477e-06,7.07170443774561e-06,2.61463948259654e-05,5.19469791219982e-05,0.000118428573499792,0.000202893978455669,0.000514549400235291,0.00102786540904176,0.00171169285337237,0.00270989199011521,0.00435773689045726,0.00602826227760084,0.00776904321962768,0.00952876602223171,0.0103508976814842,0.0103593978330643,0.00928825526895835,0.00774361331775889,0.00594681943122326,0.00391879394552132,0.00260782736675201,0.00170453199284646,0.00115373770376327,0.00106519518690088,0.00120825836228283,0.00160153016043645,0.00217470819304166,0.00285695507305696,0.00376842207390393,0.00454389931501943,0.00523195802609415,0.0059749168953319,0.0064462780933353,0.00687751069584614,0.00774424696271944,0.00861788174669246,0.00987567141369215,0.0120040894676048,0.0142375335335438,0.0167347425393712,0.0198074230943012,0.0223664077786573,0.0242236580525215,0.0258499712086396,0.0270633237365315,0.0288807585341425,0.0321708354367603,0.0358335613315051,0.0398156698625933,0.0439169497683769,0.0458110619579385,0.0458806812766448,0.0435399088477906,0.0403494353243974,0.0362572130499391,0.0307003115726867,0.0259900836420778,0.0213346890733905,0.0162839039843692,0.0129954343010368,0.0106099648355594,0.009577418818026,0.00985633413726497,0.0109118707568116,0.0126027577306028,0.0139380317508648,0.0147933560641599,0.0147177729220188,0.01378598330686,0.0121151801189471,0.00952514735462043,0.00726408935786661,0.00521621357097603,0.00329330513421984,0.00218349263202227,0.00143392530019108,0.000994184796315447,0.000904438262428733,0.000908692233606798,0.0012220135643487,0.00158963079668864,0.00202129793787739,0.00253400290322673,0.00286978711419377,0.00304987493654301,0.00300085602486897,0.00274285379081742,0.00234659627752409,0.00177387214029141,0.00132143131847633,0.000962145463419269,0.00069721060853282,0.000599264408747455,0.000600013985791272,0.000643962100605502,0.000647302266234115,0.000641502683109203,0.000563525940261512,0.000458157662710331,0.000340431307994653,0.000211666805599977,0.000129025926734089,7.18811001093094e-05,3.16333950074622e-05,1.44575008031427e-05,0,0,0,0,0,0,0,0,0,0,0,0,0,0,0,0,0,0,0,0,0,0,0,0,0,0,0,0,0,0,0,0,0,0,0,0,0,0,0,0,0
0,0,0,5.28205518295774e-07,1.21985276640376e-06,2.95745815556409e-06,2.13287854750211e-05,4.43858658495764e-05,0.000104542029940424,0.000184796818265477,0.000494200582079594,0.00100043477091173,0.0016780262159419,0.00266422727507233,0.00428488662202652,0.00592034615510374,0.00761690309866927,0.00932204523112054,0.0101077065516691,0.0100961753175175,0.00902725794809875,0.0075002112272581,0.00573125277391485,0.00373651743616546,0.00244121292951967,0.0015407015148415,0.000973289258579084,0.000852028706194048,0.000949982164313024,0.00127759600675672,0.00178897151500738,0.00240729557504297,0.00324745821591612,0.0039788336431974,0.00463982071074051,0.00537239085584315,0.00584797861184075,0.00628447793225361,0.00711429853952352,0.0079398417264636,0.00910447604713937,0.0110527689931339,0.0130791205411428,0.0153220556618057,0.0180295681952781,0.020276380727392,0.0218686283252911,0.0232600203966721,0.0243432309111427,0.0260503403391794,0.0291964681479088,0.0327248086490707,0.0365799049508005,0.0406047347087467,0.0425735216206951,0.0428507196826603,0.0409003551989262,0.0380466728444703,0.0342668158989204,0.0290052948091646,0.0244560611072914,0.0199343031608133,0.0150268722595388,0.0118807704387731,0.00962096350998491,0.00870697454009811,0.00908287635200144,0.010259300678811,0.0121735030625565,0.0137737441436213,0.0149469793097426,0.0152565039373348,0.0145549844059146,0.0130006112527877,0.0103962280495692,0.00803259391053401,0.0058499353132952,0.0037784377947095,0.00257462799456722,0.00176465410201005,0.00126680024933032,0.00113408025977426,0.00108893174572507,0.0013561762680987,0.00167947510985917,0.00206280594102136,0.00251491928518288,0.00280179794716235,0.00293997244410056,0.00285778367376075,0.00259210563318439,0.00220284380973158,0.00165486555338031,0.0012267216233165,0.000888014197887855,0.000637333438842171,0.000540473517643716,0.00053918836883921,0.00057630767614029,0.000577907237247949,0.000572729407297798,0.00050311228037057,0.000409040170091329,0.000303934849201872,0.000188974742129421,0.000115193505015917,6.41749768870575e-05,2.82420885375421e-05,1.29075623282807e-05,0,0,0,0,1.36466238145103e-06,3.09536879837235e-06,6.41671983783454e-06,1.36659461846079e-05,2.3240746631003e-05,3.61221791816622e-05,5.44513181997171e-05,6.94291673783497e-05,8.09075430131872e-05,8.63239481510507e-05,8.25254770542955e-05,7.21038224219837e-05,5.44513181997171e-05,3.9029081918045e-05,2.55671176344816e-05,1.36659461846079e-05,7.34417188927843e-06,3.60711057978327e-06,1.36466238145103e-06,0,0,0,0,0,0,0,0,0,0,0,0,0,0,0,0,0,0
0,0,0,3.23139929335815e-07,7.46268494141482e-07,1.80928215685068e-06,2.26313245155817e-05,4.81164511662134e-05,0.000112345522443063,0.000200177024892448,0.000515394329909714,0.00102399016402612,0.00169464877062216,0.00265563587495247,0.0042128297269238,0.00576719299578517,0.0073656225271815,0.00895497601230565,0.00966888033508454,0.0096245148433805,0.00857384437896798,0.00709888954748853,0.00540126112200476,0.0034918939083663,0.00224956555546372,0.00138069024265152,0.000820288087989394,0.0006785669001754,0.000738096533208001,0.00100043779263924,0.0014419584202193,0.00198272232731447,0.00273085644081728,0.00339886971714098,0.00401655061580729,0.00472459690101519,0.00520117306200307,0.00564485255268705,0.00643781579482753,0.00721020485271154,0.00826766379415155,0.010002139955715,0.0117815106590544,0.0137279710246842,0.0160338091455935,0.0179515343040804,0.0192871561647744,0.0204772024890246,0.0214654724491578,0.0230832730275312,0.0260802692966185,0.0294367368727822,0.0330986765339721,0.0369447467853135,0.0388964445360427,0.0393015741912171,0.0376830635248855,0.0351548033373908,0.0317178626018481,0.0268404016427201,0.0225534058276695,0.0182742165452421,0.0136278156509854,0.0106939955941618,0.00860736174408565,0.00782932684989937,0.0082940891348235,0.00956721763135209,0.0116627944423388,0.0134867453538863,0.0149393962554876,0.0156026712359122,0.0151248479746018,0.0136990067892057,0.0111143877711526,0.0086849453659675,0.00640365709139591,0.00421736310787474,0.00294069230156437,0.0020828560362935,0.00153717995208037,0.00137041788683683,0.00129063995378608,0.00153304753002226,0.00183204597008611,0.00218401689675036,0.00258515898360402,0.00281908714713788,0.00290118149791128,0.00276094171057649,0.00246657289475451,0.00206735347257486,0.00153160110014146,0.00112335553803019,0.000804276715908466,0.000568454915473474,0.000473284587888279,0.000469161578744815,0.000499354633960299,0.000499502881380855,0.000495027524761829,0.000434855315015496,0.000353545916009134,0.000262700175985604,0.000163336643180591,9.95652657783265e-05,5.54683931979928e-05,2.44104999755574e-05,1.1156400472301e-05,0,0,0,0,2.2793881654033e-06,5.17017769557516e-06,1.07178123013231e-05,2.28261557038835e-05,3.88188928968039e-05,6.03346797379372e-05,9.09497411096466e-05,0.000115967161260607,0.000135139429754066,0.000144186421843896,0.000137841856197289,0.000120434623056186,9.09497411096465e-05,6.51900635935719e-05,4.27046177513488e-05,2.28261557038836e-05,1.22669304266372e-05,6.02493721422633e-06,2.2793881654033e-06,0,0,0,0,0,0,0,0,0,0,0,0,0,0,0,0,0,0
0,0,0,1.91384682516866e-07,4.41989199902252e-07,1.07157568513437e-06,2.47330712975684e-05,5.31898212480751e-05,0.00012311672629906,0.000220224008596321,0.000537847806956039,0.00104447431869076,0.00169881193389807,0.00261767029207063,0.00407912734456929,0.00551652961517961,0.00697740922014746,0.00840901855012387,0.0090301162470109,0.00895046606752594,0.00794024904248659,0.00655215428555529,0.00496830289826222,0.00319438896994872,0.00204265117220125,0.00123894244962989,0.000723918142461111,0.000593915119627447,0.000648039162209386,0.000881972573855336,0.00127496761844781,0.00174777309595896,0.00239644119826924,0.00297934802546995,0.00352340743005837,0.00416447782880908,0.00461000826710619,0.00503399736948875,0.00576382263078297,0.00646435488768218,0.00739733591213694,0.00889395372199451,0.0104063121369442,0.0120389690398584,0.0139362048442819,0.0155276975166266,0.016624392590882,0.0176431828158865,0.0185600278282576,0.0200968248659754,0.0229298416702339,0.0260772425393412,0.0294883344364946,0.033070078073267,0.034926889641642,0.0353903477942002,0.0340482268734924,0.0318319449465587,0.0287608318222728,0.0243409873328109,0.0204028871397125,0.0164588382049349,0.012173032604157,0.00950845473238293,0.00763315745284776,0.0070038741284966,0.00754630721682611,0.00888644129962323,0.011106881463758,0.0130937488173105,0.014763155854731,0.0157193850649401,0.0154420032744491,0.0141493433032817,0.0116237788542283,0.00917924043434072,0.00685474763017312,0.00461270333351204,0.00330086191115683,0.0024195277992981,0.00183916108974792,0.00163726655998391,0.00151601317480479,0.0017152531591557,0.00197313093312357,0.00227794326156612,0.00261322599657747,0.00278668433312292,0.00281010657808635,0.00261454754857798,0.00229756010267244,0.00189614634757637,0.00138279153101586,0.00100198380611413,0.000708494317104403,0.000492317111856126,0.000401336971382754,0.000395283390076001,0.000418914344697696,0.000417971549412644,0.000414226682646196,0.00036387607872229,0.000295838402161646,0.000219820953352935,0.000136676028048772,8.33137304233456e-05,4.64145675882851e-05,2.04260973800903e-05,9.33539758246197e-06,0,0,0,0,3.68587172648135e-06,8.36040656797619e-06,1.73311776953053e-05,3.69109058343817e-05,6.27718709578898e-05,9.75638522423504e-05,0.000147069763884437,0.000187524041485556,0.000218526449695413,0.000233155837028265,0.00022289639307371,0.000194748125286371,0.000147069763884437,0.000105415223213881,6.90552603321251e-05,3.69109058343817e-05,1.9836170388406e-05,9.74259060777957e-06,3.68587172648135e-06,0,0,0,0,0,0,0,0,0,0,0,0,0,0,0,0,0,0
0,0,0,0,0,0,2.59842809353734e-05,5.68542954972452e-05,0.000131937776036036,0.000237799493704937,0.000553109080878449,0.00105280317486801,0.00168316995643363,0.00254763955819913,0.0038908333122045,0.00518623604791276,0.00648145511697938,0.00772483293545426,0.00823719804216367,0.0081194335286854,0.00716410646521937,0.00588633197301032,0.00444355311890102,0.00283612071849668,0.00179615838043508,0.00107352135218493,0.000616814414055587,0.000505699935419626,0.000558623478603253,0.000766421494229769,0.00110927237724264,0.00151146090514727,0.00205646304090058,0.00254945183646109,0.00301507209029197,0.00358234778420809,0.00399257534005697,0.00439396162467404,0.00505997023631827,0.00568805745062508,0.00649666045905511,0.00775659087727811,0.00900403478644555,0.0103297068227335,0.0118393988562603,0.013126531869843,0.0140118692543998,0.0148901071112978,0.0157527770099115,0.0172114402448028,0.019865509781759,0.0227750769517561,0.0258931343121494,0.0291477822825813,0.0308489500462547,0.0313122648252567,0.0301927855443463,0.0282691466088521,0.0255730592030103,0.0216596938716024,0.0181334916353013,0.0145924967787646,0.0107409029654098,0.00838512249538466,0.0067483121434045,0.0062748657889142,0.00688118737792562,0.00825462469668594,0.0105323608132845,0.0126063324865043,0.0144110629753208,0.0155763897724151,0.0154620333508341,0.0143000243650106,0.011873996229729,0.00947217237015656,0.00716970855042062,0.00494286585833513,0.00364211792122141,0.00276802546835647,0.00217141017916393,0.00193574401256261,0.00176714466094994,0.00190358243611671,0.00210232004791841,0.00234376319881904,0.00259962671655112,0.00270773462292089,0.00267327446349049,0.00242885435709821,0.00209706201854897,0.00170144600491954,0.00121921972828286,0.000871428639344394,0.000607579080075578,0.000414274210045614,0.000329560746657379,0.000322478166513738,0.000340254399415042,0.000338597933497721,0.000335564224265297,0.00029477529864834,0.000239658110132055,0.000178076523747602,0.000110720982614782,6.74922898292313e-05,3.76003502909909e-05,1.65471414789855e-05,7.56258729629606e-06,0,0,0,0,5.77020182616916e-06,1.30881476149756e-05,2.71318159198612e-05,5.77837190374576e-05,9.82688469137379e-05,0.000152735407022515,0.000230236503903072,0.000293567342253535,0.000342101356929876,0.000365003542292779,0.000348942467292058,0.000304876585936752,0.000230236503903072,0.000165026663604335,0.000108105441220929,5.77837190374577e-05,3.10533613465298e-05,1.52519453438209e-05,5.77020182616916e-06,0,0,0,0,0,0,0,0,0,0,0,0,0,0,0,0,0,0
0,0,0,0,0,0,2.87918331509647e-05,6.29972941696416e-05,0.00014488556243671,0.000260682737144198,0.000571131282913661,0.00105972525183386,0.0016583378894937,0.00245611755298745,0.00366038104765592,0.0047931400187628,0.00590227855293348,0.00693813431802254,0.0073347960744447,0.00718282517474668,0.00630108466786403,0.0051579642253708,0.00388397905392908,0.00247476196805627,0.0015689342660961,0.000944868762235342,0.000562109456537231,0.000480525998677234,0.000542479938534041,0.000735972288052204,0.00103641253781689,0.00137379926507888,0.0018175121321592,0.00221740438807534,0.00259779329080679,0.00307833998869409,0.00344140772812387,0.00380762801962686,0.00439827031410436,0.00494522612771577,0.00562341648852372,0.00664630429802758,0.00763540310068283,0.00866697759881649,0.00981433707878255,0.010819795168796,0.0115146485897065,0.0122701640172026,0.0130872822519666,0.0144718096662739,0.0169507880911522,0.0196247401751444,0.02244832345395,0.0253640288851761,0.0268838381697777,0.0273100049730712,0.0263627156427935,0.024699778620541,0.0223637004620896,0.0189654440557828,0.0158785355424354,0.0127746544623971,0.00939759613780639,0.00737037402082668,0.00598529610558874,0.00566893500517707,0.00632357246740306,0.00769479410923074,0.00995646000155236,0.0120333902612937,0.0138811021287418,0.0151576851432135,0.0151598843676845,0.0141208174785516,0.0118343063976802,0.00953630757975589,0.00732630121512663,0.00519255900541169,0.00395475465979954,0.00312338399875834,0.00253355931998753,0.00226810465964023,0.00204761373623475,0.00210122227629505,0.00222215522459877,0.00238386351630401,0.00254791517683515,0.00258791665087015,0.00249899236472896,0.0022149192601574,0.00187717777469607,0.00149507907487576,0.00105100521533024,0.000739800406865564,0.000507741439621621,0.000338961795569885,0.000262060687126284,0.000254741153199042,0.000267575014954925,0.000265552713864179,0.000263173462132123,0.000231183869693396,0.000187957028820897,0.000139660344846708,8.68353126415689e-05,5.29322803122798e-05,2.94888836410562e-05,1.29774516963161e-05,5.93112178689565e-06,0,0,0,0,8.74521819026691e-06,1.9836170388406e-05,4.11205114249651e-05,8.7576006186795e-05,0.000148934566494552,0.000231483143922869,0.000348942467292058,0.000444925591666585,0.000518482905739948,0.000553193062172291,0.000528851174404252,0.000462065685991899,0.000348942467292058,0.000250111560030097,0.000163842738869977,8.75760061867951e-05,4.70639379172111e-05,2.31155848401738e-05,8.74521819026691e-06,0,0,0,0,0,0,0,0,0,0,0,0,0,0,0,0,0,0
0,0,0,0,0,0,3.08856531206683e-05,6.75786277678903e-05,0.000154621936111568,0.000277920888433509,0.000578318602535031,0.00104887165834928,0.00160812360949162,0.00233061735646015,0.00338533368373426,0.00434743303101839,0.00526437502177486,0.00608940105717119,0.00637189227027342,0.00619127873739409,0.00539396888116858,0.00439583881330797,0.00330139591728064,0.00210094366973164,0.00133658049642495,0.000817701975089459,0.000517770869293517,0.000475955611957335,0.000560133708164699,0.00075848680265656,0.00103216726373196,0.00131825427235593,0.00167002668810434,0.00197663789423975,0.00226506997898703,0.0026441085249584,0.00294552877008549,0.00326314303178496,0.00377067355599211,0.00423539410724627,0.00479240536903045,0.00560140592439614,0.00636502719444298,0.00714587033170891,0.00799424885887952,0.00876962227906775,0.00931519599712664,0.00997353464428726,0.0107436679259702,0.0120366456054392,0.0143095768193311,0.0167218486348947,0.0192289782104084,0.0217841009008945,0.0231017703874509,0.0234665018349613,0.022658585017642,0.0212356602031543,0.0192456715585769,0.0163616037396063,0.0137244514971255,0.0110703842873655,0.00818363707712777,0.00648895353340198,0.00535845548596415,0.00519501325360075,0.00588167942256504,0.00721600372773283,0.00938877142682303,0.0113841187836806,0.0131807369311887,0.0144670534601352,0.0145358199548664,0.0136085248317749,0.0114981690532619,0.00936327948980095,0.00731539647371383,0.00535334823559755,0.00423220063421307,0.00348173235506755,0.00292679780112844,0.0026399022175994,0.00236752845108985,0.00232467934075279,0.0023560801326477,0.00243037820138286,0.00250206316939645,0.00248035832897178,0.00234663931172636,0.00203353551046228,0.00169417461427437,0.00132474219229416,0.000913086603085768,0.000631682834208088,0.000425056192279926,0.000275477873949549,0.000204630856172444,0.00019617261904464,0.000203728412567169,0.000201625772256851,0.000199819281707805,0.000175530596475467,0.000142709824108594,0.000106039680309116,6.59313049968539e-05,4.01898054061619e-05,2.23899761768634e-05,9.85336840328435e-06,4.50331308323182e-06,0,0,0,0,1.28315509818245e-05,2.91049149472645e-05,6.03346797379372e-05,0.000128497192834035,0.000218526449695413,0.000339647073183963,0.000511991005983696,0.000652823667560658,0.000760751726653444,0.000811680718035776,0.000775964722494684,0.000677972724952195,0.000511991005983696,0.000366979892764906,0.000240400686531952,0.000128497192834035,6.90552603321251e-05,3.39166843980512e-05,1.28315509818245e-05,0,0,0,0,0,0,0,0,0,0,0,0,0,0,0,0,0,0
0,0,0,0,0,0,3.20754768073756e-05,7.01819935351373e-05,0.000160104645883848,0.000287609032886029,0.000572960915084634,0.00101857332234331,0.00153228103505497,0.00217447850926503,0.00307713854917277,0.00387045364334645,0.00460064318235974,0.00522458816767609,0.00540176431620657,0.00520025181183262,0.00449364205381002,0.00364397515235037,0.00273153620458545,0.00174292074870823,0.00112561335038479,0.000721856525897715,0.00052333529595392,0.000542528217119962,0.00067283633701507,0.000903736456452648,0.00116797271115946,0.00141212517902819,0.00167044860546083,0.00187239632922998,0.00205120191603026,0.00230386230388901,0.00252332654744098,0.00277533573926379,0.00319102258266029,0.00357296068685171,0.00401834208098112,0.00464027360634699,0.00521333441488592,0.00578709220153744,0.006396717887835,0.00698987522178548,0.00742333600865701,0.00800910705349657,0.00873550409763385,0.00993078172141889,0.0119856941070112,0.014127970955228,0.0163142080169668,0.0185055274772519,0.0196133938641721,0.0199022440731921,0.019205966839289,0.018000185987129,0.0163335958086397,0.0139411477333522,0.0117411085794868,0.00952651520467052,0.00712135459926176,0.00574852551678095,0.00486545964909293,0.00484615359555324,0.00554901519062632,0.00681533508091783,0.00883363608372781,0.010670775498717,0.0123301570381516,0.0135320994084196,0.0136203857502969,0.0127930934511202,0.0108908490096523,0.00897248954056467,0.00715030058665286,0.00543280075025525,0.00447914776489648,0.00384680842591749,0.00335376769838615,0.00305311849192685,0.00272623355919332,0.00256706364867896,0.00248872147953639,0.00245713132919247,0.00242205946381781,0.00233530546723098,0.0021606562722945,0.00182911496764316,0.00149793491107472,0.00114929894904332,0.000776876013270926,0.00052809054948259,0.000348165305806908,0.000218674035174939,0.000155210340831038,0.000146523695564195,0.000150183713788901,0.00014820750707443,0.000146879623948028,0.000129025926734089,0.000104900613792671,7.79457729717368e-05,4.84636177328546e-05,2.95420114322777e-05,1.64580277386442e-05,7.24283979667242e-06,3.31021574360653e-06,0,0,0,0,1.82270555414779e-05,4.13431628043417e-05,8.57046478807112e-05,0.000182528633836042,0.000310414052168923,0.000482464362740991,0.000727276734980875,0.000927327745825429,0.00108063818587704,0.00115298217265713,0.00110224805365867,0.000963051663108748,0.000727276734980875,0.000521290286537165,0.000341486128359228,0.000182528633836042,9.80921220893508e-05,4.81782203243956e-05,1.82270555414779e-05,0,0,0,0,0,0,0,0,0,0,0,0,0,0,0,0,0,0
0,0,0,0,0,0,3.22491528855137e-05,7.05620013980383e-05,0.000160339232801574,0.000287807477523242,0.000552849474944739,0.000965605816357514,0.00142738322768487,0.00198542046922358,0.00273775742876829,0.00337050196864111,0.00392774983141807,0.00437099438237819,0.00445871280916651,0.00424751241947545,0.00363646257740766,0.00293251615183486,0.00219644907065069,0.00141152712255526,0.000937370904212751,0.000649554346861673,0.000561513245936174,0.000656412472606044,0.000852840120015602,0.00114398173225841,0.00142088326110514,0.00164055714070412,0.00181590313177173,0.00191161105859597,0.00197082322302816,0.0020779783256927,0.00219661001381029,0.00236541288534335,0.00267865803429355,0.00297648234287279,0.00331994407817253,0.00378202286864018,0.0042007629196559,0.00461127961301114,0.00503870135182851,0.00549142501380129,0.00583988595431353,0.00636296051013985,0.00703699264217342,0.00812062963940208,0.00994385329962347,0.0118139425860168,0.0136875314212709,0.0155325223437433,0.0164424132941516,0.0166589858778829,0.0160625853154286,0.0150574032312744,0.0136901934684239,0.0117555295829276,0.00996554684140071,0.00816360474800914,0.00621309057852523,0.00514064473506905,0.00449013055720857,0.00460269026835267,0.00530738658163008,0.00648052923260504,0.00829164091693999,0.00990875685719292,0.0113604352748586,0.0123995479918757,0.0124670942685443,0.0117277098228816,0.0100567616977936,0.0083967821961131,0.006851592039783,0.00543960689894743,0.0046979255027872,0.00421823322178893,0.00381526799716346,0.00351161821764916,0.00313153768120639,0.00284312398285324,0.00264148047593885,0.00249274986657641,0.00234494508112425,0.00219524570263023,0.00198622438434881,0.0016455281345989,0.00132753099593163,0.00100073279173373,0.000664915389014664,0.000444353286563847,0.000286645273950415,0.000173437410892143,0.000116315601217527,0.000107067853103546,0.000107191476916434,0.000105468609314833,0.000104523650524022,9.18184599877786e-05,7.46502122016615e-05,5.54683931979928e-05,3.44880665328438e-05,2.10229220073211e-05,1.17119930826987e-05,5.15420747520934e-06,2.35564215269417e-06,0,0,0,0,2.50658674578042e-05,5.68551643891038e-05,0.00011786112899075,0.000251013584315734,0.00042688175668308,0.000663485538959362,0.00100015179098407,0.00127526216803967,0.0014860948591173,0.00158558239180586,0.00151581277380531,0.00132438973961367,0.00100015179098407,0.000716878993408823,0.000469612111108819,0.000251013584315734,0.000134896397575089,6.62547432445183e-05,2.50658674578042e-05,0,0,0,0,0,0,0,0,0,0,0,0,0,0,0,0,0,0
0,0,0,0,0,0,3.13900754907518e-05,6.86823172852365e-05,0.000156067994704799,0.00028014064364201,0.000522182489995353,0.000898830902028576,0.00130860157069033,0.00178731677789787,0.00240403201032579,0.00289586124475943,0.00330396941027587,0.00359414176293755,0.00360873709101851,0.00339427851428828,0.00287256610447996,0.00230018328174502,0.00172378374149059,0.00112348202962708,0.000782273386081972,0.000607537945871925,0.000636853386506339,0.000822342188586766,0.00110549568115326,0.00148486164474258,0.00179615434165203,0.00200721634040466,0.00210696346495277,0.00209216152033163,0.00201967884590264,0.00196156260011066,0.00196143804195969,0.00203159339868322,0.0022348225226772,0.00244984165629371,0.0027028544441063,0.00303292275939063,0.003332344524905,0.00362014410495055,0.00391254124770999,0.00425674907901698,0.004535181727343,0.00498811656201852,0.00558494389349254,0.00652629658624641,0.00808539209463489,0.00967000887569709,0.0112363616368624,0.0127631335889006,0.0135077861589636,0.0136833914934946,0.0132092249653176,0.0124102199525516,0.0113311243299629,0.00982251862452983,0.00840899906024224,0.00698294041772524,0.00544735232789332,0.00464677259653108,0.00420738960215515,0.00443619960442722,0.00513049787369797,0.00619279748149812,0.00776095390300549,0.00911614951386436,0.0103112720046993,0.011131525683929,0.0111487090973733,0.0104864743673231,0.0090602743230425,0.00768630208572967,0.00645357326067066,0.00539161401674522,0.00489633214834613,0.00459795120810981,0.00431085348093528,0.00401578825463886,0.00358571953694215,0.00315967503647726,0.00282498054122826,0.00255122283031279,0.00228753441801258,0.00207792290820338,0.00184058939073193,0.00149781846459672,0.00119525571298292,0.000888320197226647,0.000583166297785268,0.0003842113311761,0.000242590618925366,0.000140556069395538,8.79701155173644e-05,7.74586382883094e-05,7.40738382193051e-05,7.26616232286644e-05,7.20106026067881e-05,6.32574790585567e-05,5.14295734832839e-05,3.82144366350825e-05,2.37602345624384e-05,1.44835477397987e-05,8.0688693456783e-06,3.55094358443726e-06,1.62289788092002e-06,0,0,0,0,3.33716607221929e-05,7.56946177702275e-05,0.000156915439516908,0.000334189119389049,0.000568332740787953,0.000883337244861212,0.00133156078861425,0.00169783138266846,0.00197852532025644,0.0021109789124794,0.00201809052453308,0.0017632378025114,0.00133156078861425,0.000954423084985149,0.000625222169922425,0.000334189119389049,0.000179595492559755,8.82088288591689e-05,3.33716607221929e-05,0,0,0,0,0,0,0,0,0,0,0,0,0,0,0,0,0,0
0,0,0,0,0,0,2.95798023618396e-05,6.47213916911099e-05,0.000147067516283505,0.000263984866009341,0.000480095549411002,0.000816271571077488,0.00117271533253845,0.00157563956170724,0.00207044319562827,0.00244129939470729,0.00272571565204607,0.00289396739621161,0.00285520704357312,0.0026468387806389,0.00221008978724461,0.00175505486841562,0.00132050739097897,0.000883785465633062,0.000663773649530813,0.000598187261996605,0.000751385752075167,0.00104216495495721,0.00143271135829746,0.00192817658652793,0.00229540664421931,0.00251308547760393,0.00254318509856886,0.00241242852514387,0.00219488512536724,0.00195021726125605,0.00181171866086261,0.00176546532110847,0.00184672437810936,0.00197616101365593,0.00214600796929372,0.00236668463226728,0.00257796527157813,0.002779758463313,0.00298519007139153,0.00325599300374703,0.0034895341995463,0.00389258645729356,0.00442694431313123,0.00524967743257261,0.00658862383157983,0.00793528409368011,0.00924437105288242,0.0104999306135477,0.0110962971755852,0.0112228919569126,0.0108296737259623,0.0101877164938035,0.00933788269385307,0.00817992896462985,0.00708362650748948,0.00597931909691592,0.00480507535006648,0.00423967827812036,0.00398627489715392,0.00431381651840802,0.00498779917064042,0.00592964207780904,0.00723780297388872,0.00831142548284814,0.00922554259450546,0.00979657931420563,0.0097461915763604,0.00915245428288209,0.00797416698653893,0.00689816037534329,0.00599547317194163,0.00530876894990064,0.00508176200895682,0.00498520505853584,0.00483528873387843,0.004560311645436,0.00408532799514962,0.00351894365892484,0.00304665160460417,0.00264471670813669,0.00226598582939983,0.00200084102648295,0.00174073215576189,0.00140040048382131,0.00111247604126286,0.00082027081922347,0.000536497419178551,0.0003504415637929,0.000217305773628268,0.000120194507344309,6.96236449323222e-05,5.67921575026281e-05,4.95607240638506e-05,4.84636177328546e-05,4.80294020746725e-05,4.21912716454229e-05,3.43023329056922e-05,2.54881430756206e-05,1.58475254737044e-05,9.66019048140737e-06,5.38174874341422e-06,2.36839702748633e-06,1.08243525296501e-06,0,0,0,0,4.30132005642082e-05,9.75638522423504e-05,0.000202250506132982,0.000430741033187416,0.000732532023809693,0.00113854573781468,0.00171626733655514,0.00218835863144082,0.00255014897610293,0.00272087026489834,0.00260114512163737,0.00227266188138428,0.00171626733655514,0.00123016927204571,0.000805857605227852,0.000430741033187417,0.000231483143922869,0.000113693594059889,4.30132005642082e-05,0,0,0,0,0,0,0,0,0,0,0,0,0,0,0,0,0,0
0,0,0,0,0,0,2.69852865744051e-05,5.90445223708486e-05,0.000134167869823778,0.000240830116896189,0.000429279174121532,0.000721994213617019,0.00102519037670708,0.00135703334830825,0.00174422342047307,0.00201346252176566,0.00219792655852114,0.00227213434046813,0.00219659508655027,0.0020007345673373,0.00164219796226273,0.00128960724311205,0.00097944183238276,0.000686608413299499,0.000577290330251187,0.000617838656775731,0.000901774138490064,0.00131199359358687,0.00182940500950261,0.00246691400188291,0.00290982928869713,0.00314776761836202,0.0031139384314496,0.00286302694775465,0.00249029435363548,0.00204507792061058,0.00175779957836935,0.00158921031445185,0.00155194739865554,0.00160515807336233,0.00170750390178099,0.00184461198520895,0.00199353576395643,0.0021351723462238,0.00228142552222962,0.00249763980407064,0.00269582697653499,0.0030496698290498,0.00351562975815755,0.00421549921114022,0.00533554709191774,0.00645321529364072,0.00752353645805355,0.0085337882130861,0.00900138941347974,0.00908851527039155,0.00876593783768758,0.00825536616855515,0.00759164482440314,0.0067149192704697,0.00587544492122183,0.00503670200856099,0.00417160401338389,0.00381361951064116,0.00373168120999059,0.00415731090970614,0.00481764646049297,0.00564862790784666,0.0067073785774454,0.00750619515178122,0.00814151852262449,0.00846082791745032,0.00833813342192889,0.00780672799049835,0.00686980082625946,0.00608836551442409,0.00551531591016878,0.00520889192881391,0.00525804858577721,0.0053739253030041,0.00537614031400448,0.00513175429786818,0.0046187900910794,0.0039160610549201,0.003308209191366,0.00278112392419021,0.00229356963284007,0.00197934431903549,0.00170186073969838,0.00136610000342038,0.00108909612614321,0.000803535659801177,0.000528735777388518,0.00034500821924327,0.000211497627959674,0.000112109547045366,6.0405389279348e-05,4.38826990282858e-05,3.21055177533628e-05,3.12935925773772e-05,3.10132138410482e-05,2.7243456575431e-05,2.21494655294085e-05,1.64580277386442e-05,1.02329547139341e-05,6.23771148929483e-06,3.4750656349793e-06,1.52930497364384e-06,6.98942616797543e-07,0,0,0,0,5.36728377291254e-05,0.000121742366086318,0.000252372724045601,0.00053748833554092,0.000914069911785213,0.00142070294308126,0.00214159692946388,0.00273068305026783,0.00318213316805265,0.00339516302656655,0.00324576730381046,0.00283587853897597,0.00214159692946388,0.00153503284693508,0.00100556721915195,0.000537488335540921,0.000288849866037134,0.000141869420195977,5.36728377291254e-05,0,0,0,0,0,0,0,0,0,0,0,0,0,0,0,0,0,0
0,0,0,0,0,0,2.38334909853747e-05,5.21483100719082e-05,0.000118497489628473,0.000212701925704066,0.000373011824154075,0.000622152441410452,0.000874979145360801,0.00114383874349584,0.00144249885236788,0.00163397886787682,0.0017469908445421,0.00176043992736077,0.00166809018647235,0.00149264695922366,0.00120407811330622,0.00093508786767971,0.000725908020856385,0.000549243705331386,0.000533530562367725,0.00067118707185825,0.00108629847733137,0.00162502636226856,0.00228380352901545,0.0030832860807868,0.00361800538424061,0.00388721145998117,0.00379367117458149,0.00341880949545739,0.00288177829342562,0.00222263251586748,0.00177511557234045,0.00147508954055644,0.00131555844636431,0.00129467013202668,0.00133789003354839,0.00140914799509768,0.00151644564858006,0.00162006515003528,0.00173126423894024,0.00190907433732661,0.00207959667346973,0.00238506346425497,0.00278002708971512,0.00335909124579572,0.00427215228396962,0.00517989191779026,0.00603842256268475,0.00684188417659914,0.00720953452056351,0.00727883483701115,0.00703920949999746,0.00666147955485447,0.00617545098471712,0.00555608330934019,0.00494565472350563,0.00433641067974557,0.00372801465500736,0.00352992311891471,0.00357118422704334,0.0040474582058632,0.0046670843567455,0.005374697763231,0.00618693865740193,0.00672504902248646,0.00709842216175289,0.00718053076597309,0.00699178313018777,0.0065190072018218,0.00580862737819133,0.00530480095052226,0.00504455875881523,0.00510402171755364,0.0054228759295521,0.0057508051628715,0.00591223481260882,0.00570712901800199,0.0051649989804677,0.00433741760155747,0.00360379745288664,0.00296203030451264,0.00237856001796259,0.00202461260203573,0.00173566414358104,0.00140486042598001,0.00113266988085778,0.000843288527075098,0.000562468387477461,0.000369030903425225,0.000225340481294111,0.000115781024815142,5.93067139377093e-05,3.74727602268057e-05,2.01368723052882e-05,1.95624784480416e-05,1.93872060508835e-05,1.70306279405039e-05,1.3846235167257e-05,1.02883621347857e-05,6.39689915934537e-06,3.89936362444515e-06,2.17235833251556e-06,9.56010260356558e-07,4.36928097779488e-07,0,0,0,0,6.4838986012753e-05,0.000147069763884437,0.000304876585936753,0.000649307920815303,0.00110423388686897,0.00171626733655514,0.00258713679450401,0.00329877695297447,0.00384414718326176,0.00410149597644818,0.00392101982523305,0.00342585741135035,0.00258713679450401,0.00185438254250399,0.00121476638120991,0.000649307920815303,0.000348942467292058,0.000171384069501745,6.4838986012753e-05,0,0,0,0,0,0,0,0,0,0,0,0,0,0,0,0,0,0
0,0,0,0,0,0,2.03787313434507e-05,4.45892043940399e-05,0.000101320805562804,0.000181869932643006,0.00031476517368817,0.000521394765851794,0.000727379356295083,0.000940756254373028,0.00116660865648162,0.00129876883255948,0.00136138547516848,0.00133738262985427,0.00124094927408918,0.00108926161258886,0.000861667681283363,0.000660578900085927,0.000534014672253992,0.000452698941935216,0.000517834318712603,0.000745593158781785,0.00129090953458314,0.00196269929336526,0.00277042669197301,0.00374213059611784,0.0043768277222431,0.00468288301136293,0.00453201171918644,0.00403253982935512,0.00332907714742018,0.00245439176779673,0.00184620484511568,0.00141603030794009,0.00113958849933338,0.00105090752976495,0.00104367461836528,0.00106235518315685,0.00114135984770991,0.00122024988876476,0.00130963808233618,0.00145813924733517,0.00160477139616375,0.00186288270690869,0.0021880704526768,0.0026536710680908,0.00337837029416032,0.00409912002284699,0.00477407613728335,0.00540359845566161,0.00569212889747681,0.00575321502121664,0.00558921348948264,0.0053246343478487,0.00498429538835388,0.00457020594586544,0.00414034144069605,0.00371216490929443,0.0033046820734586,0.00322508051824354,0.00335073119284472,0.00384124753010571,0.00440087797497258,0.00498089154109119,0.00556505475373584,0.00587699367410063,0.00603203450949773,0.00592826434772537,0.00570416693738108,0.00530390399712594,0.00481408302047504,0.0045689641979953,0.00459681819129717,0.00499448134424387,0.00556459116059866,0.00609421108358365,0.00641340636153829,0.0062539866741398,0.00569346529202487,0.00476044721123667,0.00391932130059144,0.00318155154295136,0.00252260867080335,0.00214185067782651,0.00184852807572853,0.00152222710478735,0.00124721529255552,0.00094208760578326,0.00063857511519352,0.000422543469962427,0.000258387609311362,0.000130435679959718,6.52726473134086e-05,3.63592109477811e-05,1.22285717989872e-05,1.18391681170384e-05,1.17330936550656e-05,1.03068978637797e-05,8.37971049366782e-06,6.2264937076464e-06,3.87138903571868e-06,2.35988612700002e-06,1.31470639456094e-06,5.78575267138914e-07,2.64427905615763e-07,0,0,0,0,7.5830990781103e-05,0.000172002164054605,0.000356561615152292,0.000759383605224146,0.00129143212817784,0.0020072222065691,0.00302572816877332,0.00385801105311426,0.00449583664923122,0.00479681319380287,0.00458574133409933,0.0040066351704881,0.00302572816877332,0.00216875176699402,0.00142070294308126,0.000759383605224147,0.000408097884429515,0.000200438418205038,7.5830990781103e-05,0,0,0,0,0,0,0,0,0,0,0,0,0,0,0,0,0,0
0,0,0,0,0,0,1.68692388296655e-05,3.69103417416398e-05,8.38719956923297e-05,0.00015054947621536,0.000257802263385083,0.000424626568060474,0.000588411790186585,0.000754148524948684,0.000921631255285204,0.00101020532188096,0.00103959581483485,0.000996301646282767,0.000904948444375621,0.000778277843628541,0.000602511230822795,0.000455127990452126,0.000394508938540621,0.000389617627845584,0.000523509749122594,0.000833206937716756,0.00150410832386932,0.00230886779383499,0.00326805016277661,0.00441746905711182,0.00515903829786976,0.00550925888474926,0.00530931630073285,0.00469082276670145,0.00382445170466521,0.00273650694043084,0.00196769734288288,0.00140698692905609,0.00101096530771384,0.000852485971632211,0.000791466287913111,0.000749981795300466,0.000789694605118269,0.000827866902600026,0.000872522328848631,0.000973580704556133,0.00108320771498172,0.00129061853130415,0.00155499099244752,0.00192657879367093,0.00249306152676465,0.00305226673167044,0.00356782833109078,0.00404882533901425,0.00427718812644924,0.00434632292019782,0.00427265701488587,0.00412509586440984,0.00392534737865097,0.00369496069775392,0.00342282570997713,0.00314839652940113,0.00291073971699919,0.0029323518028909,0.00313396914369203,0.00364518922679262,0.00416565044294687,0.0046519206147247,0.00505972772131093,0.00519066728944677,0.00516409182668174,0.00489790617726665,0.00463497795567165,0.00428461227139145,0.00396834691274228,0.00393383748163812,0.00420066750286802,0.00488490557335141,0.00567131789256239,0.00637816839304888,0.00684395365870038,0.00673349091771489,0.00616690698576349,0.00515536074456449,0.00423327775263693,0.00342633558533098,0.00271988803630229,0.0023289488371311,0.00203996846973114,0.00171782356401413,0.00143190147043934,0.00109866008404099,0.000755118767065982,0.000503219524130978,0.000307819042626092,0.000152281084063295,7.33090608581944e-05,3.42860057566574e-05,7.93151394087595e-07,0,0,0,0,0,0,0,0,0,0,0,0,0,0,8.58590551717684e-05,0.000194748125286371,0.000403714142096169,0.000859806237342796,0.00146221407898902,0.00227266188138428,0.00342585741135035,0.00436820329591652,0.00509037641383152,0.00543115478794482,0.00519217030072104,0.00453648180793402,0.00342585741135035,0.00245555248188333,0.00160857996336644,0.000859806237342797,0.000462065685991899,0.000226944854998478,8.58590551717684e-05,0,0,0,0,0,0,0,0,0,0,0,0,0,0,0,0,0,0
0,0,0,0,0,0,1.35189414952843e-05,2.95798023618396e-05,6.72146867031948e-05,0.000120649756734845,0.000204841184387697,0.000335837321481698,0.00046279771217137,0.000588659781369174,0.000710439702564529,0.000768119222637923,0.000777336757068548,0.00072767767200585,0.000647104413016348,0.00054488486034062,0.000412095585477729,0.000306168124107371,0.000296828490137713,0.000351557897190785,0.000541935872660477,0.000922812785479303,0.00170723732977331,0.0026348526161757,0.00373500967011286,0.00505007732610025,0.0058917165033055,0.00628320620866276,0.00603738520876812,0.0053081544330324,0.0042904482294327,0.00300584045417627,0.00209013781504567,0.00141187120398239,0.000916739584257227,0.000706172434163126,0.00061358202008968,0.000547551148329485,0.000584845651601152,0.000624331205049623,0.000674442140893286,0.000767025802887881,0.00086431407658656,0.00103351606148464,0.00123830809972189,0.00151876497359835,0.00194255364887063,0.00236577014961401,0.00275477814312948,0.00312100229306525,0.0032997670764505,0.00336396251613071,0.00333215869498023,0.00324671657301857,0.00312853653167179,0.00301071087558471,0.00284954949497478,0.00269744203177432,0.00261375129321901,0.00274296970816631,0.00303589494981049,0.00359848158311765,0.00410523629571337,0.00451948217861013,0.00477015268346186,0.00473142710641052,0.00452896092628583,0.00409813258791906,0.00378150423234878,0.00345488697233196,0.00326529768130434,0.00339312746070724,0.00384727227627085,0.00475826821573733,0.00571894412455463,0.00657127627986079,0.00716445786701427,0.00710305090534893,0.00654366136551406,0.00548564801807575,0.00451446673730783,0.0036693691277436,0.00294547675686793,0.00256039342775201,0.00228289078262807,0.00196330885698839,0.00165926200027106,0.00128903867453626,0.000893939683616435,0.000598846747974309,0.000367559290099561,0.000182187681700567,8.94062921034136e-05,4.16037813583192e-05,0,0,0,0,0,0,0,0,0,0,0,0,0,0,0,9.4114023060405e-05,0.000213472295001434,0.000442529468825831,0.000942472799017795,0.00160279948659941,0.00249116825575589,0.00375523842847391,0.00478818669623099,0.00557979356095928,0.00595333626645055,0.00569137447923239,0.00497264444188054,0.00375523842847391,0.00269164297747819,0.0017632378025114,0.000942472799017796,0.000506491255230612,0.000248764597677404,9.4114023060405e-05,0,0,0,0,0,0,0,0,0,0,0,0,0,0,0,0,0,0
0,0,0,0,0,0,1.04886296064006e-05,2.29493996192004e-05,5.21483100719082e-05,9.36057464954296e-05,0.000157836674107096,0.000257802263385083,0.000353647124573989,0.000446993484683227,0.000533782969024808,0.000570306471387722,0.000568592377199355,0.000520811033847786,0.000453745045985037,0.000374001574323776,0.000275967632671507,0.000201319417052994,0.000230571457942228,0.000330107632966919,0.000564636372394644,0.00100345950845371,0.0018831293669952,0.00291508512853009,0.00413582788182927,0.00559329947892979,0.00652182339238196,0.00695020492934979,0.00666734323614355,0.00584534771537899,0.00470001002799606,0.0032493486397755,0.00220952459124176,0.00143192126048742,0.000852963210899966,0.000598077057720358,0.000477831306711473,0.0003884144546942,0.000419949013972129,0.000455307935540541,0.000502568819003484,0.000580171204864619,0.000660480500557792,0.000790415956371625,0.000939354827376992,0.00113502059901477,0.00142616879075493,0.00171965030369306,0.00198529835341333,0.00223394147597247,0.00235642534391046,0.00240703896495009,0.00240845366117034,0.0023824040061823,0.00234679661301508,0.00234454692549772,0.00230129775668063,0.00227220273979185,0.00233588075141717,0.00256636107494739,0.00294638611057063,0.00357038379068622,0.00409071065341515,0.00447784588629446,0.00464020597588374,0.00448846572179569,0.00415343480029386,0.00358046261844535,0.00319842290165265,0.0028620295849169,0.00273719622816488,0.00296626079026452,0.00354461065793345,0.00461205660918197,0.00569422015310767,0.00664986070314492,0.00734343374775261,0.00732894540750644,0.00679137978210907,0.00572594731964559,0.00474682070988784,0.0039057171956937,0.0032084721205763,0.00285615026117637,0.00260609438646584,0.00229399525484125,0.00196591191561924,0.00154732411132748,0.00108206943650973,0.000728974328139445,0.000449507345173204,0.000223803943557963,0.00011156317932831,5.19141327888346e-05,0,0,0,0,0,0,0,0,0,0,0,0,0,0,0,9.98737669868845e-05,0.000226536721689655,0.000469612111108819,0.00100015179098407,0.00170089023129514,0.00264362684549995,0.00398505765229992,0.00508122197775079,0.00592127489422582,0.00631767827721521,0.00603968452404941,0.00527696847023795,0.00398505765229992,0.00285637054716067,0.00187114731369483,0.00100015179098407,0.00053748833554092,0.000263988900432753,9.98737669868845e-05,0,0,0,0,0,0,0,0,0,0,0,0,0,0,0,0,0,0
0,0,0,0,0,0,7.8781395303231e-06,1.723757813193e-05,3.9169241210152e-05,7.03084348865778e-05,0.000117901257395304,0.000191988402890468,0.00026238794425739,0.000329925153085071,0.000390507976715353,0.000413015766287781,0.000406420548375861,0.000364991353132775,0.000311891111508513,0.000251733326281049,0.000181086443727975,0.000129528594604534,0.000186472535984021,0.000317723827084111,0.000583889280205334,0.00106502177089828,0.00201494376920526,0.00312468997481533,0.00443558088207032,0.00600005934323261,0.00699468424564489,0.00745252392922624,0.0071451142627222,0.00625676237575402,0.00501877132367301,0.00344552723648093,0.00231245338556685,0.00145834860443116,0.000811399085484041,0.00051773270971976,0.000370867834545331,0.000257699274209889,0.000281174463101596,0.000311454501010427,0.000356454770013472,0.000425193775669177,0.000495760777154828,0.00060166905074475,0.000715149876306189,0.000858750698352598,0.00106823520094815,0.00128288942792769,0.00147783974767128,0.00166479102737727,0.00176293505264977,0.00181381576393673,0.00183869376688677,0.00184364086840932,0.0018483747724658,0.00189680755393595,0.00191394769462311,0.00195503451807256,0.002112806022142,0.0024123711950999,0.00285383966237595,0.00351989765601293,0.00404531160765552,0.00440613270608255,0.00449599402237121,0.00425917381426761,0.00382653540293169,0.00315310034339153,0.00272585619234971,0.00238449643138433,0.00230472705567791,0.00260002152889294,0.00325576199487145,0.00441662183207837,0.00556885564615568,0.00658536604971575,0.0073482772080634,0.00737654093714584,0.00687549500122906,0.0058422815280736,0.00489584745843451,0.00409826966360288,0.00346574623871534,0.0031669959812513,0.00295538102451074,0.00265363702072886,0.00229852482023702,0.0018270902486852,0.00128416766157016,0.00086803694001035,0.000536725403708736,0.00026792965554123,0.000134772889417792,6.27143984215476e-05,0,0,0,0,0,0,0,0,0,0,0,0,0,0,0,0.000102607092543028,0.000232736534007545,0.000482464362740991,0.00102752374793327,0.00174743985966757,0.00271597710358785,0.0040941199241292,0.00522028385863539,0.00608332717763939,0.00649057925022921,0.0062049774188573,0.00542138750252057,0.00409411992412919,0.0029345431329148,0.00192235650431746,0.00102752374793327,0.00055219821029568,0.000271213696591547,0.000102607092543028,0,0,0,0,0,0,0,0,0,0,0,0,0,0,0,0,0,0
0,0,0,0,0,0,5.72871802759028e-06,1.25345869054865e-05,2.84825544640267e-05,5.11259285109255e-05,8.38719956923295e-05,0.000134894336014228,0.000181542861216841,0.000223294555327926,0.000254192480119135,0.000256490538189653,0.000236533956233731,0.000190583758629313,0.000144184218307781,9.96926323239142e-05,5.68542954972452e-05,3.22491528855137e-05,0.000119573550358462,0.00028455475515343,0.000578764530848593,0.00109108144931805,0.00208583521905732,0.00324193171254235,0.00460512290913922,0.00623120267377304,0.00726311648681412,0.0077373684211089,0.00741523707682656,0.00648794537695013,0.00519553157014252,0.00355014613443036,0.00236165871649762,0.00146197429497212,0.000774762048354941,0.000459208558363322,0.000298636875117413,0.00017569900769955,0.000197623634688931,0.000227298353418756,0.000272445283700399,0.000334343499326047,0.000396980281348323,0.000483670722123896,0.00056882023252769,0.000670158271711228,0.000812388974645267,0.000959938426503537,0.0010942855450499,0.00122758346390506,0.00130523618719706,0.00135773126231191,0.00140583800663919,0.00144052234410633,0.00148447238632365,0.00157686606339394,0.00164857706219931,0.00175162182168748,0.00199557631160738,0.002365155053452,0.00287573930841918,0.00360463508928376,0.00415893817394074,0.00451914950018119,0.004563891993719,0.00425732321120021,0.00373356136576978,0.00295280205909345,0.00245816951514347,0.00208014687289131,0.00199469888520704,0.00230598628377833,0.00298418117980064,0.00417034270533111,0.00533897007420341,0.00637081560644213,0.00716914094583732,0.00723363221429506,0.00678186089046998,0.00581807468817816,0.00494276577757123,0.00422558689330848,0.00369234178064172,0.00346553190442343,0.00330221021229215,0.00301489746312523,0.00263292317880919,0.00210872584040626,0.00148651817096689,0.00100679341360219,0.000623514693506649,0.000311727285447421,0.000157620628628786,7.33462267224755e-05,0,0,0,0,0,0,0,0,0,0,0,0,0,0,0,0.000102054507565516,0.000231483143922869,0.000479866076867879,0.00102199007406071,0.00173802911630055,0.00270135035499267,0.0040720712615062,0.00519217030072104,0.00605056574635485,0.00645562458481439,0.00617156084674241,0.00539219091174972,0.0040720712615062,0.00291873930872564,0.00191200375676969,0.00102199007406071,0.000549224376537643,0.000269753089817516,0.000102054507565516,0,0,0,0,0,0,0,0,0,0,0,0,0,0,0,0,0,0
0,0,0,0,0,0,4.03292442184338e-06,8.8241455427539e-06,2.00512556109827e-05,3.59918230724755e-05,5.90445223708487e-05,9.4963421041158e-05,0.000127803224925122,0.000157195739275275,0.000178947376356139,0.000180565171903201,0.000166516062423743,0.000134167869823778,0.00010150334725105,7.01819935351374e-05,4.00245003669675e-05,2.27028797070078e-05,0.000115181643873898,0.000284061358947766,0.000581033223886885,0.00109698922578494,0.00209712919553236,0.00325948549635069,0.00463005783656077,0.00626494218289909,0.00730184192961834,0.00777794718514976,0.00745239720696101,0.00651714597954056,0.00521359433548185,0.00355223428827562,0.00234989039768971,0.00143715227347472,0.000735885842683089,0.000411204388368342,0.000243799901225895,0.000115845765101615,0.000135566103871465,0.00016354789441181,0.000207359422567076,0.000262991750424412,0.000319333745206254,0.000392590466390932,0.000458461236701811,0.000530582738487717,0.00062493779161633,0.000722152452083611,0.000810099170522877,0.000899730635431971,0.000958305915150505,0.00100821539893802,0.0010701317302043,0.0011257923406503,0.00120332563985388,0.00133457711489104,0.0014621414778926,0.00163197166379059,0.00197574668541212,0.00243715082798159,0.00304647103363911,0.00388315855294119,0.00450533627533595,0.00489847524861651,0.00492295785203426,0.0045506928055319,0.00392465944012219,0.00300640403930012,0.0024055746012831,0.00194763376183541,0.00179942487933055,0.0020763119712505,0.00272466328058084,0.00387201399415145,0.00500684324459956,0.00601058759647124,0.00681071554404227,0.00690360805704861,0.00651119906017587,0.00564862209803405,0.00487711470904933,0.00427079435162135,0.0038639252144432,0.00372258806430079,0.00361526238661323,0.00334776199817752,0.0029436829266662,0.00237403305650262,0.00168196738705985,0.00114815862754189,0.000722644784225575,0.000378135424289513,0.000209034900720207,0.00011560373910147,3.11814793757272e-05,2.72437546805451e-05,2.1754579972317e-05,1.47467734367703e-05,9.66029618576901e-06,5.78358833238097e-06,2.77492663443393e-06,1.36291298353209e-06,6.11784188889414e-07,0,0,0,0,0,0,9.8268846913738e-05,0.00022289639307371,0.000462065685991899,0.000984079866053527,0.00167355779999931,0.00260114512163737,0.00392101982523305,0.00499956935370111,0.0058261230518245,0.00621615643630861,0.00594262989979165,0.00519217030072104,0.00392101982523305,0.00281047014142064,0.00184107893864338,0.000984079866053528,0.000528851174404252,0.000259746734565033,9.8268846913738e-05,0,0,0,0,0,0,0,0,0,0,0,0,0,0,0,0,0,0
0,0,0,0,0,0,2.74860023264791e-06,6.01401017097322e-06,1.36657373341102e-05,2.45298753268505e-05,4.0241217277987e-05,6.472139169111e-05,8.71030391394688e-05,0.000107135220090683,0.000121959835800592,0.000123062428547668,0.000113487395260513,9.14408006790641e-05,6.91786144956456e-05,4.78318519220354e-05,2.72783071322668e-05,1.54729258268462e-05,0.000108678828007103,0.000275107963205726,0.000564965627197667,0.00106776679474885,0.00204126427740031,0.00317265684945847,0.00450671884412427,0.00609805190122485,0.00710694571874663,0.00756991167293211,0.00725196436145562,0.00633991776315313,0.0050686452555268,0.00344749259344185,0.00227309398450141,0.00138039024149424,0.000692568779137523,0.000372996233851989,0.000207161114161822,8.09046417385206e-05,9.87416720975614e-05,0.000124651092042023,0.000166426066874344,0.000217110973262114,0.000269523584123286,0.000334981908654064,0.000388809050029957,0.000441067452134117,0.000500479509352629,0.000558476247776004,0.000609473481580275,0.000662585252745512,0.000703733762704743,0.00074937788318177,0.000820798927444847,0.000893716528578283,0.00100462659280675,0.00117593718128577,0.00136683984070634,0.00161441296134134,0.00208133490001488,0.00266674034574896,0.00341734450854396,0.00442327927371036,0.00516380983565924,0.00562948217075024,0.00565548411501006,0.00521000187429144,0.00445321376243257,0.00334382799423011,0.00258129917285423,0.00198837226568553,0.00171407725597906,0.0019067770003924,0.00247724024491462,0.00352876748345944,0.00458625158534626,0.00552363115986052,0.00629487072021449,0.00640760342583825,0.00608088189047875,0.00534280441831938,0.00469870653907382,0.00422399227613301,0.00395985893570285,0.00391076052853487,0.00386273433420601,0.00361925422682182,0.00319921925642072,0.00259341377675317,0.00184221278397435,0.00126250747275149,0.000800867620861899,0.000427961432703964,0.000245593411298867,0.000144249646580791,5.0969341698929e-05,4.45327248506187e-05,3.55601030587678e-05,2.41051210302914e-05,1.57907497355179e-05,9.4538712037036e-06,4.53590357646793e-06,2.22782173759304e-06,1.00002430910254e-06,0,0,0,0,0,0,9.16069423309258e-05,0.000207785658093645,0.000430741033187416,0.000917366493754878,0.00156010289819097,0.00242480662626857,0.00365520353895926,0.00466063534729371,0.00543115478794482,0.00579474677952417,0.00553976332908557,0.00484017936760794,0.00365520353895926,0.00261994095029843,0.00171626733655514,0.000917366493754879,0.000492998957012488,0.00024213781764258,9.16069423309258e-05,0,0,0,0,0,0,0,0,0,0,0,0,0,0,0,0,0,0
0,0,0,0,0,0,1.81356002066198e-06,3.96811740040651e-06,9.01682048470698e-06,1.61851114891822e-05,2.65516468969454e-05,4.27039651159183e-05,5.74716496001007e-05,7.06891273796141e-05,8.04705899778574e-05,8.11980941457672e-05,7.48803701785519e-05,6.03337576702134e-05,4.56448951884234e-05,3.1560040390617e-05,1.79985603794987e-05,1.0209225535575e-05,0.0001001451559324,0.000258327688268426,0.000531994904286525,0.00100618842941335,0.00192354408040764,0.00298968897340077,0.00424681529513523,0.00574637579586627,0.00669684886818677,0.00713283319224588,0.0068325605362564,0.00597205094576006,0.00477257539130788,0.00324239815020012,0.0021331825489535,0.00128928441156981,0.0006377642500995,0.000334280571200768,0.000175973835638857,5.66835803156859e-05,7.34068373776086e-05,9.85962013160853e-05,0.000140950955183388,0.000191031070906018,0.000244673489698234,0.000310064029108266,0.000359215902840686,0.000399272927577732,0.000432703930622153,0.000458107051740625,0.000476672684007459,0.000494802060566278,0.000516522379856804,0.000554169558611743,0.000631134707837702,0.00072057666169386,0.000870413278850874,0.00109301202572569,0.0013673360517058,0.00171730778077238,0.00235125659351593,0.00311457821940138,0.00407670489875551,0.00535342835722266,0.00629824468960458,0.00690707401362418,0.00697788016688531,0.00645029129767657,0.00551475067140596,0.00411905072193237,0.00309917510757905,0.00227864848947876,0.00178119049678117,0.00182360074660631,0.00226163887254328,0.00316153915535965,0.00410369574545531,0.00494118998788525,0.00565789265854075,0.00578171571378612,0.00552254478561838,0.00492173043329516,0.00441743618953284,0.00408334744152495,0.00396573442490052,0.00400786635965207,0.00401823848080162,0.00380264127762763,0.00337614945466798,0.00274917761156779,0.00195868790150815,0.00134935035399723,0.000865374374878752,0.000476109202398198,0.000286672591867024,0.000180820506762781,8.06585093655013e-05,7.04726230456768e-05,5.62735324804888e-05,3.81461299198838e-05,2.49887146464229e-05,1.49606632851644e-05,7.17802523847854e-06,3.52550718719781e-06,1.5825291717113e-06,0,0,0,0,0,0,8.26741566845169e-05,0.000187524041485556,0.000388738568956309,0.000827912157223186,0.001407973982835,0.00218835863144082,0.00329877695297447,0.00420616699070284,0.00490155145987042,0.00522968883151718,0.00499956935370111,0.00436820329591652,0.00329877695297446,0.00236446499705985,0.00154891049831468,0.000827912157223186,0.000444925591666585,0.000218526449695413,8.26741566845169e-05,0,0,0,0,0,0,0,0,0,0,0,0,0,0,0,0,0,0
0,0,0,0,0,0,1.15846027674786e-06,2.53474179485108e-06,5.75973678019577e-06,1.033867560011e-05,1.69605791161625e-05,2.72783071322668e-05,3.67115630816488e-05,4.51545827732577e-05,5.14027552844843e-05,5.1867468153146e-05,4.78318519220354e-05,3.85398116475688e-05,2.91569053737778e-05,2.01598252655252e-05,1.14970648893585e-05,6.52141760105986e-06,8.99136260783638e-05,0.000235084833413358,0.000485083851085807,0.000917933216166392,0.00175482539110084,0.0027274561448605,0.00387431688575568,0.00524234731925479,0.00610930985718951,0.00650688394883136,0.00623255292849713,0.00544688312821681,0.0043517047190767,0.00295422829007075,0.00194076904807814,0.00116927000582788,0.000572795287584866,0.000294426245588936,0.000148614682238871,4.10814420679352e-05,5.787978125624e-05,8.4318996677265e-05,0.000131072275102402,0.000185873907597978,0.000247061978486366,0.000321330495269711,0.000373935933752546,0.00041021421839749,0.000427047480240625,0.000427311345812487,0.000420075682400909,0.000409688587023746,0.000416563263700298,0.000450481841632123,0.000538128056835802,0.000648059275098242,0.000842808858577447,0.00112259603983962,0.00149046465679078,0.00195675396060807,0.00278786314929091,0.00376973459977279,0.00499882470310327,0.00662358695293305,0.0078310828635305,0.00862005149687877,0.00873567112792837,0.00808571718517163,0.00690258239002438,0.00512009922820717,0.00376146203761564,0.00264775585341119,0.00187348446675328,0.00173856979485228,0.00202668410941502,0.0027567686377154,0.00357027051605162,0.00429331164837803,0.00493949251310726,0.00506629115591408,0.00487118140561525,0.00440578441828237,0.00403894199477542,0.00384002003720603,0.00385872601636899,0.0039838661157559,0.00404903668529571,0.00386716093809821,0.00344838611982584,0.0028210509584955,0.00201864306139648,0.00140129863998516,0.000912968054949582,0.000522844637183293,0.000334426221968515,0.000228272291002636,0.000123572040366499,0.000107966857907966,8.62132871280003e-05,5.84413863257155e-05,3.82837034714087e-05,2.29203304391175e-05,1.09970197998775e-05,5.40121705540874e-06,2.42449755427185e-06,0,0,0,0,0,0,7.22337261806521e-05,0.000163842738869978,0.000339647073183963,0.000723360025245863,0.00123016927204571,0.00191200375676969,0.00288219391292356,0.00367499502699404,0.0042825635024465,0.00456926234527376,0.00436820329591652,0.00381656872513038,0.00288219391292356,0.00206587069056059,0.00135330774815818,0.000723360025245863,0.000388738568956309,0.000190930036223577,7.22337261806521e-05,0,0,0,0,0,0,0,0,0,0,0,0,0,0,0,0,0,0
0,0,0,0,0,0,7.16406006735803e-07,1.56751533376128e-06,3.56189168448069e-06,6.39356346546854e-06,1.04886296064006e-05,1.68692388296655e-05,2.27028797070078e-05,2.79241463688545e-05,3.17880926845024e-05,3.20754768073756e-05,2.95798023618396e-05,2.38334909853747e-05,1.80309869633521e-05,1.24670825619599e-05,7.10992557266634e-06,4.03292442184338e-06,7.85168139018686e-05,0.000207266328321889,0.000428273927259768,0.000810721537914964,0.0015498673702942,0.00240889794749088,0.0034218090038267,0.00463005783656077,0.00539552205089384,0.00574637579586627,0.00550341803278355,0.00480851880222285,0.0038398236347849,0.00260328337564968,0.00170601391730266,0.00102252544163885,0.000493593925495601,0.000246734074234801,0.000117579945570194,2.70055549636851e-05,4.66226073651003e-05,7.79374792203519e-05,0.000134701581851693,0.000199763206500345,0.000274525385032161,0.000364243414115177,0.000423931839303633,0.000457373194237865,0.000454609903374508,0.00042492820822931,0.000386498874695117,0.000342310605682931,0.000333328531321025,0.000367031102563251,0.000476049589106134,0.000619713529086533,0.00087748777273937,0.00123692650921459,0.00172361835826013,0.00233266657260731,0.00340445988951295,0.0046591524375057,0.00622578028822224,0.00830102798637073,0.00985913631492756,0.0109025794698529,0.0111143311519905,0.010343507105779,0.00887760062568387,0.00662799616340425,0.00484535791334864,0.00334953412403882,0.00219882939953138,0.00181585851173955,0.00189669047578965,0.00240400087432143,0.00305883385496145,0.00364448709854297,0.00420279406501553,0.00432440729505752,0.00418752323187652,0.00385367399184752,0.00361817001093861,0.00354388153075654,0.00368110606286272,0.00387354999317807,0.00398184533166587,0.00383012275120017,0.00342665177361084,0.00281475234647474,0.00202477456011025,0.00142017879349417,0.000945590209228945,0.000570822852407421,0.00039181666593952,0.000290083456008481,0.000183281699134778,0.000160136136855274,0.000127871302488408,8.66800981338572e-05,5.67822802035244e-05,3.39953689779075e-05,1.63107485185359e-05,8.01106978872409e-06,3.59600788315159e-06,0,0,0,0,0,0,6.1099706248377e-05,0.000138588215577429,0.000287294280621227,0.000611862178393049,0.00104055245564648,0.00161728979053711,0.00243793599945366,0.00310853570051224,0.00362245429974217,0.00386496172673944,0.00369489367814422,0.00322828739859013,0.00243793599945366,0.00174743985966757,0.00114471051471612,0.000611862178393049,0.000328818872104744,0.000161500309399479,6.1099706248377e-05,0,0,0,0,0,0,0,0,0,0,0,0,0,0,0,0,0,0
0,0,0,0,0,0,4.28909977719798e-07,9.38466401115664e-07,2.13249312354571e-06,3.82780593370363e-06,6.2795088936929e-06,1.00995591641515e-05,1.35921412407964e-05,1.6718096839362e-05,1.90314291014771e-05,1.92034850537997e-05,1.7709332770365e-05,1.42690345857079e-05,1.07950940444436e-05,7.46400233052912e-06,4.25668962891086e-06,2.41449891214602e-06,6.65995428827767e-05,0.000177005910868078,0.0003661019081543,0.000693204215263997,0.00132520790918072,0.0020597185756728,0.00292580413168913,0.00395891247378786,0.00461341959515298,0.00491341568947355,0.00470567562383621,0.00411142366778821,0.00328303848092005,0.00222547273833531,0.00145785963945628,0.000872815888753961,0.000419330303643715,0.000206971910112174,9.50513393808319e-05,2.17971417498368e-05,4.37575681933604e-05,8.08495687315265e-05,0.00015122191264374,0.000233303562910779,0.00032980591502923,0.000446895578012764,0.000524643201788367,0.000566458658228384,0.000557076965231636,0.000507216303976503,0.000445015768130661,0.000371108310740321,0.000345231779046521,0.000374389022986007,0.000497736173734502,0.000670016001562534,0.0009902285248902,0.00143315938202079,0.00205311612215987,0.00282493737994395,0.00417762851852848,0.0057566426679859,0.00772952675298257,0.0103545198153592,0.012345232099171,0.0137069565779974,0.0140459855239677,0.0131333058237622,0.0113249280645864,0.00850322086205963,0.00620214441147551,0.00423925155152729,0.00263492675332231,0.00196236038491276,0.00181173198432158,0.0020814102538558,0.00257374964538428,0.0030181244981812,0.00348370782215428,0.00359363903422528,0.00350480218764375,0.00328482934483137,0.00316132988429404,0.00318914614075222,0.0034171295045885,0.00365755383666904,0.00379757957992024,0.00367616778789137,0.00329984802880694,0.00272311153104778,0.00197408107470005,0.00140544448698547,0.00096441655496207,0.000622584118590449,0.00046227616190017,0.000369843568396529,0.000263176341845816,0.000229941357450539,0.000183611903287803,0.000124464969745451,8.15343422511521e-05,4.88143491114482e-05,2.3420795137428e-05,1.15031890866396e-05,5.16354990380475e-06,0,0,0,0,0,0,5.003421435183e-05,0.000113489129663743,0.000235263710765207,0.000501050582191771,0.000852102699127493,0.00132438973961367,0.0019964124193469,0.00254556283670966,0.0029664079590861,0.00316499596104747,0.00302572816877332,0.00264362684549995,0.0019964124193469,0.00143096891743013,0.000937397162455608,0.000501050582191771,0.000269267970993768,0.000132251717635631,5.003421435183e-05,0,0,0,0,0,0,0,0,0,0,0,0,0,0,0,0,0,0
0,0,0,0,0,0,0,0,0,0,0,0,0,0,0,0,0,0,0,0,0,0,5.40940738236598e-05,0.000146104868124833,0.000302876350693265,0.000573825095779448,0.00109698922578494,0.00170500724453044,0.00242194118144396,0.00327713432698706,0.00381892649058872,0.00406725920952841,0.00389529478629394,0.00340338103550046,0.0027176549554652,0.00184221630381095,0.00120679653819676,0.000722505215539301,0.000347014163957215,0.000171093447156554,7.81859849554896e-05,2.51824579011059e-05,5.16995190838687e-05,9.74303428476247e-05,0.000185990455320008,0.000290421120989182,0.000415090808521578,0.000567982823641242,0.000670202185204472,0.000725015545466324,0.000711001146976354,0.00063980005099404,0.000550563764710729,0.000441708241400058,0.000395172970581312,0.000418091103451399,0.000557776762324083,0.00076377805065604,0.00115523844641107,0.00169428143380894,0.00246515479247215,0.00341899116426514,0.0050860990698142,0.00703143310010686,0.00946777747348477,0.0127274875731164,0.0152242535740169,0.0169649222178577,0.0174668853221948,0.0164009694762634,0.0142028487299633,0.0107190634967032,0.00781619311901467,0.00530947312646746,0.00318154021973624,0.00218294725740232,0.00178215049950487,0.00180746297570617,0.00214043557580281,0.00244619561139371,0.00281985640527803,0.00291298544499977,0.00286023971814203,0.0027313499018118,0.00269538030954456,0.00279822019009446,0.00308544586445428,0.00335272448413096,0.00351191841433332,0.00341947594247409,0.00308041194181644,0.00255625802033191,0.00187419234073646,0.00136291642319505,0.000973967951921663,0.000681767813635001,0.000549089908465998,0.000470606659070053,0.000365850327610421,0.000319649252529505,0.000255245112459122,0.000173022961099108,0.000113343644853761,6.78584765228459e-05,3.25580388944859e-05,1.59909719330975e-05,7.17802523847855e-06,0,0,0,0,0,0,3.96665022091545e-05,8.99727690509294e-05,0.000186514140847315,0.000397226663451768,0.00067553641113845,0.00104995969683385,0.00158273091060359,0.00201809052453308,0.00235173129800605,0.00250916939352847,0.0023987596217059,0.00209583444979922,0.00158273091060359,0.00113445434208956,0.000743156799743784,0.000397226663451768,0.000213472295001434,0.000104847515199694,3.96665022091545e-05,0,0,0,0,0,0,0,0,0,0,0,0,0,0,0,0,0,0
0,0,0,0,0,0,0,0,0,0,0,0,0,0,0,0,0,0,0,0,0,0,4.33507775097487e-05,0.000117087865332866,0.000242723913430338,0.000459861169593866,0.000879122840934832,0.00136638608419653,0.00194093411490397,0.00262628253035435,0.00306047263438286,0.00325948549635069,0.00312167388549787,0.0027274561448605,0.00217791796762604,0.00147634488339109,0.000967121988213445,0.000579012831434743,0.000278032142990456,0.000136966642070874,6.23477324364448e-05,3.02146472366288e-05,6.28650865962656e-05,0.000119830088963116,0.000231372596291382,0.000363684397916607,0.000522889583002391,0.000719222367274672,0.000850980087234413,0.000921604945520042,0.000902668037162385,0.000807286244210748,0.000686816839581453,0.000537613933777858,0.000467000905123399,0.000482206614545297,0.000639605825570598,0.000882921454542639,0.00135094998250874,0.00199395916336562,0.00292746563193206,0.00407544455060082,0.00607821122355292,0.00841742450873762,0.0113566551682543,0.0153133696035526,0.0183740371136891,0.0205460333261281,0.021249872252439,0.0200329235777257,0.0174178794133284,0.013209106324264,0.00964175387764718,0.00653027510641143,0.00382100190265053,0.00246576237646762,0.00179977847628806,0.00157847017188564,0.00175900669055391,0.0019337241514869,0.00222244818265633,0.00229778708841167,0.0022718325844698,0.00221264920107723,0.00224022110214797,0.0023916356540973,0.00270793585292472,0.00298218747591447,0.00314862365945211,0.00308291280063816,0.0027887302971594,0.00233088473376311,0.00173711211277697,0.00130100831348549,0.000979838572243699,0.000751739838749695,0.000654558664836999,0.000594068508378895,0.000492366968206204,0.000430188854511357,0.000343512777456836,0.000232856948202993,0.000152539611339403,9.13249759016856e-05,4.38171068642254e-05,2.15208946806078e-05,9.66029618576901e-06,0,0,0,0,0,0,3.04445518951123e-05,6.90552603321251e-05,0.000143152007965247,0.000304876585936753,0.000518482905739948,0.000805857605227852,0.00121476638120991,0.00154891049831468,0.00180498409383274,0.00192581986211214,0.00184107893864338,0.00160857996336644,0.00121476638120991,0.000870708334913643,0.000570382425874286,0.000304876585936753,0.000163842738869977,8.04718197924188e-05,3.04445518951123e-05,0,0,0,0,0,0,0,0,0,0,0,0,0,0,0,0,0,0
0,0,0,0,0,0,0,0,0,0,0,0,0,0,0,0,0,0,0,0,0,0,3.36335687677798e-05,9.08422638938807e-05,0.000188316609364344,0.000356781888576019,0.000682064780020575,0.00106010648403773,0.00150586782469293,0.00203759330656591,0.00237445837706778,0.00252886190021479,0.00242194118144396,0.00211608854740011,0.00168973102542996,0.00114541768366964,0.000750338650560398,0.000449225342708282,0.000215671877009925,0.000106176205196522,4.8184561427929e-05,3.65409239190905e-05,7.6576064943111e-05,0.000146845635124647,0.000285216257804433,0.000449613656090594,0.000648208037800233,0.000893488651526436,0.0010579271683868,0.00114523826264166,0.00111892590241145,0.000995352066812304,0.000838709450284576,0.000644312871185827,0.000548028084439496,0.000557100843039042,0.000738356676349571,0.0010267190302442,0.00157847342865633,0.00233292339279975,0.00343442998218743,0.00477757748035142,0.00711488816113804,0.00984922362478473,0.0132990725859424,0.0179749987625386,0.0216288903461138,0.0242667279087583,0.0252095039844445,0.0238588670215831,0.0208270743145714,0.0158709094245664,0.0116102094817034,0.00786288604896132,0.00454356277012298,0.00282009711366436,0.00188924094995008,0.00143375292646543,0.00147623801872166,0.00153134345827135,0.00174114241212858,0.0017931476387473,0.0017783959839755,0.00176025454759201,0.00182326463598893,0.00199517660715307,0.00231118672729516,0.00257417451308136,0.00273699019515752,0.00269467548762384,0.00245007992255509,0.00206766125456328,0.00157725447027006,0.00122920879182402,0.000987491548174373,0.00083459252623286,0.000779076166967262,0.000739697075277241,0.000641509702601389,0.000560497234665093,0.000447566132449857,0.000303391578307115,0.000198745340415058,0.000118988197653084,5.70897338944769e-05,2.80397825966477e-05,1.25864936791995e-05,0,0,0,0,0,0,2.26216419947056e-05,5.13110977118805e-05,0.000106368242376165,0.000226536721689654,0.000385255618622088,0.000598787668380887,0.000902624885976605,0.00115090867145727,0.00134118262333096,0.00143096891743013,0.00136800268164464,0.00119524571018482,0.000902624885976604,0.000646974614771217,0.000423819246302366,0.000226536721689654,0.000121742366086318,5.97941038606259e-05,2.26216419947056e-05,0,0,0,0,0,0,0,0,0,0,0,0,0,0,0,0,0,0
0,0,0,0,0,0,0,0,0,0,0,0,0,0,0,0,0,0,0,0,0,0,2.52625898328597e-05,6.82327488969288e-05,0.000141446936360905,0.000267983292915484,0.00051230729917683,0.00079625910263367,0.00113107596343335,0.00153046155480434,0.00178348507912503,0.00189945947663673,0.00181915000125541,0.00158942030184416,0.00126917788944798,0.00086033740069744,0.000563588648463843,0.000337418715620712,0.000161891221698856,7.95133266715186e-05,3.56919309239881e-05,4.28528749088815e-05,9.04477861133051e-05,0.000174473476888626,0.000340826222238235,0.000539354327956501,0.000780061478511807,0.00107854990265199,0.00127968948185485,0.001387658030766,0.00135800601196602,0.00120872294405866,0.00101709460747583,0.000777443704932531,0.000654139512093283,0.000654926108274122,0.000857008314429218,0.00118805947703849,0.00181834464152199,0.00267798557275584,0.00393940983515309,0.00546530526703959,0.00811507424154874,0.0112218015726634,0.015159485956204,0.0205356545888815,0.0247804922597553,0.0278972391512123,0.0291117268820264,0.0276610660393276,0.0242433194712825,0.0185641379504776,0.0136194884621687,0.00923678200818698,0.00530403915411328,0.00321186636290464,0.00202091692756423,0.00134522777228911,0.00126383841199322,0.00121266348695711,0.00135410117521817,0.00138297669178833,0.00137066067080296,0.00137360551365471,0.00145124760452412,0.0016226932601889,0.00191682124535147,0.00215537578548253,0.00230662453104594,0.00228439846319947,0.00209106052921582,0.0017882211578947,0.00140920509771502,0.00115641330685523,0.00100101370654155,0.000930203042076682,0.000920318630711129,0.000904002740284514,0.000809182362475332,0.000706995505552013,0.000564547377773267,0.000382689635237232,0.000250691803157262,0.000150088378232107,7.20113905658655e-05,3.53685960365722e-05,1.58762504281934e-05,0,0,0,0,0,0,1.62729961883536e-05,3.69109058343817e-05,7.65165500874926e-05,0.000162960372613122,0.000277135639174484,0.000430741033187417,0.000649307920815303,0.000827912157223186,0.000964786717182546,0.00102937495626723,0.000984079866053528,0.000859806237342797,0.000649307920815303,0.000465404564469618,0.000304876585936753,0.000162960372613122,8.75760061867951e-05,4.30132005642082e-05,1.62729961883536e-05,0,0,0,0,0,0,0,0,0,0,0,0,0,0,0,0,0,0
0,0,0,0,0,0,0,0,0,0,0,0,0,0,0,0,0,0,0,0,0,0,1.83701054344219e-05,4.9616559490137e-05,0.0001028554535191,0.000194868435029479,0.00037253263275727,0.000579012831434743,0.000822480388593587,0.00111290015438224,0.00129689034897086,0.00138122302919402,0.00132282468049348,0.00115577297172079,0.000922903463122777,0.000625608414044356,0.000409822704735422,0.000245359538452279,0.000117721850023747,5.7819416143055e-05,2.59539714087003e-05,5.06618283832438e-05,0.000106929820402012,0.000206267265903493,0.000402933983221837,0.000637639282283691,0.00092220978958296,0.0012750908821661,0.00151288353585201,0.00164052687617294,0.0016054714571175,0.00142859931715518,0.00119991756183849,0.000913192914698601,0.000761586646780015,0.000752864282000023,0.00097398679409074,0.00134564019225679,0.00204717694961372,0.00300157920315778,0.0044055639181487,0.00608966381333828,0.00900699874439565,0.0124357329912842,0.0168030694006838,0.022811866737144,0.0276071516391986,0.0311881801809302,0.0326971791893099,0.0311942606604749,0.0274530129925173,0.0211268049451203,0.0155519718398746,0.010573190671583,0.00605813206347513,0.0036150172694807,0.00217927701965831,0.00130379016130452,0.00111405919482315,0.000971071051323141,0.00105529309796882,0.00106255707375202,0.00104631252842112,0.00105482963609488,0.00113122806756381,0.00128695894816616,0.00154457959083112,0.00175034393836486,0.00188491245155003,0.00187946340211071,0.00173620998772208,0.00151231539960109,0.00124565871375044,0.00108945708766897,0.00102211080039447,0.00103558736836856,0.00107276719113866,0.00108015777824514,0.000988139921633491,0.000863353572505348,0.00068940183016937,0.000467324701710605,0.000306134426815966,0.000183281699134778,8.79373218328671e-05,4.31906617551003e-05,1.93874181908246e-05,0,0,0,0,0,0,1.13328666645977e-05,2.57055535101732e-05,5.32877811645511e-05,0.000113489129663743,0.000193003255849114,0.000299977375990396,0.000452192085937645,0.000576575940853769,0.000671898346134307,0.000716878993408823,0.000685334512477882,0.000598787668380887,0.000452192085937645,0.000324117809233196,0.000212322651439675,0.000113489129663744,6.09898256992919e-05,2.9955323602954e-05,1.13328666645977e-05,0,0,0,0,0,0,0,0,0,0,0,0,0,0,0,0,0,0
0,0,0,0,0,0,0,0,0,0,0,0,0,0,0,0,0,0,0,0,0,0,1.29322557824479e-05,3.49292518032674e-05,7.24085682728984e-05,0.000137184212400023,0.000262256921242181,0.000407615626604003,0.000579012831434744,0.000783463628348513,0.000912989736207632,0.000972358573003837,0.000931247084266663,0.000813645395236872,0.000649709044415526,0.000440418159762608,0.000288508526094906,0.000172729128923918,8.28742698905459e-05,4.07039296221282e-05,1.82711742197583e-05,5.7984326147116e-05,0.000122385112794183,0.000236080473234122,0.000461172765462588,0.000729801613721056,0.00105550302706658,0.00145938841803007,0.00173155085722211,0.00187764335549688,0.00183752113889708,0.00163463159728761,0.00137073468329528,0.00103920410831978,0.000859865073695762,0.000840313076795371,0.0010758994733217,0.00148202970991782,0.00224128850833474,0.00327241398208191,0.00479118877909226,0.00659759906041605,0.00971772548236371,0.0133937534393289,0.0181002886988127,0.0246279270460042,0.0298949674613678,0.0338959826632571,0.0357080524428268,0.0342108553973227,0.0302369591367127,0.0233893712635514,0.0172824271946085,0.0117867030077161,0.00675647049982961,0.00399940651450219,0.00234507800955644,0.00129614774228335,0.00101430829018528,0.000794455920487669,0.000832364989766228,0.000820659095554434,0.000796753365628538,0.000800352551880498,0.000865028427675068,0.000995766140665371,0.00120919799487246,0.00137846783607222,0.00149395500466263,0.00150213849246411,0.00140538452724018,0.00125563367283619,0.00109591556856563,0.00103214767543531,0.00104958311961823,0.00114475270614351,0.00122775268835399,0.00125814493359266,0.00116820575597023,0.00102067995711674,0.000815029499920345,0.000552483908901206,0.00036192040385927,0.000216680584607194,0.00010396188159258,5.10611691338851e-05,2.29203304391175e-05,0,0,0,0,0,0,7.64083628401983e-06,1.73311776953053e-05,3.59276451287417e-05,7.65165500874926e-05,0.000130126500546649,0.000202250506132982,0.000304876585936753,0.000388738568956309,0.00045300676468324,0.000483333580655359,0.000462065685991899,0.000403714142096169,0.000304876585936753,0.000218526449695413,0.000143152007965247,7.65165500874926e-05,4.11205114249651e-05,2.01964542828345e-05,7.64083628401983e-06,0,0,0,0,0,0,0,0,0,0,0,0,0,0,0,0,0,0
0,0,0,0,0,0,0,0,0,0,0,0,0,0,0,0,0,0,0,0,0,0,8.81385256311132e-06,2.38056902610626e-05,4.93493521779467e-05,9.34965594882075e-05,0.000178738642072122,0.000277806447362727,0.000394620537535446,0.000533961980414601,0.000622239233582867,0.000662701484188471,0.000634682350753819,0.000554532068721178,0.00044280285069605,0.000300162693312402,0.000196630166846246,0.000117721850023747,5.64821488515676e-05,2.77413655021901e-05,1.24525402556945e-05,6.42494224855059e-05,0.000135608591844278,0.000261588520092713,0.000511001607086689,0.000808655292321619,0.00116954812493073,0.00161707256548211,0.00191864163944133,0.00208051915475131,0.00203606180883277,0.00181125043750315,0.00151736067199572,0.00114825688304085,0.000945963372515613,0.000918061762051187,0.00116703480374637,0.00160311740390775,0.00240589020212409,0.0034917599076314,0.00508791401983751,0.00696780023894845,0.0102023541489057,0.0140231872489209,0.0189431821053337,0.02582678394232,0.031446395721117,0.0357907285460166,0.0378961471381866,0.0364688677261178,0.0323783140531827,0.0251816819728574,0.0186836570524862,0.0127895101303551,0.00734748224437825,0.00433301192344823,0.0024973743699178,0.00130717569258405,0.00094983064897588,0.00066817969338736,0.000669882982628931,0.000642686444640442,0.000609845271583372,0.000602835133120268,0.000650344902271932,0.000752186770055669,0.000919763217024729,0.00105275710847638,0.00114900986794686,0.00116792259523346,0.00111225561703131,0.00102859751060831,0.000965166041236129,0.000984972036111988,0.0010794177761729,0.0012491584591492,0.00137412252483388,0.00142552797718182,0.00133705445939887,0.00116820575597024,0.000932831242990292,0.000632338156499631,0.000414231215224217,0.000247998899537681,0.000118988197653084,5.84413863257155e-05,2.62331612970571e-05,0,0,0,0,0,0,4.98736172961951e-06,1.13124858528348e-05,2.34508574310361e-05,4.99442337728126e-05,8.49367666982965e-05,0.000132013878663179,0.0001990004445113,0.000253739222981985,0.000295688654678428,0.000315483713195372,0.000301601635374131,0.000263514147817511,0.0001990004445113,0.000142637587249435,9.34388356857257e-05,4.99442337728126e-05,2.68403689543992e-05,1.31827223382447e-05,4.98736172961951e-06,0,0,0,0,0,0,0,0,0,0,0,0,0,0,0,0,0,0
0,0,0,0,0,0,0,0,0,0,0,0,0,0,0,0,0,0,0,0,0,0,5.81548762406561e-06,1.57072853334273e-05,3.25613056029151e-05,6.16901724533099e-05,0.000117933940177664,0.000183300088690531,0.000260375452823481,0.000352314639550371,0.000410561049915254,0.000437258537302729,0.000418771170676217,0.000365887035176036,0.000292166731821848,0.000198051012955483,0.000129738986853286,7.76743151752403e-05,3.72676120090409e-05,1.83040919504237e-05,8.21633822742398e-06,6.89218142410676e-05,0.000145470415375213,0.000280611944698692,0.000548163025877172,0.000868287349224076,0.00125643752637774,0.00173893514732892,0.00206596457050102,0.00224483861440198,0.00220552500060393,0.00197228653661786,0.00166322234432819,0.00127214028928347,0.00105365331288124,0.00101637723699804,0.00126709675360233,0.00171661580621519,0.00253617348463395,0.00364396035439049,0.00527190771140924,0.0071725935851649,0.0104310593506186,0.0142916630977905,0.0192930920215924,0.0263555108176779,0.0321907792633442,0.0367816814313275,0.0391501817576554,0.0378485685341866,0.0337594021524387,0.0264019558323707,0.0196738469503744,0.0135212747715702,0.00779295294488845,0.00459049757102429,0.00261835608511703,0.00132210459654794,0.000906070695843947,0.000577600433269413,0.00055209913651952,0.000513383472375693,0.000472327434410679,0.000453017561405738,0.000482030593448904,0.000555311487265569,0.000679909946953406,0.0007797170111065,0.000858181179120606,0.000885169921837749,0.000863996080430079,0.000836186126707685,0.000854599490985215,0.000945493055745512,0.00110549300017726,0.00133876250198173,0.00149949589359887,0.00156880530338375,0.00148152065491099,0.00129442816969021,0.00103362188751665,0.000700661093612993,0.000458988111478623,0.000274794709727424,0.000131844646472314,6.47558671485281e-05,2.90676045631493e-05,0,0,0,0,0,0,3.15158990877489e-06,7.14853226811619e-06,1.48189543166364e-05,3.15605227158646e-05,5.36728377291255e-05,8.34215824655752e-05,0.000125751414628467,0.000160341683231269,0.000186850168635122,0.000199358967885656,0.000190586671279533,0.000166518607252585,0.000125751414628467,9.01348658785999e-05,5.90454247354692e-05,3.15605227158646e-05,1.6960838321012e-05,8.33036321481398e-06,3.15158990877489e-06,0,0,0,0,0,0,0,0,0,0,0,0,0,0,0,0,0,0
0,0,0,0,0,0,0,0,0,0,0,0,0,0,0,0,0,0,0,0,0,0,3.71479924879446e-06,1.00334512820137e-05,2.07994103698072e-05,3.94062580993588e-05,7.53334785833625e-05,0.000117087865332866,0.00016632182872345,0.000225050458868665,0.000262256921242181,0.000279310659897093,0.000267501356860808,0.000233720191887427,0.000186629363873664,0.000126510415241098,8.28742698905457e-05,4.9616559490137e-05,2.38056902610625e-05,1.16922314039356e-05,5.248407192678e-06,7.15769242623605e-05,0.000151074445999152,0.000291422101028269,0.000569280188263787,0.000902242899021371,0.00130596732570045,0.00180854281959374,0.00215033702983073,0.00233930879137707,0.00230362259577118,0.0020662615971263,0.00174901997685625,0.00134622022027018,0.00111860506619086,0.00107565664326282,0.00132642952943316,0.00178253496309038,0.00260164356466192,0.00370647566753774,0.00532328518870499,0.00719250853294333,0.0103807787987076,0.0141687540706626,0.0191076536904782,0.0261502337156653,0.0320427421357325,0.0367623022288676,0.0393450752374424,0.038219743848148,0.0342560112292326,0.0269457309675781,0.020170645446727,0.0139222372228311,0.00805576307448089,0.00474778067729516,0.00269160447228073,0.0013282801303576,0.000870452455404285,0.000509887077246823,0.000464952828238319,0.00041881899458055,0.000371642205797594,0.000341242050592658,0.000353349076344761,0.000401279313099215,0.000488675052869079,0.000560122885307231,0.000623162866559665,0.000655804821102939,0.000661978217913216,0.000678636004534928,0.000762194155292427,0.000909295539892908,0.00112074708002833,0.00140348726941379,0.00159192765150238,0.00167516124719318,0.00158926084347474,0.00138856248676663,0.001108789666444,0.000751615063167796,0.000492366968206204,0.000294778524157694,0.000141432745716804,6.94650889295843e-05,3.11814793757272e-05,0,0,0,0,0,0,1.92804600698382e-06,4.37325270555081e-06,9.06578156577897e-06,1.93077594363472e-05,3.28353952965149e-05,5.10347645552485e-05,7.69308570800796e-05,9.80921220893508e-05,0.000114309200108221,0.000121961699686293,0.000116595077780181,0.000101870974681048,7.69308570800795e-05,5.51417453658529e-05,3.61221791816622e-05,1.93077594363472e-05,1.03761204809281e-05,5.09626061700727e-06,1.92804600698382e-06,0,0,0,0,0,0,0,0,0,0,0,0,0,0,0,0,0,0
0,0,0,0,0,0,0,0,0,0,0,0,0,0,0,0,0,0,0,0,0,0,2.29727729907587e-06,6.20480901330909e-06,1.28626098145755e-05,2.43693120705136e-05,4.65871447201728e-05,7.24085682728985e-05,0.0001028554535191,0.000139173956835856,0.000162182888319122,0.000172729128923918,0.000165426111461543,0.000144535425792628,0.000115413881680706,7.82355884034254e-05,5.12504623120138e-05,3.0683487354513e-05,1.47217300755399e-05,7.23061893277812e-06,3.24567921239848e-06,7.19644851259365e-05,0.000151892454643126,0.000293000036966473,0.000572362616345937,0.000907937745293359,0.00131484212765349,0.00182252298007741,0.00216963351226914,0.002364758416136,0.00233710438510565,0.00210623679244786,0.00179420083133292,0.00139569744612145,0.00116800955166099,0.0011220519922404,0.00136654362880887,0.00181685240786034,0.00261357075904025,0.00368631977072811,0.0052476169291157,0.00703456081300449,0.0100641367675629,0.0136737857488039,0.0184125530815828,0.025240688577217,0.0310294264837863,0.03575092907809,0.0384826165069763,0.0375693474175973,0.0338432843295313,0.026781295430363,0.0201428763711711,0.0139657748819876,0.00811666934496426,0.00479096748375804,0.00270667242318975,0.00131634443238907,0.000833466437850383,0.00045504790897586,0.00039722554600519,0.000347565234225938,0.000297082784512074,0.000258542944414126,0.000257050154754451,0.00028439781999014,0.00034173841161199,0.000390372358672689,0.000440678864550006,0.000476764068423873,0.000503143325797456,0.000552708927128953,0.000683921712772426,0.000871230935604993,0.00111855703171381,0.00143482773315023,0.0016416827978992,0.00173430972684769,0.00165048474534707,0.00144205478400811,0.00115150413337003,0.000780569911619572,0.000511334670751952,0.000306134426815966,0.000146881231143757,7.21411277973633e-05,3.23826993273619e-05,0,0,0,0,0,0,1.14191543484878e-06,2.59012738641798e-06,5.36935107431665e-06,1.1435322825726e-05,1.94472769646756e-05,3.02261383537621e-05,4.55635046039776e-05,5.80965951254089e-05,6.77014134911618e-05,7.22337261806521e-05,6.90552603321251e-05,6.03346797379372e-05,4.55635046039776e-05,3.26585620414072e-05,2.13939261814821e-05,1.1435322825726e-05,6.14541981265165e-06,3.01834014203655e-06,1.14191543484878e-06,0,0,0,0,0,0,0,0,0,0,0,0,0,0,0,0,0,0
0,0,0,0,0,0,0,0,0,0,0,0,0,0,0,0,0,0,0,0,0,0,1.3753725483854e-06,3.71479924879447e-06,7.70080322766273e-06,1.45898289502552e-05,2.78915740740393e-05,4.33507775097487e-05,6.15792300210375e-05,8.33230014327014e-05,9.70983748900085e-05,0.000103412375303602,9.90400821798374e-05,8.65328956954144e-05,6.90979206690019e-05,4.68393957665172e-05,3.0683487354513e-05,1.83701054344219e-05,8.81385256311132e-06,4.32894835637791e-06,1.94317773104438e-06,7.00474405878412e-05,0.000147846228229612,0.000285194879748362,0.000557115586848599,0.000885005150784582,0.00128260940666255,0.00178045848420297,0.00212368957561673,0.00232156119798767,0.0023073822973248,0.0020947112919545,0.00180241771662237,0.00142521476447829,0.00120693257169633,0.00116061148792378,0.00139202268511146,0.00182359004793414,0.00257695045331827,0.00359040682819823,0.00505627820429825,0.00671711413721161,0.00951328228347018,0.0128546549954343,0.0172736284562904,0.0237126459909386,0.0292470469360042,0.0338450898716582,0.0366487305875442,0.035965229344339,0.0325679018649096,0.0259320999598482,0.0195989803623193,0.0136506811000521,0.00796740982025144,0.00470709731518679,0.00264499964721404,0.00125829060010778,0.000758794176822878,0.000368992009394031,0.000298520304480203,0.000248353970346239,0.000200848320779747,0.00016549549144783,0.000162126684271537,0.000181547898809983,0.000223283703497228,0.000258679252034055,0.000301425541392536,0.000340622751347067,0.000381168995732663,0.000453172766508108,0.000615055407542483,0.000826667025880288,0.00109402751799814,0.00142727392328128,0.00164277014298259,0.00174006992572906,0.00165942147041339,0.00144986294289694,0.0011577390748814,0.000784796390364591,0.000514103346671115,0.000307792024205765,0.000147676535180244,7.25317436009428e-05,3.2558038894486e-05,0,0,0,0,0,0,0,0,0,0,0,0,0,0,0,0,0,0,0,0,0,0,0,0,0,0,0,0,0,0,0,0,0,0,0,0,0,0,0,0,0,0,0
0,0,0,0,0,0,0,0,0,0,0,0,0,0,0,0,0,0,0,0,0,0,0,0,0,0,0,0,0,0,0,0,0,0,0,0,0,0,0,0,0,6.60077880077574e-05,0.000139319901038907,0.000268747623115803,0.000524986598281264,0.000835846428195209,0.00121282862991051,0.00168750237636161,0.00201898623468644,0.00221735791764883,0.00222309552445876,0.00204075074600893,0.00178288999678299,0.00144363006345441,0.00124369916661809,0.00119903121427459,0.00140993451244216,0.00180958514221282,0.00250043721536714,0.00343053538103544,0.00476801234258128,0.00626863584769433,0.00877546652322995,0.0117806325492785,0.015786651504992,0.0216946382519823,0.0268459037386717,0.0312061009419834,0.0339995341742779,0.0335447248310131,0.0305397782301854,0.0244720287199371,0.0185887976025458,0.0130094711168004,0.0076316871710105,0.0045221185188914,0.00254214511225693,0.0012074825231719,0.000717786086640555,0.000338886640049902,0.000267565093914289,0.000220169692918002,0.000173472332345304,0.000133806296435632,0.000121260464251441,0.00012694707172746,0.000149380377006648,0.000170479159999627,0.000204136753356033,0.000242289798301666,0.00029016927021737,0.000374177697335279,0.000551303216224807,0.000772478537913925,0.00104491970994442,0.00137925152538401,0.00159391641083608,0.00169134696833443,0.00161521654265372,0.00141124039413829,0.0011268983432878,0.000763890388869096,0.000500408271787614,0.000299592826812212,0.000143742615627055,7.05995880013386e-05,3.16907331599345e-05,0,0,0,0,0,0,0,0,0,0,0,0,0,0,0,0,0,0,0,0,0,0,0,0,0,0,0,0,0,0,0,0,0,0,0,0,0,0,0,0,0,0,0
0,0,0,0,0,0,0,0,0,0,0,0,0,0,0,0,0,0,0,0,0,0,0,0,0,0,0,0,0,0,0,0,0,0,0,0,0,0,0,0,0,6.02180857648277e-05,0.000127099816593191,0.00024517512109297,0.000478938757907945,0.000765260765074207,0.00111252684212445,0.00155360096188692,0.00186768980060945,0.00206595121319575,0.00209890754806661,0.00195877291450504,0.00174921486581727,0.00146292216389631,0.00128888592576934,0.00124671942450802,0.00142893006653852,0.00178355833175787,0.0023951052654186,0.00322166291444603,0.00440621444833138,0.00572364552908507,0.00790644305919456,0.0105327715230642,0.014064109694415,0.0193402096502411,0.0240095662295709,0.028036629072946,0.0307394816349585,0.0304953086848404,0.0279164675251389,0.022514809961091,0.017189468467346,0.0120885638021684,0.00712745977990734,0.00423566862147451,0.0023818597488069,0.00112887418718763,0.000661060234608035,0.00030232606525667,0.000232609448010437,0.000189859108264685,0.000146642382535373,0.000107081535222423,9.01133561867168e-05,8.7599451328417e-05,9.75739780707387e-05,0.000109155028314368,0.000135959897895818,0.000171912647653515,0.000222347409966429,0.000310309047420225,0.000489576943680917,0.000707602632811776,0.000972043212819294,0.00129338960263225,0.00149877692239779,0.00159230916482204,0.00152206661998463,0.0013298538245298,0.00106190984746623,0.000719836648227045,0.000471549607584356,0.000282315237143695,0.00013545294475239,6.65280929484277e-05,2.98631210316407e-05,0,0,0,0,0,0,0,0,0,0,0,0,0,0,0,0,0,0,0,0,0,0,0,0,0,0,0,0,0,0,0,0,0,0,0,0,0,0,0,0,0,0,0
0,0,0,0,0,0,0,0,0,0,0,0,0,0,0,0,0,0,0,0,0,0,0,0,0,0,0,0,0,0,0,0,0,0,0,0,0,0,0,0,0,5.3184804996431e-05,0.000112254962520567,0.000216539447238992,0.000423000235245685,0.000679714828637583,0.000991128698877827,0.00139197799086051,0.00168579564460456,0.00188519629816604,0.00195325916776437,0.00186633163047019,0.00171727395684817,0.00149634563509477,0.00135370037344176,0.00131337763479007,0.00145798916878879,0.00175490726013567,0.00227301856592875,0.00298007646508043,0.00399609257291211,0.00511855943037421,0.0069637484089653,0.00919409235378848,0.0122215031107751,0.0168090682783592,0.0209322023264556,0.0245555232273943,0.0270958259758756,0.0270310811666552,0.0248833375844242,0.0201996666379917,0.0155009972234065,0.0109540319135238,0.00649106728058784,0.00386849498640221,0.00217585428205004,0.00102842183803464,0.000592958457052675,0.000262131953311752,0.000196041719353928,0.00015906095793992,0.000121027266691279,8.45641638524841e-05,6.65367334952159e-05,5.98328257858691e-05,6.23811163172431e-05,6.79844434889913e-05,8.9528143856823e-05,0.000122327391244661,0.000171590877218994,0.000257219531571249,0.000428323193715261,0.000633101735867272,0.000879065043170082,0.00117607680273995,0.0013653469419765,0.00145172781236657,0.00138856248676663,0.00121320913906111,0.000968767174287395,0.000656698040154111,0.000430188854511357,0.000257552686980493,0.000123572040366499,6.06927535046021e-05,2.72437546805451e-05,0,0,0,0,0,0,0,0,0,0,0,0,0,0,0,0,0,0,0,0,0,0,0,0,0,0,0,0,0,0,0,0,0,0,0,0,0,0,0,0,0,0,0
0,0,0,0,0,0,0,0,0,0,0,0,0,0,0,0,0,0,0,0,0,0,0,0,0,0,0,0,0,0,0,0,0,0,0,0,0,0,0,0,0,4.54754552424223e-05,9.59831576741964e-05,0.00018515119011523,0.000361684662879559,0.000586403451884653,0.000859080675073212,0.00121718617174906,0.0014907430360235,0.00169429212723864,0.00180548551187935,0.00178127641896824,0.00170256346687613,0.00155609084898871,0.00144795040816589,0.00140726286042226,0.00150495622230934,0.00173617406804304,0.00215412138299844,0.00274062572677908,0.00359607413633981,0.00454374512923721,0.00609045705378724,0.00796160717511771,0.0105135769749929,0.0144189381384792,0.017968038825692,0.0211311025417885,0.0234201807520647,0.0234647568237268,0.0216990450867134,0.0177133855010303,0.013654676479517,0.00969154498732031,0.00576927436214089,0.00344710216030033,0.00193803618658084,0.000913110900963829,0.000518188337135418,0.000221029984622534,0.000160114855569024,0.000129345909649442,9.73247585857939e-05,6.56884573300593e-05,4.87494912636293e-05,4.05486060309997e-05,3.91476682026112e-05,4.12530490365467e-05,5.86345956524625e-05,8.76029953316621e-05,0.000133038994109089,0.0002118542717829,0.000367450971953436,0.000551792429069033,0.000771821987423419,0.00103642479226786,0.00120471280499864,0.00128162806361427,0.00122638280752486,0.00107151017275512,0.000855618251510623,0.000579997799058812,0.000379944165415302,0.000227471352823458,0.000109139219329719,5.36040330548683e-05,2.40617708393133e-05,0,0,0,0,0,0,0,0,0,0,0,0,0,0,0,0,0,0,0,0,0,0,0,0,0,0,0,0,0,0,0,0,0,0,0,0,0,0,0,0,0,0,0
0,0,0,0,0,0,0,0,0,0,0,0,0,0,0,0,0,0,0,0,0,0,0,0,0,0,0,0,0,0,0,0,0,0,0,0,0,0,0,0,0,3.76439682354775e-05,7.94535627926529e-05,0.000153265656875859,0.000299397683610133,0.00049228663699044,0.000726439646440585,0.00104310574387548,0.00129896133150571,0.00151098837540907,0.00167283219047628,0.00171880044776604,0.00171741170026865,0.00165083384013115,0.00157791948681812,0.00153338403742175,0.00157505971073966,0.00172908571817834,0.00203726984570655,0.00249244090248529,0.0031828987730039,0.00395553666803252,0.00521297559669324,0.00673911494258183,0.00883223147054536,0.0120712677559928,0.0150485636203861,0.0177395579467635,0.0197466034828865,0.0198685646983619,0.0184566887315347,0.0151499982290327,0.011730823228102,0.00836185328000576,0.00499999936619177,0.00299484616365679,0.00168304663216024,0.000790194440708047,0.000441315001565814,0.000181365035636951,0.00012606143168007,0.000100662097756563,7.34620790033237e-05,4.46998140275131e-05,2.67616352436449e-05,1.46431015580418e-05,6.30642743535279e-06,2.83082826265878e-06,1.45621297892752e-05,3.93314443170702e-05,8.15343422511521e-05,0.000154473770053325,0.000295309603329041,0.000458988111478623,0.000651986795099757,0.000882204870759835,0.00102805537244139,0.00109490656386601,0.00104861372486776,0.000916190496631422,0.000731592971033399,0.000495924803213481,0.000324869742215328,0.000194498472354097,9.33190538943332e-05,4.58339145205772e-05,2.05739211214564e-05,0,0,0,0,0,0,0,0,0,0,0,0,0,0,0,0,0,0,0,0,0,0,0,0,0,0,0,0,0,0,0,0,0,0,0,0,0,0,0,0,0,0,0
0,0,0,0,0,0,0,0,0,0,0,0,0,0,0,0,0,0,0,0,0,0,0,0,0,0,0,0,0,0,0,0,0,0,0,0,0,0,0,0,0,3.01677277418598e-05,6.36737719959748e-05,0.000122826493208297,0.000239936123343703,0.000403276000950065,0.000601679844791841,0.00088125097437107,0.00112379100768763,0.00134921474439303,0.00156791480500866,0.00168891859255756,0.00176859594162651,0.00178362660451435,0.00174453331459914,0.00169194770150051,0.00166964678820042,0.00173999133216276,0.00193541311278857,0.00226018900673503,0.00279793086065177,0.0034167396886678,0.00442812134280287,0.00565792969674947,0.00734625011942781,0.00997758629697611,0.0124129798288392,0.0146353261167252,0.01632719444474,0.016475356681557,0.0153572417279415,0.0126629125393755,0.00984251055095718,0.00704234760637302,0.00422777997641603,0.00253780621823884,0.00142488674192988,0.000666498772400677,0.000366348519556959,0.000144919296521684,9.67537742178413e-05,7.72594579391291e-05,5.63830928360346e-05,3.43076836139191e-05,2.05399001070778e-05,1.12387692501488e-05,4.84026437007213e-06,2.17269719155565e-06,1.20543345482995e-05,3.2558038894486e-05,6.7493028347734e-05,0.000127871302488408,0.000244453304933154,0.000379944165415303,0.000539705871526724,0.000730277288155363,0.000851010365442009,0.000906348879659781,0.000868028292180437,0.000758410130673438,0.000605602789814159,0.000410519860435361,0.000268922789039245,0.000161003210987461,7.72482536312477e-05,3.79406959891336e-05,1.70308142941434e-05,0,0,0,0,0,0,0,0,0,0,0,0,0,0,0,0,0,0,0,0,0,0,0,0,0,0,0,0,0,0,0,0,0,0,0,0,0,0,0,0,0,0,0
0,0,0,0,0,0,0,0,0,0,0,0,0,0,0,0,0,0,0,0,0,0,0,0,0,0,0,0,0,0,0,0,0,0,0,0,0,0,0,0,0,2.34055397355982e-05,4.9401102175133e-05,9.52945608622011e-05,0.000186153710911879,0.000323693261045983,0.000490899888717605,0.000739647564636444,0.000974110197389435,0.00121752227287988,0.00149706214080782,0.00169483740225515,0.00185581986751821,0.00195056307469382,0.00194220917038619,0.00187738302426179,0.00178537619887369,0.0017693532930497,0.00185354758034274,0.00205486351823907,0.00245921939889656,0.00295277816174057,0.00377214750286833,0.00476612463533726,0.00611884104888116,0.00822319020422534,0.0101665107699613,0.0119416842796344,0.0132990813210972,0.0134236580393634,0.012530259733359,0.0103595791915121,0.0080736669876086,0.00579336716364416,0.00348901563452747,0.00209789278616654,0.00117578778784346,0.000547875547736065,0.000296467670482422,0.000112843008442342,7.1892312605986e-05,5.7407177619999e-05,4.18951195302629e-05,2.54921188873304e-05,1.52620497890765e-05,8.35090019764052e-06,3.59652945843094e-06,1.61440963886103e-06,9.66029618576901e-06,2.60918840180101e-05,5.40886468432713e-05,0.000102475557713167,0.000195903914876622,0.000304485756327745,0.000432518157784351,0.000585241339789778,0.000681996351966943,0.000726344419102634,0.000695634451366144,0.000607786888876976,0.000485327688317569,0.00032898899777969,0.000215513662974343,0.000129027338569937,6.19064459279116e-05,3.04055241938639e-05,1.36484274355454e-05,0,0,0,0,0,0,0,0,0,0,0,0,0,0,0,0,0,0,0,0,0,0,0,0,0,0,0,0,0,0,0,0,0,0,0,0,0,0,0,0,0,0,0
0,0,0,0,0,0,0,0,0,0,0,0,0,0,0,0,0,0,0,0,0,0,0,0,0,0,0,0,0,0,0,0,0,0,0,0,0,0,0,0,0,1.75801906196631e-05,3.71057793527142e-05,7.15769242623605e-05,0.000139822356559933,0.000256052010523862,0.000397508185297258,0.000622400394591844,0.000853826137197779,0.00111853908446491,0.00145979720429715,0.00173250966807966,0.00197137074440165,0.00214055228709799,0.00215870476365555,0.00207822610428069,0.00191408271007877,0.00181372423575748,0.00179327409839797,0.00188441708508989,0.0021808406110513,0.00258373490072274,0.00327274332272003,0.00409886295520728,0.00519437600380739,0.00686585676062948,0.00837958723935248,0.00974135348720064,0.0107558155529141,0.0108099376631533,0.0100681216498057,0.00831892535451757,0.0064874248006893,0.00466133329072521,0.00281235038451444,0.00169254801555923,0.000945425720969867,0.000438845421892637,0.000233890686846297,8.5683972671055e-05,5.1716110142798e-05,4.12961527201705e-05,3.01374728052963e-05,1.83378887166402e-05,1.09788351394754e-05,6.00726362468873e-06,2.58718222939103e-06,1.1613339962579e-06,7.49491138903143e-06,2.02433087896366e-05,4.19645120032789e-05,7.95053495081445e-05,0.000151991456010182,0.000236234347168415,0.000335567896097874,0.000454057711955469,0.000529124793623295,0.000563532106511534,0.000539705871526723,0.000471549607584356,0.000376540009605728,0.000255245112459122,0.000167205619378191,0.000100105467860172,4.8029927625105e-05,2.35900333890146e-05,1.05890908789869e-05,0,0,0,0,0,0,0,0,0,0,0,0,0,0,0,0,0,0,0,0,0,0,0,0,0,0,0,0,0,0,0,0,0,0,0,0,0,0,0,0,0,0,0
0,0,0,0,0,0,0,0,0,0,0,0,0,0,0,0,0,0,0,0,0,0,0,0,0,0,0,0,0,0,0,0,0,0,0,0,0,0,0,0,0,1.27837231802884e-05,2.69820744209341e-05,5.20483313100741e-05,0.00010167411374246,0.000201142701252812,0.000322360358199562,0.000529922412986998,0.000762208354657545,0.00104943459458926,0.00144948654377745,0.00179144379520109,0.00210106608484817,0.00233634712418576,0.00237612861495774,0.00227802003286549,0.00204344186435582,0.00186611066041106,0.00175293907110349,0.00175363350874026,0.00197271306608521,0.00232421034260601,0.00294927387510463,0.00367922781247451,0.00459998140920709,0.00593834185330625,0.00709080334173604,0.00807942627238425,0.00875090280988093,0.00869281241630615,0.00803239986554628,0.00660383355550104,0.00514761929523459,0.00371290347331123,0.00227118151859461,0.00140236238197708,0.000820181871937566,0.000427437487144053,0.000261132113330857,0.000134479357312642,8.96283254181862e-05,6.71870948667951e-05,4.6161462013493e-05,2.62262273132676e-05,1.48768808928686e-05,7.7351056884566e-06,3.14539971063863e-06,8.08778124219955e-07,5.62952071967201e-06,1.52049998126402e-05,3.15200644211903e-05,5.97174521683978e-05,0.000114162664027574,0.000177438542372766,0.000252049200568848,0.000341048367979505,0.000397432182234172,0.00042327594085366,0.000405379760824759,0.000354186747308882,0.000282823862195771,0.000191717763506385,0.000125590210461015,7.5190456060098e-05,3.60758731751754e-05,1.77187660864893e-05,7.95359723571731e-06,0,0,0,0,0,0,0,0,0,0,0,0,0,0,0,0,0,0,0,0,0,0,0,0,0,0,0,0,0,0,0,0,0,0,0,0,0,0,0,0,0,0,0
0,0,0,0,0,0,0,0,0,0,0,0,0,0,0,0,0,0,0,0,0,0,0,0,0,0,0,0,0,0,0,0,0,0,0,0,0,0,0,0,0,8.99953343271052e-06,1.89949420376609e-05,3.66411796575871e-05,7.15769242623605e-05,0.000158346716636299,0.000264241587789923,0.000459676785840753,0.000694888465746386,0.0010032028364614,0.00145497363066774,0.00185660536739708,0.00222635887750039,0.00251674169002303,0.00257305735122786,0.0024572016075539,0.00215842679196884,0.00191692593404418,0.00172816619907416,0.00166415087213499,0.00184041620983384,0.00218300264640186,0.00281263877798298,0.00351858094703451,0.00434672205556887,0.00545086840550523,0.00631046648204316,0.0069676529922825,0.00729772464473443,0.00708672317831362,0.00643560752934736,0.00521759951630013,0.00404264029759631,0.00291554383694477,0.0018031721598112,0.00114091501321328,0.000695024776326696,0.000399182034876314,0.000267657334976786,0.000161972447308004,0.000111917340508624,8.22040383568379e-05,5.52987578572153e-05,3.06045028056161e-05,1.69747976705063e-05,8.62597668207948e-06,3.41108946764727e-06,5.4529373901186e-07,4.09359807722971e-06,1.10565643323413e-05,2.29203304391175e-05,4.34245221834538e-05,8.30152485844171e-05,0.000129027338569937,0.000183281699134778,0.000247998899537681,0.00028899931238157,0.000307792024205765,0.000294778524157694,0.000257552686980493,0.000205659997738981,0.000139410707792233,9.13249759016856e-05,5.46759700658097e-05,2.62331612970571e-05,1.28844905977647e-05,5.78358833238097e-06,0,0,0,0,0,0,0,0,0,0,0,0,0,0,0,0,0,0,0,0,0,0,0,0,0,0,0,0,0,0,0,0,0,0,0,0,0,0,0,0,0,0,0
0,0,0,0,0,0,0,0,0,0,0,0,0,0,0,0,0,0,0,0,0,0,0,0,0,0,0,0,0,0,0,0,0,0,0,0,0,0,0,0,0,6.13354407359916e-06,1.29458171398075e-05,2.49724379623519e-05,4.87825533288376e-05,0.000126322468515855,0.000221108420301577,0.000408585158220874,0.000647850185338638,0.000974940277170362,0.00147055082037664,0.00192199347532219,0.00234145322087759,0.00267686549852525,0.00274584799905921,0.0026136220182574,0.00225876121549869,0.0019676979280254,0.00172167068659253,0.00162006173929297,0.00178822469265937,0.00216429785609128,0.00286528668326493,0.00361637389552039,0.00442970106042847,0.00539256926037376,0.00602342154237802,0.00638856377575416,0.00638057874497841,0.00598061322366665,0.00527379820549014,0.00416688173320965,0.00318892535730166,0.00229607221357465,0.00144767525029912,0.000956926221305358,0.000625392930569753,0.000412422994588491,0.00030868315432986,0.000216094268333751,0.000154530802327932,0.000112058747471362,7.43528597987073e-05,4.04256944930273e-05,2.20695045250346e-05,1.10279779061854e-05,4.26854891733813e-06,3.55926632145836e-07,2.88182654118433e-06,7.78364166342782e-06,1.61355402621412e-05,3.05701581360946e-05,5.84413863257155e-05,9.08331501564646e-05,0.000129027338569937,0.0001745871962486,0.000203450820792071,0.000216680584607195,0.000207519291992553,0.000181312907396129,0.000144781297226226,9.81428733992455e-05,6.42912993560428e-05,3.84909946526263e-05,1.84677193654023e-05,9.07047205753183e-06,4.07155222498513e-06,0,0,0,0,0,0,0,0,0,0,0,0,0,0,0,0,0,0,0,0,0,0,0,0,0,0,0,0,0,0,0,0,0,0,0,0,0,0,0,0,0,0,0
0,0,0,0,0,0,0,0,0,0,0,0,0,0,0,0,0,0,0,0,0,0,0,0,0,0,0,0,0,0,0,0,0,0,0,0,0,0,0,0,0,4.04698733003147e-06,8.54180834327356e-06,1.64771197240833e-05,3.21873247961423e-05,0.000102654388336004,0.000188917527852626,0.000369553864556603,0.000610244723097001,0.00094874030946803,0.00147262473945588,0.00195687131656158,0.0024089245167616,0.00277376085691381,0.00285036122028744,0.0027055960419844,0.00230978837984974,0.0019916268516625,0.00171429514130638,0.00160990788313975,0.00180793242062943,0.00226090202115433,0.00309737535120341,0.00395763044979949,0.00482703587128084,0.0057316136115433,0.00619098576703482,0.00629947571000789,0.00595792676780375,0.00533917101067422,0.00452195761186249,0.00344222953754025,0.00259045720920512,0.00187060086818798,0.00123176166691962,0.000882655265549674,0.000644893198393715,0.000498096416470369,0.000410149155387653,0.000316918184342592,0.000230491360857074,0.000165082207312578,0.000108221787472834,5.8005103910912e-05,3.12899512061993e-05,1.52380708967107e-05,5.8258581688379e-06,2.24915464918689e-07,1.96408071984885e-06,5.30486491913152e-06,1.09970197998775e-05,2.08347925663696e-05,3.98301557998714e-05,6.19064459279116e-05,8.79373218328671e-05,0.000118988197653084,0.000138659918924514,0.000147676535180244,0.000141432745716804,0.000123572040366499,9.8674278417838e-05,6.68883163782673e-05,4.38171068642254e-05,2.62331612970571e-05,1.25864936791995e-05,6.181891600181e-06,2.77492663443393e-06,0,0,0,0,0,0,0,0,0,0,0,0,0,0,0,0,0,0,0,0,0,0,0,0,0,0,0,0,0,0,0,0,0,0,0,0,0,0,0,0,0,0,0
0,0,0,0,0,0,0,0,0,0,0,0,0,0,0,0,0,0,0,0,0,0,0,0,0,0,0,0,0,0,0,0,0,0,0,0,0,0,0,0,0,2.58512208525199e-06,5.456309989489e-06,1.05252037198094e-05,2.05605200634615e-05,8.53353623969768e-05,0.000164733236057768,0.000338451945058987,0.00057708213729858,0.000919084720589481,0.00145568129229461,0.00195630580323543,0.00242485738315051,0.00280504472307588,0.00288546643028322,0.00273299598176162,0.00231206466694575,0.00198900705325403,0.0017036428510634,0.0016268692995469,0.00188486076254879,0.00244638554789888,0.00346132084987119,0.00447160513038028,0.00544195132641634,0.00634194375664133,0.00666949970098112,0.00654991670773184,0.0058868425069242,0.00503628349614924,0.00407566335337688,0.0029648344511371,0.00218538428202479,0.00158919165620841,0.00111463814287247,0.000882914032075131,0.000723908485440776,0.00063449226925319,0.00055599819967086,0.000454163389386423,0.000334491140245948,0.000238691231676353,0.00015587188066674,8.31293149278309e-05,4.46420940966623e-05,2.15872214027472e-05,8.20425918637365e-06,1.37596380429444e-07,1.2959244594982e-06,3.50021469767573e-06,7.2559680446046e-06,1.37470507308923e-05,2.62804235106232e-05,4.08466295034745e-05,5.80221195159167e-05,7.85098668155066e-05,9.14895088935774e-05,9.74387824797512e-05,9.33190538943331e-05,8.15343422511521e-05,6.51064946734229e-05,4.41337285037458e-05,2.89110625423613e-05,1.73089603860243e-05,8.30472233312763e-06,4.07888761886403e-06,1.83093050226199e-06,0,0,0,0,0,0,0,0,0,0,0,0,0,0,0,0,0,0,0,0,0,0,0,0,0,0,0,0,0,0,0,0,0,0,0,0,0,0,0,0,0,0,0
0,0,0,0,0,0,0,0,0,0,0,0,0,0,0,0,0,0,0,0,0,0,0,0,0,0,0,0,0,0,0,0,0,0,0,0,0,0,0,0,0,1.59867112165384e-06,3.37424884524831e-06,6.50891473651338e-06,1.27148771267552e-05,7.24361677390453e-05,0.000145728366440335,0.000311274225217497,0.000543462373815143,0.000880420084484345,0.00141384673023321,0.00191456902951377,0.00238367221063722,0.00276542289530824,0.0028457363521744,0.00268956781417716,0.00225702797317491,0.00194725603999875,0.00167597060475616,0.00165558454839121,0.00200585262373452,0.00271650254313827,0.00397429562866828,0.00520197981324015,0.00634920998711289,0.00733338088708478,0.00758847453957592,0.00727496461635643,0.00628985551935914,0.00517243934530882,0.00400985633228513,0.00278325985395944,0.00200767447962926,0.00147854939264861,0.00112099542398399,0.00098297682206703,0.000888074198205179,0.000843969158816568,0.00076626447583325,0.000643959701906754,0.000477298125758086,0.000339909538798337,0.000221515951277416,0.000117839202215912,6.31419843559767e-05,3.03968806210342e-05,1.15219868530271e-05,8.14936106413279e-08,8.27806629441806e-07,2.23585634947238e-06,4.63494488920086e-06,8.78129866822016e-06,1.67873278779351e-05,2.609188401801e-05,3.70631905567542e-05,5.01502905899584e-05,5.84413863257155e-05,6.22416449587724e-05,5.96100574387479e-05,5.20822556808717e-05,4.15885258707488e-05,2.81916069795704e-05,1.84677193654022e-05,1.10565643323413e-05,5.30486491913151e-06,2.60549925336788e-06,1.16955613941153e-06,0,0,0,0,0,0,0,0,0,0,0,0,0,0,0,0,0,0,0,0,0,0,0,0,0,0,0,0,0,0,0,0,0,0,0,0,0,0,0,0,0,0,0
0,0,0,0,0,0,0,0,0,0,0,0,0,0,0,0,0,0,0,0,0,0,0,0,0,0,0,0,0,0,0,0,0,0,0,0,0,0,0,0,0,9.57119271366884e-07,2.0201519577295e-06,3.89686636958581e-06,7.6123561414494e-06,6.24268680308345e-05,0.000129780983896774,0.000285333036011429,0.000506591727384801,0.00083038503534398,0.001346093741232,0.00183229333428052,0.0022885255373489,0.00266109372332243,0.0027402625933696,0.00258796163598768,0.00216315476498852,0.0018899201499883,0.00165789603709095,0.00172347227831382,0.00218722977227913,0.00306466595734857,0.00458026925220266,0.00603348960513901,0.00736310648329312,0.00843458301963664,0.0086183770160987,0.00811059680288971,0.00680150070320057,0.00541317313537296,0.00404268738626622,0.00269157532355906,0.00191354209756829,0.00144736330892573,0.00120539068813433,0.00116180189383443,0.00113098500759484,0.00112900180452247,0.00104482039200856,0.0008908497837406,0.000661820500753701,0.00047050122381906,0.000306096673571098,0.000162497047425011,8.69174360580417e-05,4.16697282716488e-05,1.57647261873026e-05,0,5.11925746312757e-07,1.38268091803465e-06,2.86630661936423e-06,5.43046251919374e-06,1.03814889212759e-05,1.61355402621412e-05,2.29203304391176e-05,3.10135531958444e-05,3.61408682248868e-05,3.84909946526263e-05,3.68635887376915e-05,3.22083040420449e-05,2.5718853156306e-05,1.74340346277537e-05,1.14206635735728e-05,6.83751463950644e-06,3.28059336109203e-06,1.61127261169325e-06,7.23267823944147e-07,0,0,0,0,0,0,0,0,0,0,0,0,0,0,0,0,0,0,0,0,0,0,0,0,0,0,0,0,0,0,0,0,0,0,0,0,0,0,0,0,0,0,0
0,0,0,0,0,0,0,0,0,0,0,0,0,0,0,0,0,0,0,0,0,0,0,0,0,0,0,0,0,0,0,0,0,0,0,0,0,0,0,0,0,0,0,0,0,4.72546009838088e-05,0.000105450100843902,0.000245363588296097,0.000449241705602682,0.000751780356267551,0.00123841837475603,0.00170040194092226,0.00213576912832892,0.00249419287350989,0.00257358221651475,0.00243193772936411,0.00202880740607488,0.00180585587150186,0.00162680708724379,0.00179193893492212,0.00238212880865773,0.00343697642082118,0.00522675528437119,0.00692735443134486,0.00847301700140667,0.00968817893850846,0.00985708666449371,0.00921006677749648,0.00762572367278634,0.00598095437378448,0.00439035643249724,0.00287224208902846,0.00204552123058331,0.00159809987187104,0.00143116416827343,0.00146037604070839,0.00148002313042414,0.00150753764494177,0.00140533370746495,0.0012045016343408,0.000895721466258363,0.000636221172485165,0.000413598436260608,0.000219401132041587,0.000117293573578111,5.60797578318299e-05,2.12164096944819e-05,0,3.06488301857816e-07,8.27806629441807e-07,1.71604857677163e-06,3.25120048717645e-06,6.21536410925833e-06,9.66029618576901e-06,1.37223282964428e-05,1.85677147946456e-05,2.16374218520852e-05,2.30444350042406e-05,2.2070112304329e-05,1.92830082930341e-05,1.53977948684593e-05,1.04377005963793e-05,6.83751463950644e-06,4.09359807722971e-06,1.96408071984885e-06,9.64663743022932e-07,4.33018125667018e-07,0,0,0,0,0,0,0,0,0,0,0,0,0,0,0,0,0,0,0,0,0,0,0,0,0,0,0,0,0,0,0,0,0,0,0,0,0,0,0,0,0,0,0
0,0,0,0,0,0,0,0,0,0,0,0,0,0,0,0,0,0,0,0,0,0,0,0,0,0,0,0,0,0,0,0,0,0,0,0,0,0,0,0,0,0,0,0,0,4.33045300267865e-05,9.67223236923498e-05,0.000225307181073167,0.000412917755674617,0.000691681805100874,0.00114082519475,0.0015680710564713,0.00197124867363127,0.00230432430121532,0.00237905139585577,0.00224821562968971,0.0018728184847635,0.00170562965962146,0.00158540570647472,0.00185239265847307,0.00256555370744167,0.00378807632661387,0.00583360245398348,0.0077650185947952,0.00951481789533088,0.0108720906266501,0.0110389629826813,0.0102765709435637,0.00845368983577128,0.00658135511296057,0.00479284178920683,0.00312344431366105,0.00225412311487077,0.00182861838336659,0.00173981150252011,0.00184422577365995,0.00191561713004403,0.00196840583914966,0.00183975702933861,0.00157960813093705,0.00117435006267614,0.000833312742136098,0.00054127472921433,0.000286890605835267,0.000153285614548332,7.30668608816757e-05,2.76430661523911e-05,0,0,0,0,0,0,0,0,0,0,0,0,0,0,0,0,0,0,0,0,0,0,0,0,0,0,0,0,0,0,0,0,0,0,0,0,0,0,0,0,0,0,0,0,0,0,0,0,0,0,0,0,0,0,0,0,0,0,0,0,0,0,0
0,0,0,0,0,0,0,0,0,0,0,0,0,0,0,0,0,0,0,0,0,0,0,0,0,0,0,0,0,0,0,0,0,0,0,0,0,0,0,0,0,0,0,0,0,3.89475727989922e-05,8.7106105183244e-05,0.000203240072913795,0.000373001772274929,0.00062572671438052,0.00103390091818071,0.00142330324474369,0.00179178447487886,0.00209807084772939,0.00216881525474145,0.0020513233598491,0.00170870327740706,0.00159749284166199,0.00153547616678097,0.00189635286429747,0.00271712557384956,0.00408267076630472,0.0063439872736648,0.00847041993174274,0.0103948545051588,0.0118786602299394,0.012053217635295,0.0112045735952815,0.00919498155993993,0.0071407319331338,0.00519380411464882,0.00340708916039399,0.00251290136882227,0.002120540683203,0.00211849130666038,0.00230257126915902,0.00242816091391342,0.00250203913233139,0.00233898183048258,0.00200823642298742,0.00149155867746058,0.00105726381218403,0.000686111925676741,0.000363324197733361,0.000194000348432173,9.21644908364364e-05,3.48681890305758e-05,0,0,0,0,0,0,0,0,0,0,0,0,0,0,0,0,0,0,0,0,0,0,0,0,0,0,0,0,0,0,0,0,0,0,0,0,0,0,0,0,0,0,0,0,0,0,0,0,0,0,0,0,0,0,0,0,0,0,0,0,0,0,0
0,0,0,0,0,0,0,0,0,0,0,0,0,0,0,0,0,0,0,0,0,0,0,0,0,0,0,0,0,0,0,0,0,0,0,0,0,0,0,0,0,0,0,0,0,3.45898406232712e-05,7.7505879151165e-05,0.000181261464194497,0.000333328918104482,0.000560318646507879,0.000928164807211447,0.00128050704299574,0.00161537315782958,0.00189627361376048,0.00196414631190552,0.00186098340324785,0.00155217362757248,0.00149082169232373,0.00147962257981588,0.00191639614393172,0.00281787238714839,0.00428735395837692,0.00670262451235058,0.00896708808515674,0.0110147369107709,0.0125864650076817,0.0127649964206693,0.0118531854140877,0.00971200569549943,0.00753252439298933,0.00548326157363002,0.00363673071699089,0.00275471693323106,0.00242318592226744,0.0025307409111511,0.0028062155160602,0.00299308380715327,0.0030867618162671,0.00288373251868075,0.00247464996477269,0.00183539628909904,0.00129944852888458,0.000842426737554068,0.000445646914675839,0.000237789684398326,0.000112547451570638,4.257958548525e-05,0,0,0,0,0,0,0,0,0,0,0,0,0,0,0,0,0,0,0,0,0,0,0,0,0,0,0,0,0,0,0,0,0,0,0,0,0,0,0,0,0,0,0,0,0,0,0,0,0,0,0,0,0,0,0,0,0,0,0,0,0,0,0
0,0,0,0,0,0,0,0,0,0,0,0,0,0,0,0,0,0,0,0,0,0,0,0,0,0,0,0,0,0,0,0,0,0,0,0,0,0,0,0,0,0,0,0,0,3.05706406589774e-05,6.86751987088419e-05,0.00016111425849468,0.000297073743737473,0.00050074139028829,0.00083226226612868,0.00115148344662757,0.00145669810612062,0.00171575272466741,0.00178200796457445,0.00169257400684622,0.00141473504644325,0.00139137878622488,0.00141731449945195,0.00190290212193247,0.00285093872675588,0.00437703655085018,0.00687631656734978,0.00921938453593389,0.0113434173671293,0.0129826215207165,0.0131867027702667,0.0122656330304198,0.0100830536115736,0.00785504429137594,0.00576621596814401,0.00390714946604223,0.00305441197442535,0.0027864431212345,0.00299703493150274,0.00335563793144922,0.00359705424382126,0.00370010506385272,0.00344972303970859,0.0029554274964084,0.00218825014513287,0.00154725623354021,0.00100196565367474,0.000529451079816469,0.000282286349649608,0.000133056642957258,5.03387382309864e-05,0,0,0,0,0,0,0,0,0,0,0,0,0,0,0,0,0,0,0,0,0,0,0,0,0,0,0,0,0,0,0,0,0,0,0,0,0,0,0,0,0,0,0,0,0,0,0,0,0,0,0,0,0,0,0,0,0,0,0,0,0,0,0
0,0,0,0,0,0,0,0,0,0,0,0,0,0,0,0,0,0,0,0,0,0,0,0,0,0,0,0,0,0,0,0,0,0,0,0,0,0,0,0,0,0,0,0,0,2.71228060502462e-05,6.11280579138009e-05,0.000143978278716422,0.000266370878434326,0.000450522991990541,0.000751914709022616,0.00104398107895219,0.00132513883736049,0.0015672005554344,0.00163303610628829,0.00155566209073454,0.00130377817724475,0.00130391367239811,0.00135104637976968,0.00185588296062655,0.00281271285157014,0.00434294377415219,0.00684601683693991,0.00919488378863242,0.0113303094265349,0.0129898482027792,0.0132172309798387,0.0123192493856543,0.0101674845834277,0.00796312122175503,0.00590328017990372,0.00409693253082718,0.003310046166745,0.00312760011498299,0.00345285098640578,0.00389636800725085,0.00419225679710765,0.00430003198669627,0.00400008765067627,0.00342068061118052,0.00252798765071712,0.00178493402727532,0.00115447006893072,0.00060928534212324,0.000324572501823102,0.000152288222266881,5.76145375831957e-05,0,0,0,0,0,0,0,0,0,0,0,0,0,0,0,0,0,0,0,0,0,0,0,0,0,0,0,0,0,0,0,0,0,0,0,0,0,0,0,0,0,0,0,0,0,0,0,0,0,0,0,0,0,0,0,0,0,0,0,0,0,0,0
0,0,0,0,0,0,0,0,0,0,0,0,0,0,0,0,0,0,0,0,0,0,0,0,0,0,0,0,0,0,0,0,0,0,0,0,0,0,0,0,0,0,0,0,0,2.43545032197771e-05,5.50983941521198e-05,0.000130376325666417,0.000242143488141048,0.000411149480245944,0.000689449594022566,0.000961052827014587,0.00122474587965286,0.00145544543457978,0.00152269818836405,0.00145641749087579,0.00122654540538634,0.00123686707757134,0.00129037809367705,0.00178571199416788,0.00271351202837751,0.00419534658386004,0.00662157272319264,0.00890389119726188,0.0109876085779638,0.0126249590157655,0.0128788683203057,0.012042503940671,0.00999972751513874,0.00789354675177183,0.00592971874431519,0.00423355187902756,0.00353835549326408,0.00344992705260109,0.00388464426302719,0.00440271149238126,0.00474434888316238,0.00484786361539808,0.00449749073342884,0.00383786177181586,0.00283008503673745,0.00199512690003653,0.00128869304892413,0.000679202287746728,0.000361475538366127,0.000168742675514875,6.38396789694161e-05,0,0,0,0,0,0,0,0,0,0,0,0,0,0,0,0,0,0,0,0,0,0,0,0,0,0,0,0,0,0,0,0,0,0,0,0,0,0,0,0,0,0,0,0,0,0,0,0,0,0,0,0,0,0,0,0,0,0,0,0,0,0,0
0,0,0,0,0,0,0,0,0,0,0,0,0,0,0,0,0,0,0,0,0,0,0,0,0,0,0,0,0,0,0,0,0,0,0,0,0,0,0,0,0,0,0,0,0,2.22534392631061e-05,5.05499110689263e-05,0.00012019829028359,0.000224149409061281,0.000382145500414153,0.00064394028310327,0.000901256206700138,0.00115318848902059,0.00137703996910556,0.00144645097600875,0.00138901505264109,0.00117535744268245,0.00118175486302966,0.00122613646090558,0.00168399987387936,0.00254794129160851,0.00393391838069084,0.00621168625795822,0.00836321295720702,0.0103385096977395,0.0119134606329151,0.0121932037434556,0.0114483377545362,0.00957834106382061,0.00763293968877955,0.0058223021946467,0.00428579329943122,0.00370393688142428,0.0037149774977195,0.00425071482837855,0.00483065145581276,0.00520799669143067,0.00529992994058814,0.00490248005843469,0.004173826342279,0.00307049731517016,0.00216093333623218,0.00139374509647627,0.000733477339092413,0.000389954279849286,0.000181014099216232,6.8482273068401e-05,0,0,0,0,0,0,0,0,0,0,0,0,0,0,0,0,0,0,0,0,0,0,0,0,0,0,0,0,0,0,0,0,0,0,0,0,0,0,0,0,0,0,0,0,0,0,0,0,0,0,0,0,0,0,0,0,0,0,0,0,0,0,0
0,0,0,0,0,0,0,0,0,0,0,0,0,0,0,0,0,0,0,0,0,0,0,0,0,0,0,0,0,0,0,0,0,0,0,0,0,0,0,0,0,0,0,0,0,2.07100427965867e-05,4.72285907432718e-05,0.000112825607301211,0.000211212597427985,0.000361467828377528,0.00061186697190352,0.000859575886892186,0.0011039362208296,0.00132402521585776,0.00139579479328624,0.00134515974881394,0.00114306166662546,0.00113453817723289,0.00115782348425067,0.00155642881884976,0.00232918375781842,0.00358181571037056,0.00565422837331382,0.00762361746663601,0.00944484326647406,0.0109242985122731,0.0112280802427163,0.0105972685502957,0.00894878144139861,0.00721216959918018,0.00559765821220426,0.00425523226883726,0.0037977048584028,0.00390442636340434,0.00452342338345564,0.00514672400746945,0.00554606797974688,0.00561931276217625,0.00518149105930106,0.00440040743928421,0.00322881559539562,0.00226814707013405,0.00146055101490878,0.000767381326008925,0.000407511900278913,0.000187987397207827,7.11204504220739e-05,0,0,0,0,0,0,0,0,0,0,0,0,0,0,0,0,0,0,0,0,0,0,0,0,0,0,0,0,0,0,0,0,0,0,0,0,0,0,0,0,0,0,0,0,0,0,0,0,0,0,0,0,0,0,0,0,0,0,0,0,0,0,0
0,0,0,0,0,0,0,0,0,0,0,0,0,0,0,0,0,0,0,0,0,0,0,0,0,0,0,0,0,0,0,0,0,0,0,0,0,0,0,0,0,0,0,0,0,1.95530782103949e-05,4.47432273676383e-05,0.000107321708648632,0.000201576682533389,0.000346105399848843,0.000588122285579872,0.000828824752959058,0.00106774352987145,0.00128529073414269,0.0013589982623063,0.00131352805083256,0.00112001805166292,0.00108970601790195,0.00108456043964504,0.00141004782739334,0.00207380857418412,0.00316821219986854,0.00499693435639253,0.00674909773339068,0.0083845399632398,0.00974436132636084,0.0100690099663073,0.00956559600637265,0.00816871630672772,0.0066709937856423,0.00527846818131841,0.0041474003655578,0.00381406118736887,0.00400402485993339,0.00468088523904368,0.00532492231990071,0.0057302682142677,0.00577886991429044,0.00531052230102371,0.00449792471512736,0.00329113734682522,0.00230727315069842,0.00148314801624185,0.000777862456158555,0.000412558058777337,0.000189005274949209,7.15055396595278e-05,0,0,0,0,0,0,0,0,0,0,0,0,0,0,0,0,0,0,0,0,0,0,0,0,0,0,0,0,0,0,0,0,0,0,0,0,0,0,0,0,0,0,0,0,0,0,0,0,0,0,0,0,0,0,0,0,0,0,0,0,0,0,0
0,0,0,0,0,0,0,0,0,0,0,0,0,0,0,0,0,0,0,0,0,0,0,0,0,0,0,0,0,0,0,0,0,0,0,0,0,0,0,0,0,0,0,0,0,1.85897345573971e-05,4.26560609936781e-05,0.000102646310080793,0.000193302681767357,0.000332754150049094,0.000567141969945974,0.000801218934882737,0.00103465556282707,0.00124895621479097,0.00132358825120478,0.00128214783898909,0.00109610177960097,0.00104154839398643,0.00100556260361819,0.00125248036563925,0.00179954662501934,0.00272423121602147,0.00429065422188126,0.00580777108856278,0.00724048933784367,0.00846597634131039,0.00880677183011552,0.00843421999222135,0.00729941689759152,0.00605197068861549,0.00488981802758585,0.00397061772680627,0.00375135763086012,0.00400534318271887,0.00470985970927137,0.00535022613494252,0.0057450516041041,0.00576504924858716,0.00527855148187867,0.00445801374613062,0.00325208762563393,0.00227492014880215,0.00145956678525689,0.000764000964021421,0.000404647249438419,0.000183970409079211,6.96007208588657e-05,0,0,0,0,0,0,0,0,0,0,0,0,0,0,0,0,0,0,0,0,0,0,0,0,0,0,0,0,0,0,0,0,0,0,0,0,0,0,0,0,0,0,0,0,0,0,0,0,0,0,0,0,0,0,0,0,0,0,0,0,0,0,0
0,0,0,0,0,0,0,0,0,0,0,0,0,0,0,0,0,0,0,0,0,0,0,0,0,0,0,0,0,0,0,0,0,0,0,0,0,0,0,0,0,0,0,0,0,1.76425340445969e-05,4.05662100539673e-05,9.78526406621558e-05,0.000184635009133002,0.00031843797125775,0.000543945136176585,0.000769826650700425,0.000995853006265299,0.00120456165245685,0.00127863934773968,0.00124058640128322,0.00106254406399715,0.000985314313198649,0.000920548822410919,0.00109114376696463,0.00152315623394002,0.00227906825176234,0.00358294539401912,0.00486327027423715,0.00609004424900188,0.00717520604336296,0.00752589184224796,0.00727835985155954,0.00639795700168631,0.00539503453014939,0.00445600406116075,0.00373496008006466,0.00361216628291646,0.00390694309013454,0.00460757786636896,0.00522068051323733,0.00558977581176356,0.00557978047966789,0.00508908394673634,0.00428480664699395,0.00311558244651867,0.00217428453499127,0.00139211443143006,0.000727142264759806,0.000384543717824552,0.00017336079177615,6.55868307119356e-05,0,0,0,0,0,0,0,0,0,0,0,0,0,0,0,0,0,0,0,0,0,0,0,0,0,0,0,0,0,0,0,0,0,0,0,0,0,0,0,0,0,0,0,0,0,0,0,0,0,0,0,0,0,0,0,0,0,0,0,0,0,0,0
0,0,0,0,0,0,0,0,0,0,0,0,0,0,0,0,0,0,0,0,0,0,0,0,0,0,0,0,0,0,0,0,0,0,0,0,0,0,0,0,0,0,0,0,0,1.65771141515959e-05,3.81724104976303e-05,9.22355743294637e-05,0.000174276090188331,0.000300974137452074,0.000514912987635401,0.000729651685569866,0.000945030270777192,0.00114470145078951,0.00121648026338498,0.00118157949284571,0.00101330099332022,0.000918059150701804,0.000830016913516699,0.000932613840337461,0.00125874340941395,0.00185696563860192,0.00291310337628462,0.00396809912168527,0.00499696874744212,0.0059429532812211,0.00629598454684553,0.00615994344014663,0.00551156387157367,0.00473366794263693,0.003998344195159,0.00345153201451841,0.00340329672030428,0.00371475529913793,0.00438216095044746,0.00494762725797718,0.00527868853878419,0.00524008039818183,0.00475953322829666,0.0039942335865743,0.00289418432537927,0.00201463146561219,0.00128700301793474,0.000670681894791165,0.000354099826893236,0.000158154898725098,5.98340516484269e-05,0,0,0,0,0,0,0,0,0,0,0,0,0,0,0,0,0,0,0,0,0,0,0,0,0,0,0,0,0,0,0,0,0,0,0,0,0,0,0,0,0,0,0,0,0,0,0,0,0,0,0,0,0,0,0,0,0,0,0,0,0,0,0
0,0,0,0,0,0,0,0,0,0,0,0,0,0,0,0,0,0,0,0,0,0,0,0,0,0,0,0,0,0,0,0,0,0,0,0,0,0,0,0,0,0,0,0,0,1.53175180450239e-05,3.5307383737232e-05,8.54123125630956e-05,0.00016153521562656,0.000279224355105915,0.000478206378777539,0.00067821145824088,0.000879127079535376,0.0010658865562948,0.00113358947419358,0.00110188194032195,0.000945763775485824,0.000839063514815376,0.000735343257682842,0.000782213280130718,0.00101675253730056,0.00147543061613126,0.00230927108729655,0.00315980456556357,0.00400685320045641,0.00481998964980338,0.00516702083524412,0.00512357790029777,0.00467476506830287,0.0040930753463456,0.00353418619969743,0.00313205699066147,0.00313548565676928,0.00344155673815771,0.00405154521365182,0.00455405576402176,0.00483877253916325,0.00477547633712885,0.00431858268070497,0.00361160743088657,0.00260719629587145,0.00180988849508579,0.00115340637169742,0.000599549802254812,0.000315974665689076,0.000139682909894782,5.28456248426062e-05,0,0,0,0,0,0,0,0,0,0,0,0,0,0,0,0,0,0,0,0,0,0,0,0,0,0,0,0,0,0,0,0,0,0,0,0,0,0,0,0,0,0,0,0,0,0,0,0,0,0,0,0,0,0,0,0,0,0,0,0,0,0,0
0,0,0,0,0,0,0,0,0,0,0,0,0,0,0,0,0,0,0,0,0,0,0,0,0,0,0,0,0,0,0,0,0,0,0,0,0,0,0,0,0,0,0,0,0,1.33654093139177e-05,3.08664543647792e-05,7.48338239733502e-05,0.000141779066311251,0.000245493378388394,0.000421268321935428,0.000598406312117574,0.000776867629561181,0.00094356945370524,0.0010049267928749,0.000978156790753784,0.00084089766910462,0.000734490597048499,0.000627921449535516,0.00063755812956379,0.000800041027968165,0.00114285312063249,0.0017869439843321,0.00245975026725879,0.00314612576726283,0.00383600371072243,0.00416856160054987,0.00419607027553427,0.00390922537220345,0.00349020913276342,0.00307695514446557,0.00278866222937296,0.0028227063594991,0.00310559582004619,0.00364111315979791,0.00407140771280314,0.00430590039947733,0.00422378812029731,0.00380208178673625,0.0031679986803595,0.00227789487871355,0.00157664782444695,0.00100214350547848,0.000519502463470547,0.000273252101933821,0.000119435314606826,4.51854406056211e-05,0,0,0,0,0,0,0,0,0,0,0,0,0,0,0,0,0,0,0,0,0,0,0,0,0,0,0,0,0,0,0,0,0,0,0,0,0,0,0,0,0,0,0,0,0,0,0,0,0,0,0,0,0,0,0,0,0,0,0,0,0,0,0
0,0,0,0,0,0,0,0,0,0,0,0,0,0,0,0,0,0,0,0,0,0,0,0,0,0,0,0,0,0,0,0,0,0,0,0,0,0,0,0,0,0,0,0,0,1.19325501766444e-05,2.75573689388843e-05,6.68111494754086e-05,0.000126579424768914,0.000219174885471187,0.000376105607487138,0.000534253248639986,0.000693582347732254,0.000842412647980952,0.000897192079807628,0.000873291996687354,0.000750747949003364,0.000644818301516928,0.000536688804025336,0.00051642182996152,0.00062025819895565,0.000867631144941086,0.00135359618479773,0.00187619718910249,0.00242402922429654,0.00300191373036711,0.0033121536843219,0.00338870842192344,0.00322558886342236,0.00293509685854724,0.00263684867933065,0.00243367870702752,0.0024811045075633,0.0027285666130808,0.00318046720702992,0.00353545088684176,0.00372005499678928,0.00362610000592018,0.00324828750810603,0.0026961173629185,0.00193044963049964,0.00133197275208246,0.000844249564243104,0.000436363191858668,0.000229034044911007,9.88669418543712e-05,3.74038980323895e-05,0,0,0,0,0,0,0,0,0,0,0,0,0,0,0,0,0,0,0,0,0,0,0,0,0,0,0,0,0,0,0,0,0,0,0,0,0,0,0,0,0,0,0,0,0,0,0,0,0,0,0,0,0,0,0,0,0,0,0,0,0,0,0
0,0,0,0,0,0,0,0,0,0,0,0,0,0,0,0,0,0,0,0,0,0,0,0,0,0,0,0,0,0,0,0,0,0,0,0,0,0,0,0,0,0,0,0,0,1.03136676810611e-05,2.38186759068777e-05,5.77469177064749e-05,0.000109406464083572,0.000189439549745949,0.000325079567333259,0.000461771405309914,0.000599484413479523,0.000728122989049233,0.000775470525598755,0.000754812953562335,0.000648894389182142,0.000549724194598784,0.000447221351449852,0.000409949533034785,0.000471432822371312,0.000645229374492244,0.00100509780647888,0.0014048909813497,0.00183647871349928,0.00231419686251869,0.00259561518418944,0.00270111277283302,0.0026263640132689,0.00243275169791766,0.00222172339697813,0.00207930483465782,0.00212764937948594,0.00233324888687224,0.00269991521127058,0.00298196766245625,0.00312048796669245,0.00302183778714098,0.00269331507745615,0.00222644849286632,0.00158708667772827,0.0010914047150666,0.00068969224142643,0.000355347608913842,0.000186082194523677,7.92315774435814e-05,2.99753364275226e-05,0,0,0,0,0,0,0,0,0,0,0,0,0,0,0,0,0,0,0,0,0,0,0,0,0,0,0,0,0,0,0,0,0,0,0,0,0,0,0,0,0,0,0,0,0,0,0,0,0,0,0,0,0,0,0,0,0,0,0,0,0,0,0
0,0,0,0,0,0,0,0,0,0,0,0,0,0,0,0,0,0,0,0,0,0,0,0,0,0,0,0,0,0,0,0,0,0,0,0,0,0,0,0,0,0,0,0,0,8.63021980746768e-06,1.99308737643988e-05,4.83211800517651e-05,9.15485996444183e-05,0.00015851828904061,0.00027201847177549,0.000386398791571088,0.000501633601107732,0.000609275151836068,0.000648894389182141,0.000631608648272505,0.000542978636082852,0.000454863359178158,0.000362994428197409,0.000318801387784732,0.000351589943824313,0.000470803407692896,0.000733034832709664,0.00103477773232556,0.00137061932496244,0.00175990384693778,0.00200788517870018,0.00212545881939224,0.0021089277205226,0.00198501927892551,0.00183780513840992,0.00173707412741494,0.00177866701519138,0.00194118222164312,0.00222724284776265,0.0024429641617775,0.00254160517527991,0.00244474104266923,0.00216751994030007,0.00178424816923259,0.00126593720874261,0.00086747843838247,0.000546430430001117,0.000280576984855307,0.000146562566952107,6.14715781724815e-05,2.32562735200239e-05,0,0,0,0,0,0,0,0,0,0,0,0,0,0,0,0,0,0,0,0,0,0,0,0,0,0,0,0,0,0,0,0,0,0,0,0,0,0,0,0,0,0,0,0,0,0,0,0,0,0,0,0,0,0,0,0,0,0,0,0,0,0,0
0,0,0,0,0,0,0,0,0,0,0,0,0,0,0,0,0,0,0,0,0,0,0,0,0,0,0,0,0,0,0,0,0,0,0,0,0,0,0,0,0,0,0,0,0,6.99132416200589e-06,1.6145961797909e-05,3.91448933131716e-05,7.41633412555723e-05,0.000128415355461803,0.000220361631182361,0.000313020904211882,0.000406372397706934,0.000493572607114302,0.0005256680736861,0.000511664928832809,0.0004398659295577,0.000365134047442782,0.000286731473361766,0.000242713481583848,0.000257440264792759,0.000337563952023795,0.000526049093102962,0.000750988655437302,0.00100910033365654,0.00132127700289828,0.00153339049826447,0.00165015742216029,0.00166799157556602,0.00159194553180033,0.0014900379661288,0.00141717787404892,0.00144846699600946,0.0015707170916611,0.00178523495395202,0.00194392352464166,0.00201012783298568,0.00192024190781337,0.0016932522652361,0.00138775400198818,0.000979814228378618,0.000668907933488542,0.000419915341110919,0.000214829667762769,0.000111918552280673,4.61720632880815e-05,1.74680749174612e-05,0,0,0,0,0,0,0,0,0,0,0,0,0,0,0,0,0,0,0,0,0,0,0,0,0,0,0,0,0,0,0,0,0,0,0,0,0,0,0,0,0,0,0,0,0,0,0,0,0,0,0,0,0,0,0,0,0,0,0,0,0,0,0
0,0,0,0,0,0,0,0,0,0,0,0,0,0,0,0,0,0,0,0,0,0,0,0,0,0,0,0,0,0,0,0,0,0,0,0,0,0,0,0,0,0,0,0,0,5.48309638380402e-06,1.26628179005438e-05,3.07002247351471e-05,5.81641959128642e-05,0.00010071250521954,0.00017282335006456,0.000245493378388394,0.000318706295504594,0.000387094935737707,0.000412266495891176,0.000401284228279522,0.00034497431843075,0.000284247398900044,0.000220243639465029,0.000180755989758848,0.000185114908905986,0.000238110636980299,0.000372007114390288,0.000537690322364259,0.000733445999356085,0.000979316002255556,0.00115532729877981,0.0012625075427314,0.0012972339030968,0.00125253192064002,0.00118207959150639,0.00112777774992182,0.00114826887855651,0.00123569265099808,0.00139021497086169,0.00150236174257691,0.00154375873987644,0.00146441825398522,0.00128409545287335,0.00104767501193955,0.00073594280990734,0.00050044969879238,0.000313031830774583,0.000159526012788254,8.28687969480572e-05,3.35747710879428e-05,1.2702196413479e-05,0,0,0,0,0,0,0,0,0,0,0,0,0,0,0,0,0,0,0,0,0,0,0,0,0,0,0,0,0,0,0,0,0,0,0,0,0,0,0,0,0,0,0,0,0,0,0,0,0,0,0,0,0,0,0,0,0,0,0,0,0,0,0
0,0,0,0,0,0,0,0,0,0,0,0,0,0,0,0,0,0,0,0,0,0,0,0,0,0,0,0,0,0,0,0,0,0,0,0,0,0,0,0,0,0,0,0,0,4.16314157236848e-06,9.614476918699e-06,2.33097091368793e-05,4.41622333584142e-05,7.64678181793991e-05,0.000131219300732153,0.000186395353605084,0.000241983604758415,0.000293908935138018,0.000313020904211882,0.000304682415946748,0.000261928083318163,0.000214525041401441,0.000164390501752237,0.000131554908074424,0.000130698600338574,0.000165362580700271,0.000259482833142079,0.000380006741576989,0.000526291041785786,0.000716078183764776,0.000857700842072754,0.000950245999943668,0.000990124264586692,0.000964976827668485,0.00091608837987886,0.000874471270639211,0.00088557764630311,0.000944855646065228,0.00105165229377764,0.00112766969795625,0.00115127165972908,0.00108437217133143,0.000945407064898203,0.000767777493103137,0.000536486765401165,0.000363321475150643,0.000226395290455339,0.000114898958702954,5.95032365453197e-05,2.36360933853332e-05,8.94213991337237e-06,0,0,0,0,0,0,0,0,0,0,0,0,0,0,0,0,0,0,0,0,0,0,0,0,0,0,0,0,0,0,0,0,0,0,0,0,0,0,0,0,0,0,0,0,0,0,0,0,0,0,0,0,0,0,0,0,0,0,0,0,0,0,0
0,0,0,0,0,0,0,0,0,0,0,0,0,0,0,0,0,0,0,0,0,0,0,0,0,0,0,0,0,0,0,0,0,0,0,0,0,0,0,0,0,0,0,0,0,3.06016848507168e-06,7.06723966879492e-06,1.71340887781252e-05,3.24619935220975e-05,5.6208611512978e-05,9.64543630701532e-05,0.000137012200270086,0.000177873028892567,0.000216041382488621,0.000230089870735017,0.000223960562240811,0.000192533463489559,0.000156922281635826,0.000119159063888826,9.3476854906515e-05,9.05630375765907e-05,0.000113093010247199,0.000178575999889439,0.000265056990272584,0.000372556742918632,0.000515839030948008,0.00062629455752118,0.000702204048674629,0.000740170442474721,0.000726627294746928,0.000692496488893478,0.000660040887579522,0.000664066381389965,0.000701992121174737,0.000772694226586798,0.000822003695776089,0.000833707265053638,0.000779661957904668,0.000675785432035332,0.000546224921719891,0.00037960404160077,0.000255980036994886,0.000158872824191727,8.02787442063834e-05,4.14383589539805e-05,1.61089484905645e-05,6.09442808130561e-06,0,0,0,0,0,0,0,0,0,0,0,0,0,0,0,0,0,0,0,0,0,0,0,0,0,0,0,0,0,0,0,0,0,0,0,0,0,0,0,0,0,0,0,0,0,0,0,0,0,0,0,0,0,0,0,0,0,0,0,0,0,0,0
0,0,0,0,0,0,0,0,0,0,0,0,0,0,0,0,0,0,0,0,0,0,0,0,0,0,0,0,0,0,0,0,0,0,0,0,0,0,0,0,0,0,0,0,0,2.17770152646521e-06,5.02924551040518e-06,1.21930970365639e-05,2.31008629720986e-05,3.99996208344179e-05,6.86396238366536e-05,9.7501715715347e-05,0.000126579424768914,0.000153741093250329,0.000163738390604364,0.00015937660316386,0.000137012200270086,0.000109406464083572,7.98436202613077e-05,5.57126295830846e-05,4.52584294593117e-05,4.94398935627004e-05,7.82533026203937e-05,0.00012450024566753,0.000188723786164329,0.000284486129162054,0.000367234563937483,0.000433090614173068,0.000480197992081617,0.000487968182869389,0.000478188631887611,0.000466441235768445,0.000473657171218102,0.000501303291122271,0.000549201285602127,0.00058094349309145,0.000586237945740319,0.000544317537365121,0.000469011022320661,0.000377278258477203,0.000260733801348713,0.000175045226761662,0.000108189380632427,5.44173231940259e-05,2.79917052141959e-05,1.06288810611234e-05,4.0211781203292e-06,0,0,0,0,0,0,0,0,0,0,0,0,0,0,0,0,0,0,0,0,0,0,0,0,0,0,0,0,0,0,0,0,0,0,0,0,0,0,0,0,0,0,0,0,0,0,0,0,0,0,0,0,0,0,0,0,0,0,0,0,0,0,0
0,0,0,0,0,0,0,0,0,0,0,0,0,0,0,0,0,0,0,0,0,0,0,0,0,0,0,0,0,0,0,0,0,0,0,0,0,0,0,0,0,0,0,0,0,1.5003073317119e-06,3.46485219417905e-06,8.40032146642466e-06,1.59151259549182e-05,2.75573689388843e-05,4.72886342028854e-05,6.71729055448966e-05,8.72057243459489e-05,0.000105918504710456,0.000112806050287883,0.000109801037159671,9.43932885664317e-05,7.53745718623297e-05,5.50075239479218e-05,3.87115389772363e-05,3.19262567607561e-05,3.56073721894787e-05,5.72049247859334e-05,9.13735349286758e-05,0.000138723743299203,0.00020911503290686,0.000269834946361979,0.000318105308526268,0.000351998446846615,0.000356691342088928,0.000347742983162733,0.000335665759373377,0.000336857213103454,0.000352117540823776,0.000380811325379447,0.000399410722073166,0.00040025683473265,0.000368987825098963,0.00031604592336453,0.000253003500409739,0.000173856602428054,0.000116188850382571,7.1502190432611e-05,3.57912709090927e-05,1.83431340153432e-05,6.78948386339848e-06,2.56863575787727e-06,0,0,0,0,0,0,0,0,0,0,0,0,0,0,0,0,0,0,0,0,0,0,0,0,0,0,0,0,0,0,0,0,0,0,0,0,0,0,0,0,0,0,0,0,0,0,0,0,0,0,0,0,0,0,0,0,0,0,0,0,0,0,0
0,0,0,0,0,0,0,0,0,0,0,0,0,0,0,0,0,0,0,0,0,0,0,0,0,0,0,0,0,0,0,0,0,0,0,0,0,0,0,0,0,0,0,0,0,1.00067019941279e-06,2.31097606656953e-06,5.60281962186191e-06,1.06150199538223e-05,1.83801260505074e-05,3.15404224304934e-05,4.48027703164327e-05,5.81641959128642e-05,7.06451864826781e-05,7.52390196665529e-05,7.32347455937099e-05,6.29581345744823e-05,5.02730915605596e-05,3.6688742896006e-05,2.60537090924393e-05,2.18248621694158e-05,2.4849621150615e-05,4.04977744902851e-05,6.49293177000988e-05,9.87196976288599e-05,0.000148812109068375,0.000191949523768228,0.000226205032687222,0.000249846156037671,0.000252518573933474,0.000245004748666643,0.000234183876087464,0.000232389929912129,0.000240020436149192,0.000256318591595698,0.000266593325664906,0.000265326863200249,0.00024286994756168,0.000206781469206996,0.000164732473505594,0.000112548360607522,7.48660334902898e-05,4.5866679117557e-05,2.2843879271309e-05,1.16623768114246e-05,4.19869987776296e-06,1.58847577512593e-06,0,0,0,0,0,0,0,0,0,0,0,0,0,0,0,0,0,0,0,0,0,0,0,0,0,0,0,0,0,0,0,0,0,0,0,0,0,0,0,0,0,0,0,0,0,0,0,0,0,0,0,0,0,0,0,0,0,0,0,0,0,0,0
0,0,0,0,0,0,0,0,0,0,0,0,0,0,0,0,0,0,0,0,0,0,0,0,0,0,0,0,0,0,0,0,0,0,0,0,0,0,0,0,0,0,0,0,0,6.46145851045656e-07,1.49222750728058e-06,3.61781399600755e-06,6.85425738265615e-06,1.18682880695365e-05,2.03660637697114e-05,2.89297354635945e-05,3.75573829325166e-05,4.56165219758874e-05,4.85828202167047e-05,4.72886342028853e-05,4.06528919005958e-05,3.24619935220975e-05,2.36904017090209e-05,1.69844403416322e-05,1.44582816364805e-05,1.68037876780379e-05,2.77644182046098e-05,4.46713385112245e-05,6.80120229227964e-05,0.000102522726631501,0.000132193443909354,0.000155730076218202,0.00017171482183896,0.000173131701424255,0.000167230607240847,0.000158377568259474,0.000155494321303076,0.000158751827293718,0.000167451167741475,0.000172734290395069,0.000170752985343046,0.00015520965082046,0.000131359453579742,0.000104142044763153,7.07394440187561e-05,4.68319400213974e-05,2.85599782494671e-05,1.41501904682426e-05,7.19483200214345e-06,2.51374814573206e-06,9.51015350111316e-07,0,0,0,0,0,0,0,0,0,0,0,0,0,0,0,0,0,0,0,0,0,0,0,0,0,0,0,0,0,0,0,0,0,0,0,0,0,0,0,0,0,0,0,0,0,0,0,0,0,0,0,0,0,0,0,0,0,0,0,0,0,0,0
0,0,0,0,0,0,0,0,0,0,0,0,0,0,0,0,0,0,0,0,0,0,0,0,0,0,0,0,0,0,0,0,0,0,0,0,0,0,0,0,0,0,0,0,0,4.03923399146892e-07,9.3283212461373e-07,2.26159422734622e-06,4.2847832825201e-06,7.4191906538497e-06,1.27313820738639e-05,1.80847668772693e-05,2.34781446829899e-05,2.85161323622851e-05,3.03704463169061e-05,2.95614153326719e-05,2.54132317882507e-05,2.02928777540096e-05,1.48095164117782e-05,1.07249664953846e-05,9.28216793692302e-06,1.10101158191578e-05,1.84331125992431e-05,2.97565425031109e-05,4.53624421490802e-05,6.83802812491934e-05,8.81387054196075e-05,0.000103796165602588,0.000113720493413428,0.000113704516586972,0.000107982289762392,9.82969583795791e-05,9.15092081645257e-05,8.72771559462126e-05,8.41700474287422e-05,8.05884627896965e-05,7.39943482946988e-05,6.14307122069549e-05,4.76849621110179e-05,3.47999548185624e-05,2.1174890905078e-05,1.26773392474715e-05,6.93663015717835e-06,2.98743777462233e-06,1.34100064926257e-06,0,0,0,0,0,0,0,0,0,0,0,0,0,0,0,0,0,0,0,0,0,0,0,0,0,0,0,0,0,0,0,0,0,0,0,0,0,0,0,0,0,0,0,0,0,0,0,0,0,0,0,0,0,0,0,0,0,0,0,0,0,0,0,0,0
0,0,0,0,0,0,0,0,0,0,0,0,0,0,0,0,0,0,0,0,0,0,0,0,0,0,0,0,0,0,0,0,0,0,0,0,0,0,0,0,0,0,0,0,0,2.44453535967186e-07,5.64547911329797e-07,1.36871175813389e-06,2.59314124033754e-06,4.4900775572269e-06,7.70500389994359e-06,1.09448603859739e-05,1.42089205473806e-05,1.72578994007076e-05,1.83801260505074e-05,1.78905023118957e-05,1.53800309269342e-05,1.22812041401778e-05,8.96268614412884e-06,6.56015888235682e-06,5.77503772068136e-06,6.98977623268764e-06,1.18509934878434e-05,1.91910679280061e-05,2.92911228945628e-05,4.41540430088046e-05,5.68927771095143e-05,6.69774191091269e-05,7.33214109057772e-05,7.321322610244e-05,6.9366687643429e-05,6.28557740469747e-05,5.82138738925195e-05,5.52202868061533e-05,5.29702819958051e-05,5.05679065860806e-05,4.63491360189417e-05,3.84372930631342e-05,2.98091707203613e-05,2.17544011429066e-05,1.32370019819865e-05,7.92495061709398e-06,4.33627675110513e-06,1.86752885391508e-06,8.38296090010879e-07,0,0,0,0,0,0,0,0,0,0,0,0,0,0,0,0,0,0,0,0,0,0,0,0,0,0,0,0,0,0,0,0,0,0,0,0,0,0,0,0,0,0,0,0,0,0,0,0,0,0,0,0,0,0,0,0,0,0,0,0,0,0,0,0,0
0,0,0,0,0,0,0,0,0,0,0,0,0,0,0,0,0,0,0,0,0,0,0,0,0,0,0,0,0,0,0,0,0,0,0,0,0,0,0,0,0,0,0,0,0,0,0,0,0,0,0,0,0,0,0,0,0,0,0,6.917604853152e-07,1.56907221250931e-06,3.25269699633131e-06,6.92739954838055e-06,1.17809579769142e-05,1.83106800194638e-05,2.7601896861726e-05,3.55534020491141e-05,4.18421028591957e-05,4.5769005133817e-05,4.564214615133e-05,4.31458089282053e-05,3.89201425752541e-05,3.58616415602716e-05,3.38323752002084e-05,3.227834660215e-05,3.07222703728465e-05,2.8108686520374e-05,2.32842174617454e-05,1.80404433173029e-05,1.31657148198492e-05,8.01100393523996e-06,4.79616235356903e-06,2.62430497212781e-06,1.13022427723794e-06,5.07334915044381e-07,0,0,0,0,0,0,0,0,0,0,0,0,0,0,0,0,0,0,0,0,0,0,0,0,0,0,0,0,0,0,0,0,0,0,0,0,0,0,0,0,0,0,0,0,0,0,0,0,0,0,0,0,0,0,0,0,0,0,0,0,0,0,0,0,0
0,0,0,0,0,0,0,0,0,0,0,0,0,0,0,0,0,0,0,0,0,0,0,0,0,0,0,0,0,0,0,0,0,0,0,0,0,0,0,0,0,0,0,0,0,0,0,0,0,0,0,0,0,0,0,0,0,0,0,4.18651895470362e-07,9.49598986703586e-07,1.96852493285212e-06,4.19244668230592e-06,7.12980936637987e-06,1.10815825133563e-05,1.67046061245804e-05,2.12995191477095e-05,2.48208617022951e-05,2.64825095270053e-05,2.53172124204381e-05,2.21200513313227e-05,1.67046061245804e-05,1.197336377521e-05,7.84349477561498e-06,4.19244668230592e-06,2.25304919656195e-06,1.1065914191844e-06,4.18651895470362e-07,0,0,0,0,0,0,0,0,0,0,0,0,0,0,0,0,0,0,0,0,0,0,0,0,0,0,0,0,0,0,0,0,0,0,0,0,0,0,0,0,0,0,0,0,0,0,0,0,0,0,0,0,0,0,0,0,0,0,0,0,0,0,0,0,0,0,0,0,0,0,0,0
0,0,0,0,0,0,0,0,0,0,0,0,0,0,0,0,0,0,0,0,0,0,0,0,0,0,0,0,0,0,0,0,0,0,0,0,0,0,0,0,0,0,0,0,0,0,0,0,0,0,0,0,0,0,0,0,0,0,0,0,0,0,0,0,0,0,0,0,0,0,0,0,0,0,0,0,0,0,0,0,0,0,0,0,0,0,0,0,0,0,0,0,0,0,0,0,0,0,0,0,0,0,0,0,0,0,0,0,0,0,0,0,0,0,0,0,0,0,0,0,0,0,0,0,0,0,0,0,0,0,0,0,0,0,0,0,0,0,0,0,0,0,0,0,0,0,0,0,0,0
0,0,0,0,0,0,0,0,0,0,0,0,0,0,0,0,0,0,0,0,0,0,0,0,0,0,0,0,0,0,0,0,0,0,0,0,0,0,0,0,0,0,0,0,0,0,0,0,0,0,0,0,0,0,0,0,0,0,0,0,0,0,0,0,0,0,0,0,0,0,0,0,0,0,0,0,0,0,0,0,0,0,0,0,0,0,0,0,0,0,0,0,0,0,0,0,0,0,0,0,0,0,0,0,0,0,0,0,0,0,0,0,0,0,0,0,0,0,0,0,0,0,0,0,0,0,0,0,0,0,0,0,0,0,0,0,0,0,0,0,0,0,0,0,0,0,0,0,0,0
0,0,0,0,0,0,0,0,0,0,0,0,0,0,0,0,0,0,0,0,0,0,0,0,0,0,0,0,0,0,0,0,0,0,0,0,0,0,0,0,0,0,0,0,0,0,0,0,0,0,0,0,0,0,0,0,0,0,0,0,0,0,0,0,0,0,0,0,0,0,0,0,0,0,0,0,0,0,0,0,0,0,0,0,0,0,0,0,0,0,0,0,0,0,0,0,0,0,0,0,0,0,0,0,0,0,0,0,0,0,0,0,0,0,0,0,0,0,0,0,0,0,0,0,0,0,0,0,0,0,0,0,0,0,0,0,0,0,0,0,0,0,0,0,0,0,0,0,0,0
0,0,0,0,0,0,0,0,0,0,0,0,0,0,0,0,0,0,0,0,0,0,0,0,0,0,0,0,0,0,0,0,0,0,0,0,0,0,0,0,0,0,0,0,0,0,0,0,0,0,0,0,0,0,0,0,0,0,0,0,0,0,0,0,0,0,0,0,0,0,0,0,0,0,0,0,0,0,0,0,0,0,0,0,0,0,0,0,0,0,0,0,0,0,0,0,0,0,0,0,0,0,0,0,0,0,0,0,0,0,0,0,0,0,0,0,0,0,0,0,0,0,0,0,0,0,0,0,0,0,0,0,0,0,0,0,0,0,0,0,0,0,0,0,0,0,0,0,0,0
0,0,0,0,0,0,0,0,0,0,0,0,0,0,0,0,0,0,0,0,0,0,0,0,0,0,0,0,0,0,0,0,0,0,0,0,0,0,0,0,0,0,0,0,0,0,0,0,0,0,0,0,0,0,0,0,0,0,0,0,0,0,0,0,0,0,0,0,0,0,0,0,0,0,0,0,0,0,0,0,0,0,0,0,0,0,0,0,0,0,0,0,0,0,0,0,0,0,0,0,0,0,0,0,0,0,0,0,0,0,0,0,0,0,0,0,0,0,0,0,0,0,0,0,0,0,0,0,0,0,0,0,0,0,0,0,0,0,0,0,0,0,0,0,0,0,0,0,0,0
0,0,0,0,0,0,0,0,0,0,0,0,0,0,0,0,0,0,0,0,0,0,0,0,0,0,0,0,0,0,0,0,0,0,0,0,0,0,0,0,0,0,0,0,0,0,0,0,0,0,0,0,0,0,0,0,0,0,0,0,0,0,0,0,0,0,0,0,0,0,0,0,0,0,0,0,0,0,0,0,0,0,0,0,0,0,0,0,0,0,0,0,0,0,0,0,0,0,0,0,0,0,0,0,0,0,0,0,0,0,0,0,0,0,0,0,0,0,0,0,0,0,0,0,0,0,0,0,0,0,0,0,0,0,0,0,0,0,0,0,0,0,0,0,0,0,0,0,0,0
0,0,0,0,0,0,0,0,0,0,0,0,0,0,0,0,0,0,0,0,0,0,0,0,0,0,0,0,0,0,0,0,0,0,0,0,0,0,0,0,0,0,0,0,0,0,0,0,0,0,0,0,0,0,0,0,0,0,0,0,0,0,0,0,0,0,0,0,0,0,0,0,0,0,0,0,0,0,0,0,0,0,0,0,0,0,0,0,0,0,0,0,0,0,0,0,0,0,0,0,0,0,0,0,0,0,0,0,0,0,0,0,0,0,0,0,0,0,0,0,0,0,0,0,0,0,0,0,0,0,0,0,0,0,0,0,0,0,0,0,0,0,0,0,0,0,0,0,0,0
0,0,0,0,0,0,0,0,0,0,0,0,0,0,0,0,0,0,0,0,0,0,0,0,0,0,0,0,0,0,0,0,0,0,0,0,0,0,0,0,0,0,0,0,0,0,0,0,0,0,0,0,0,0,0,0,0,0,0,0,0,0,0,0,0,0,0,0,0,0,0,0,0,0,0,0,0,0,0,0,0,0,0,0,0,0,0,0,0,0,0,0,0,0,0,0,0,0,0,0,0,0,0,0,0,0,0,0,0,0,0,0,0,0,0,0,0,0,0,0,0,0,0,0,0,0,0,0,0,0,0,0,0,0,0,0,0,0,0,0,0,0,0,0,0,0,0,0,0,0
0,0,0,0,0,0,0,0,0,0,0,0,0,0,0,0,0,0,0,0,0,0,0,0,0,0,0,0,0,0,0,0,0,0,0,0,0,0,0,0,0,0,0,0,0,0,0,0,0,0,0,0,0,0,0,0,0,0,0,0,0,0,0,0,0,0,0,0,0,0,0,0,0,0,0,0,0,0,0,0,0,0,0,0,0,0,0,0,0,0,0,0,0,0,0,0,0,0,0,0,0,0,0,0,0,0,0,0,0,0,0,0,0,0,0,0,0,0,0,0,0,0,0,0,0,0,0,0,0,0,0,0,0,0,0,0,0,0,0,0,0,0,0,0,0,0,0,0,0,0
0,0,0,0,0,0,0,0,0,0,0,0,0,0,0,0,0,0,0,0,0,0,0,0,0,0,0,0,0,0,0,0,0,0,0,0,0,0,0,0,0,0,0,0,0,0,0,0,0,0,0,0,0,0,0,0,0,0,0,0,0,0,0,0,0,0,0,0,0,0,0,0,0,0,0,0,0,0,0,0,0,0,0,0,0,0,0,0,0,0,0,0,0,0,0,0,0,0,0,0,0,0,0,0,0,0,0,0,0,0,0,0,0,0,0,0,0,0,0,0,0,0,0,0,0,0,0,0,0,0,0,0,0,0,0,0,0,0,0,0,0,0,0,0,0,0,0,0,0,0
0,0,0,0,0,0,0,0,0,0,0,0,0,0,0,0,0,0,0,0,0,0,0,0,0,0,0,0,0,0,0,0,0,0,0,0,0,0,0,0,0,0,0,0,0,0,0,0,0,0,0,0,0,0,0,0,0,0,0,0,0,0,0,0,0,0,0,0,0,0,0,0,0,0,0,0,0,0,0,0,0,0,0,0,0,0,0,0,0,0,0,0,0,0,0,0,0,0,0,0,0,0,0,0,0,0,0,0,0,0,0,0,0,0,0,0,0,0,0,0,0,0,0,0,0,0,0,0,0,0,0,0,0,0,0,0,0,0,0,0,0,0,0,0,0,0,0,0,0,0
0,0,0,0,0,0,0,0,0,0,0,0,0,0,0,0,0,0,0,0,0,0,0,0,0,0,0,0,0,0,0,0,0,0,0,0,0,0,0,0,0,0,0,0,0,0,0,0,0,0,0,0,0,0,0,0,0,0,0,0,0,0,0,0,0,0,0,0,0,0,0,0,0,0,0,0,0,0,0,0,0,0,0,0,0,0,0,0,0,0,0,0,0,0,0,0,0,0,0,0,0,0,0,0,0,0,0,0,0,0,0,0,0,0,0,0,0,0,0,0,0,0,0,0,0,0,0,0,0,0,0,0,0,0,0,0,0,0,0,0,0,0,0,0,0,0,0,0,0,0
0,0,0,0,0,0,0,0,0,0,0,0,0,0,0,0,0,0,0,0,0,0,0,0,0,0,0,0,0,0,0,0,0,0,0,0,0,0,0,0,0,0,0,0,0,0,0,0,0,0,0,0,0,0,0,0,0,0,0,0,0,0,0,0,0,0,0,0,0,0,0,0,0,0,0,0,0,0,0,0,0,0,0,0,0,0,0,0,0,0,0,0,0,0,0,0,0,0,0,0,0,0,0,0,0,0,0,0,0,0,0,0,0,0,0,0,0,0,0,0,0,0,0,0,0,0,0,0,0,0,0,0,0,0,0,0,0,0,0,0,0,0,0,0,0,0,0,0,0,0
0,0,0,0,0,0,0,0,0,0,0,0,0,0,0,0,0,0,0,0,0,0,0,0,0,0,0,0,0,0,0,0,0,0,0,0,0,0,0,0,0,0,0,0,0,0,0,0,0,0,0,0,0,0,0,0,0,0,0,0,0,0,0,0,0,0,0,0,0,0,0,0,0,0,0,0,0,0,0,0,0,0,0,0,0,0,0,0,0,0,0,0,0,0,0,0,0,0,0,0,0,0,0,0,0,0,0,0,0,0,0,0,0,0,0,0,0,0,0,0,0,0,0,0,0,0,0,0,0,0,0,0,0,0,0,0,0,0,0,0,0,0,0,0,0,0,0,0,0,0
0,0,0,0,0,0,0,0,0,0,0,0,0,0,0,0,0,0,0,0,0,0,0,0,0,0,0,0,0,0,0,0,0,0,0,0,0,0,0,0,0,0,0,0,0,0,0,0,0,0,0,0,0,0,0,0,0,0,0,0,0,0,0,0,0,0,0,0,0,0,0,0,0,0,0,0,0,0,0,0,0,0,0,0,0,0,0,0,0,0,0,0,0,0,0,0,0,0,0,0,0,0,0,0,0,0,0,0,0,0,0,0,0,0,0,0,0,0,0,0,0,0,0,0,0,0,0,0,0,0,0,0,0,0,0,0,0,0,0,0,0,0,0,0,0,0,0,0,0,0
