"V1","V2","V3","V4","V5","V6","V7","V8","V9","V10","V11","V12","V13","V14","V15","V16","V17","V18","V19","V20","V21","V22","V23","V24","V25","V26","V27","V28","V29","V30","V31","V32","V33","V34","V35","V36","V37","V38","V39","V40","V41","V42","V43","V44","V45","V46","V47","V48","V49","V50","V51","V52","V53","V54","V55","V56","V57","V58","V59","V60","V61","V62","V63","V64","V65","V66","V67","V68","V69","V70","V71","V72","V73","V74","V75","V76","V77","V78","V79","V80","V81","V82","V83","V84","V85","V86","V87","V88","V89","V90","V91","V92","V93","V94","V95","V96","V97","V98","V99","V100","V101","V102","V103","V104","V105","V106","V107","V108","V109","V110","V111","V112","V113","V114","V115","V116","V117","V118","V119","V120","V121","V122","V123","V124","V125","V126","V127","V128","V129","V130","V131","V132","V133","V134","V135","V136","V137","V138","V139","V140","V141","V142","V143","V144","V145","V146","V147","V148","V149","V150"
0,0,0,0,0,0,0,0,0,0,0,0,0,0,0,0,0,0,0,0,0,0,0,0,0,0,0,0,0,0,0,0,0,0,0,0,0,0,0,0,0,0,0,0,0,1.18354340309812e-07,1.79456530520224e-07,2.87071986628144e-07,4.14255531305932e-07,5.84486105363702e-07,8.57595899378411e-07,1.15157172863463e-06,1.5119160138432e-06,2.03475970291077e-06,2.54244884763674e-06,3.1061304705438e-06,3.8342648817724e-06,4.45812257373041e-06,5.06815947906783e-06,6.19391734594974e-06,6.90069474639841e-06,7.59605951840316e-06,8.42592985311177e-06,9.13652886134428e-06,9.89728837566168e-06,1.09316561652089e-05,1.19435336438641e-05,1.31303823485646e-05,1.48161531357697e-05,1.6438582820645e-05,1.82288921268738e-05,2.05147667353211e-05,2.24312382941436e-05,2.42417718774876e-05,2.61056305601935e-05,2.7264789174785e-05,2.79598803866692e-05,2.80860062161232e-05,2.75673307393488e-05,2.64962581445561e-05,2.45609934482047e-05,2.25116683647565e-05,2.0121320286281e-05,1.71623160707952e-05,1.46645126873582e-05,1.22516549949507e-05,9.58557240738278e-06,7.62189774560524e-06,5.92575453592617e-06,4.25276289164886e-06,3.14680513171433e-06,2.27669100918428e-06,1.49877405153014e-06,1.03202149585003e-06,6.94827456600152e-07,4.19579192184889e-07,8.01886166936583e-08,0,0,0,0,0,0,0,1.0496105539611e-07,3.61623974422983e-07,5.46105763389361e-07,8.69824798900229e-07,1.25122668765144e-06,1.76051787218255e-06,2.57591859883389e-06,3.45232839128838e-06,4.52571816010363e-06,6.08271568856683e-06,7.59515472938402e-06,9.27609627936768e-06,1.14517233300163e-05,1.33213742040172e-05,1.51568806515101e-05,1.71863867735449e-05,1.86242538231705e-05,1.97400449744866e-05,2.05571369493687e-05,2.07514206049853e-05,2.04880085952527e-05,1.95939659757298e-05,1.84234773579016e-05,1.69425564483338e-05,1.4879095919718e-05,1.30305266882514e-05,1.116083389812e-05,8.99985172264958e-06,7.34055010316593e-06,5.85547642739196e-06,4.33518872742233e-06,3.29291698723806e-06,2.44616172077713e-06,1.66266345820935e-06,1.17605819414106e-06,8.13535181281494e-07,5.07616988727917e-07,2.87074102662792e-07,1.85952335452325e-07,0,0,0,0,0,0,0
0,0,0,0,0,0,0,0,0,0,0,0,0,0,0,0,0,0,0,0,0,0,0,0,0,0,0,0,0,0,0,0,0,0,0,0,0,0,0,0,0,0,0,0,0,1.53581751573659e-07,2.32870617304625e-07,3.72517124582587e-07,5.37556036648087e-07,7.58454650646903e-07,1.11285382542075e-06,1.49432967716648e-06,1.96192813064966e-06,2.64039289464591e-06,3.2991924612511e-06,4.03065030850314e-06,4.97550926310348e-06,5.78505420089625e-06,6.5766646834611e-06,8.49461327434345e-06,9.64775646732014e-06,1.08845479084363e-05,1.25338570575288e-05,1.41134695908503e-05,1.59575033273808e-05,1.86332832512255e-05,2.13381967143303e-05,2.45351236498573e-05,2.90464149581905e-05,3.33290922817708e-05,3.79862568189173e-05,4.38410050565625e-05,4.86844181687465e-05,5.32176830181222e-05,5.78578750140324e-05,6.07499157917389e-05,6.26537558702024e-05,6.31879535871189e-05,6.22048873548928e-05,5.9979344401864e-05,5.58778001629256e-05,5.15281927774857e-05,4.65370714466937e-05,4.03493711870761e-05,3.5224390913956e-05,3.03809970091968e-05,2.51881631917369e-05,2.15041623488927e-05,1.84494824879958e-05,1.5586661510337e-05,1.37937461434466e-05,1.24390342278916e-05,1.12399189115732e-05,1.0471672185085e-05,9.81402013456308e-06,9.06950322649111e-06,7.93918642521282e-06,7.37305090954265e-06,6.654089205777e-06,5.95947019604523e-06,5.2186126141857e-06,4.31989710568986e-06,3.72524192007414e-06,3.12409829260842e-06,2.67034205651759e-06,2.64055287323294e-06,2.64755813822097e-06,2.96890043473985e-06,3.53352244781054e-06,4.39948377847026e-06,5.87228602435884e-06,7.48142894769355e-06,9.442080755807e-06,1.21598432420402e-05,1.48380459415021e-05,1.77253701639569e-05,2.1333785338916e-05,2.43200270157269e-05,2.71401962426655e-05,3.01005778309127e-05,3.20517983714902e-05,3.34084100697034e-05,3.41352980895351e-05,3.39443401356544e-05,3.30386440228288e-05,3.10901939199083e-05,2.88639642147991e-05,2.62264718349956e-05,2.27217543534211e-05,1.96884873350723e-05,1.66952036331039e-05,1.3311645761689e-05,1.07622569616533e-05,8.51414352259711e-06,6.24531959580802e-06,4.70967915864556e-06,3.47498128457524e-06,2.34412423954574e-06,1.64836025710764e-06,1.05370174721664e-06,6.57450404543178e-07,3.71515423404903e-07,2.40649226098426e-07,0,0,0,0,0,0,0
0,0,0,0,0,0,0,0,0,0,1.02359690486837e-07,1.71896574948552e-07,2.58305498597712e-07,3.79514569542988e-07,5.84579618182325e-07,8.17411784039021e-07,1.11754879226467e-06,1.57891469408312e-06,2.05440795880361e-06,2.61362385503593e-06,3.386976747304e-06,4.1008230953875e-06,4.85465339834271e-06,5.77037868606819e-06,6.50120606749059e-06,7.161630715014e-06,7.80791301486281e-06,8.18569164298641e-06,8.39081544740772e-06,8.39081544740772e-06,8.18569164298641e-06,7.80791301486282e-06,7.161630715014e-06,6.50120606749059e-06,5.77037868606819e-06,4.85465339834271e-06,4.1008230953875e-06,3.386976747304e-06,2.61362385503593e-06,2.05440795880361e-06,1.57891469408312e-06,1.11754879226467e-06,8.17411784039021e-07,5.84579618182325e-07,3.79514569542988e-07,4.5599211053425e-07,4.71641843398903e-07,5.8185447090516e-07,6.91928764466703e-07,9.76263967936233e-07,1.43243777384927e-06,1.9234640051203e-06,2.52534510797725e-06,3.39864808270219e-06,4.24663850430497e-06,5.18815285816553e-06,6.4043518113547e-06,7.60670990680217e-06,8.86832878876814e-06,1.16006236215045e-05,1.34030429395147e-05,1.54326606507266e-05,1.82799988148483e-05,2.11179164357142e-05,2.45077284284749e-05,2.94779579531853e-05,3.44952931240253e-05,4.03755116036277e-05,4.85590538445523e-05,5.62033994433256e-05,6.438489341912e-05,7.44819312252003e-05,8.2670789753423e-05,9.01798678454903e-05,9.76501930392292e-05,0.000102101781679569,0.000104758760405758,0.000104984150502926,0.000102773338684486,9.85179820560578e-05,9.11063959643388e-05,8.34680314296315e-05,7.48830222797067e-05,6.43138755314318e-05,5.56429922239933e-05,4.74968415635231e-05,3.87973815767218e-05,3.26356017740274e-05,2.75235086351828e-05,2.27206322973425e-05,1.97026128999105e-05,1.74190998844352e-05,1.54099612454611e-05,1.41506927426831e-05,1.31133838290918e-05,1.17910564021523e-05,1.03289928212047e-05,9.59345968847589e-06,8.65798125393709e-06,7.75417636360518e-06,6.79020806423101e-06,5.6208426132202e-06,4.84710584919433e-06,4.0649266362972e-06,3.4730872717775e-06,3.42900874166343e-06,3.434630779563e-06,3.84658111421114e-06,4.57393541301009e-06,5.69087732697488e-06,7.59142598113926e-06,9.66809443104282e-06,1.21981796258822e-05,1.57037242472948e-05,1.91584883454194e-05,2.28818132782187e-05,2.7533220176111e-05,3.13809449763868e-05,3.5012984197437e-05,3.88230744264639e-05,4.13318701778703e-05,4.30732628615524e-05,4.40008734052064e-05,4.37470222230858e-05,4.2572477930457e-05,4.00537946267786e-05,3.7179757986897e-05,3.37771523297696e-05,2.92581667313481e-05,2.53486703973921e-05,2.14918808702685e-05,1.7133469221236e-05,1.38503828557342e-05,1.0955860323349e-05,8.03525396547058e-06,6.05882138807734e-06,4.46995643690812e-06,3.01494188641032e-06,2.11986836824044e-06,1.35376387086412e-06,8.44643896847814e-07,4.76916002437927e-07,3.08922482541346e-07,0,0,0,0,0,0,0
0,0,0,0,0,0,0,0,0,0,1.33185512545342e-07,2.23663566492083e-07,9.1767985130239e-07,1.37962047041251e-06,2.18531386684687e-06,3.12872538139959e-06,4.38102498757062e-06,6.62645514824106e-06,8.88780555908901e-06,1.16686077604949e-05,1.57286990770012e-05,1.9708451168284e-05,2.42657795767394e-05,3.02110689892222e-05,3.54591996690343e-05,4.07891333263584e-05,4.70051988437755e-05,5.17793327265168e-05,5.59562450212863e-05,5.99139666882392e-05,6.21597012297517e-05,6.33482877632174e-05,6.33360355963197e-05,6.21623997723821e-05,6.00216398258163e-05,5.63597547024949e-05,5.25846441300938e-05,4.83375545790289e-05,4.28639183932592e-05,3.81799882044496e-05,3.35381987964731e-05,2.81901514217954e-05,2.40259368865545e-05,2.01970835136572e-05,1.61007699443535e-05,1.33760876021225e-05,1.09263010432427e-05,8.56298684458314e-06,6.97895840577454e-06,5.54952738009572e-06,4.94471553138168e-06,4.78685771200315e-06,4.93483554541672e-06,5.48931002726101e-06,6.23047244613154e-06,7.03293735164848e-06,8.44095468271474e-06,9.89435619801834e-06,1.14504279325716e-05,1.49011646402243e-05,1.71417774703374e-05,1.97463109355921e-05,2.34037194253089e-05,2.70517749050672e-05,3.14112547199848e-05,3.78048737634063e-05,4.42594963197377e-05,5.1823734103925e-05,6.23494260825859e-05,7.21797845598713e-05,8.26989102229529e-05,9.56780295526899e-05,0.000106201839028937,0.000115849765425503,0.000125444867260057,0.00013115984704647,0.000134568809741961,0.000134851442338785,0.000132005676750942,0.000126534269315652,0.000117009278767169,0.000107195764440441,9.61692145865887e-05,8.25957841593887e-05,7.14626399999053e-05,6.10053809873344e-05,4.98405670191433e-05,4.19347914117631e-05,3.53776949031831e-05,2.92194213884831e-05,2.53512054342225e-05,2.24253421614384e-05,1.98514445028382e-05,1.82377488187108e-05,1.69073479329636e-05,1.52057207982663e-05,1.33297662125124e-05,1.23818486773821e-05,1.11744685670213e-05,1.00079680813404e-05,8.76381737865049e-06,7.25456977318369e-06,6.2559423916767e-06,5.24641871959415e-06,4.48072287642473e-06,4.41705563863581e-06,4.41985700270236e-06,5.04606013385281e-06,6.02976673701096e-06,7.53653183145095e-06,1.01038417640448e-05,1.29185991833325e-05,1.6363100410101e-05,2.11727327950145e-05,2.59361298862621e-05,3.1111743076305e-05,3.76464341769771e-05,4.31223871013064e-05,4.83693028365228e-05,5.39980265946401e-05,5.78343428191084e-05,6.06551720034586e-05,6.24641938762216e-05,6.25479112840535e-05,6.1326138021476e-05,5.82473676427593e-05,5.45193303287603e-05,4.99627696079316e-05,4.37554636134621e-05,3.82737024907676e-05,3.27761133866661e-05,2.64589138638432e-05,2.16235368661461e-05,1.72995985463413e-05,1.28691025170032e-05,9.82381946883862e-06,7.3406329073354e-06,5.03054175820373e-06,3.58607004294369e-06,2.36731191352323e-06,1.50232039840732e-06,9.0244537342657e-07,5.93359477562342e-07,1.21690987633212e-07,7.84714561933196e-08,0,0,0,0,0
0,0,0,0,0,0,0,0,0,0,1.71896574948552e-07,2.88672546180108e-07,1.18643770467792e-06,1.78370536997536e-06,2.82545812937676e-06,4.04531198683056e-06,5.79973450068523e-06,8.79138959827239e-06,1.1821903220875e-05,1.55640201214706e-05,2.10560429511391e-05,2.64707541375009e-05,3.27032510262887e-05,4.08995804471702e-05,4.81969685532009e-05,5.56757733655456e-05,6.45024078136507e-05,7.13819491444743e-05,7.75061455666875e-05,8.34685713186469e-05,8.70153339996697e-05,8.91008878467696e-05,8.95728677206714e-05,8.82894861647802e-05,8.55820900668812e-05,8.06862920674431e-05,7.54867228427862e-05,6.95309911690786e-05,6.17452525356314e-05,5.50133280704039e-05,4.82970889983325e-05,4.05218779107404e-05,3.44528790211472e-05,2.88709937993054e-05,2.29085525948754e-05,1.89089565441212e-05,1.53464711420313e-05,1.19125848372323e-05,9.62009569762948e-06,7.58056486131136e-06,6.62625924914061e-06,6.3141982613045e-06,6.42082462486209e-06,6.99075136415435e-06,7.91803477858232e-06,8.92131881595591e-06,1.069954051037e-05,1.25416140034274e-05,1.4517501614704e-05,1.889957658554e-05,2.17470239440767e-05,2.5062515237649e-05,2.97227867087718e-05,3.43746462438796e-05,3.99362110073144e-05,4.8094892233859e-05,5.63319319614348e-05,6.59844185280774e-05,7.94139868429398e-05,9.19540635123269e-05,0.000105370221798884,0.000121920205647573,0.000135336209817271,0.000147632704311203,0.000159857978875685,0.000167135967690495,0.000171474558806324,0.000171825818780859,0.000168192064145263,0.000161213475053206,0.000149070593329309,0.000136563637465575,0.00012251478789467,0.00010522295099557,9.10430326802502e-05,7.77267080483103e-05,6.35128674837297e-05,5.34508931728366e-05,4.51078506555228e-05,3.72750669460882e-05,3.2356955450987e-05,2.86381549229258e-05,2.53672315544865e-05,2.33159628995581e-05,2.16233613255672e-05,1.9451198343673e-05,1.70635609422218e-05,1.58517766233826e-05,1.43060365398428e-05,1.28126323146838e-05,1.12198169331737e-05,9.28761306486627e-06,8.00912722691875e-06,6.71669148789202e-06,5.73408399148963e-06,5.64400812013695e-06,5.64195884553293e-06,6.43584601884865e-06,7.68458068241561e-06,9.59941493851982e-06,1.28635407895031e-05,1.64428532338948e-05,2.08230615783455e-05,2.69378816825757e-05,3.29950170842735e-05,3.95756576226913e-05,4.78835119716651e-05,5.48447722194757e-05,6.15144831816146e-05,6.8669241355852e-05,7.35455922060371e-05,7.71312985093993e-05,7.94313136963945e-05,7.95386008246901e-05,7.79868136876757e-05,7.4075103144644e-05,6.93378085749718e-05,6.3547109680417e-05,5.56576964034089e-05,4.86896242734906e-05,4.17006091519747e-05,3.36684846957813e-05,2.75194791420218e-05,2.20199911596997e-05,1.63839235585694e-05,1.25092073089738e-05,9.34906041123205e-06,6.40852385477011e-06,4.56938842768005e-06,3.01636651259582e-06,1.91485502869137e-06,1.15109577773137e-06,7.57073054009699e-07,1.58338467838201e-07,1.02103289523239e-07,0,0,0,0,0
0,0,0,0,0,0,0,0,0,0,2.20069408002578e-07,3.69571042142445e-07,1.52153389895537e-06,2.28754450218458e-06,3.62365516587264e-06,5.1882335987261e-06,7.44053254301156e-06,1.12806086364162e-05,1.51702159534725e-05,1.99736454168921e-05,2.70241682851272e-05,3.39764158064856e-05,4.19805354437749e-05,5.25081713000119e-05,6.18832957515226e-05,7.14938491069993e-05,8.28401681625101e-05,9.16873052352828e-05,9.95671322046958e-05,0.000107245239868335,0.000111819359780805,0.000114517652493211,0.000115147255430841,0.000113517037533211,0.000110238892252039,0.000104090173794761,9.75748507641397e-05,9.01465097161348e-05,8.051326328023e-05,7.22791312530994e-05,6.41823876740485e-05,5.50092537399145e-05,4.80530678480293e-05,4.18714857175221e-05,3.55815461194465e-05,3.17003326021641e-05,2.84573591016974e-05,2.56649847747485e-05,2.40102404113288e-05,2.25521806157312e-05,2.24545382764259e-05,2.27022679618496e-05,2.31746754532623e-05,2.38619416203495e-05,2.46447502063314e-05,2.52116689309472e-05,2.62814838506708e-05,2.74143477843159e-05,2.8594070572864e-05,3.25884566367285e-05,3.48900668820987e-05,3.7909038693788e-05,4.25863483723731e-05,4.7672121104606e-05,5.41303423196323e-05,6.40671625980191e-05,7.44257827210297e-05,8.680191628812e-05,0.000104265971700958,0.000120727908576648,0.000138447933355291,0.000160423259044969,0.00017820711111317,0.000194735772012998,0.000211271728015821,0.000221232489960847,0.000227302841683529,0.000228166369282613,0.000223661445771441,0.000214684612752654,0.000198843118737837,0.000182400350477871,0.000163848814134167,0.000140891033866071,0.000121987019374229,0.000104167884188283,8.50656965568716e-05,7.14789652051336e-05,6.01590794864325e-05,4.94688744434985e-05,4.2712944501802e-05,3.75751477018573e-05,3.30364610309725e-05,3.01920177987988e-05,2.7863785975554e-05,2.49510717293692e-05,2.18447696090008e-05,2.01653066559343e-05,1.81882312325702e-05,1.62709544687264e-05,1.42482142610069e-05,1.17944795097569e-05,1.01709111166863e-05,8.52962753443928e-06,7.2788636357004e-06,7.15373424127256e-06,7.14405958554931e-06,8.14251149214712e-06,9.71497727381434e-06,1.21289066281487e-05,1.62457469132139e-05,2.07608503655592e-05,2.62863773254299e-05,3.39983882685058e-05,4.1639053371323e-05,4.99392745539286e-05,6.04170739795243e-05,6.91958939099e-05,7.76066131728103e-05,8.66287150318866e-05,9.27777935626823e-05,9.72996633511497e-05,0.000100200972232715,0.000100337700819868,9.83828361922429e-05,9.3452893038456e-05,8.74814350360808e-05,8.01812836496298e-05,7.02341281381417e-05,6.14475003172115e-05,5.26333551827102e-05,4.25021712126469e-05,3.47449430096892e-05,2.78059744326426e-05,2.06933014886919e-05,1.58024125884253e-05,1.1812683933218e-05,8.09934239712033e-06,5.77627460570581e-06,3.8130157146603e-06,2.42140347868262e-06,1.45669752224014e-06,9.58354799540826e-07,2.04360367609218e-07,1.31780142033465e-07,0,0,0,0,0
0,0,0,9.04127947298659e-08,1.38329122592017e-07,2.23684324438298e-07,3.25702957279295e-07,4.63699072882877e-07,8.81836046799263e-07,1.2287984348924e-06,1.95818282795952e-06,2.84794722075603e-06,5.04839440632153e-06,6.90594693048579e-06,9.86742612060042e-06,1.30718471366468e-05,1.72847812107701e-05,2.39205510896942e-05,3.03906538248107e-05,3.80265245108211e-05,4.87452774857742e-05,5.89039448478526e-05,7.02026741194153e-05,8.45896833086306e-05,9.70036601544253e-05,0.000109583901845311,0.000123863322889248,0.00013466829959678,0.000143999789712442,0.000152706740050377,0.000157540829874233,0.000159983674827033,0.00015969908165385,0.000156881955860312,0.000152169563127373,0.000143982690440993,0.00013562719211557,0.000126295476345151,0.000114357165636578,0.000104276202704968,9.43325699995177e-05,8.29615934403249e-05,7.42727272013377e-05,6.64135924238492e-05,5.81691262461571e-05,5.28294373550497e-05,4.80683410099808e-05,4.37696068218598e-05,4.09684913473545e-05,3.84024541864178e-05,3.74672313035892e-05,3.71762186091139e-05,3.72513666456453e-05,3.76006793681059e-05,3.82366403624222e-05,3.86443039898866e-05,3.96591865186643e-05,4.08052114411256e-05,4.1985478231935e-05,4.65710078066739e-05,4.90551457384225e-05,5.2399488537354e-05,5.75896440897234e-05,6.35105137637949e-05,7.11407355542185e-05,8.3053977980199e-05,9.56202323115707e-05,0.000110760113097569,0.000132272652716037,0.000152653247218469,0.0001746645161309,0.000202033028110792,0.000224215594963174,0.000244863236972845,0.000265533266913777,0.000277984730604346,0.00028556736854118,0.000286585985400282,0.000280921099138275,0.000269642169138183,0.000249737365070133,0.000229088968655532,0.000205795313577016,0.00017696696142692,0.000153230517743207,0.000130857705071337,0.000106875856186181,8.98199817289997e-05,7.56111612880072e-05,6.21943625481711e-05,5.37163751572807e-05,4.72695433402954e-05,4.15744343094623e-05,3.80044580263947e-05,3.50809649065437e-05,3.14154955533582e-05,2.75211537214138e-05,2.54029625350303e-05,2.29119633298579e-05,2.04960376858379e-05,1.79480519726602e-05,1.48571552444239e-05,1.2811994400672e-05,1.07445182597031e-05,9.16529977300082e-06,8.99431962471044e-06,8.97332931250119e-06,1.02190523347963e-05,1.21833127741001e-05,1.52020544443021e-05,2.03527982004692e-05,2.60027603188664e-05,3.29173026994274e-05,4.25658979913371e-05,5.21270185369305e-05,6.25125017304587e-05,7.56214891361491e-05,8.66040861881487e-05,9.71257171876422e-05,0.000108411948551104,0.000116104325364051,0.000121761608384939,0.000125392684394691,0.000125565961535499,0.000123123414735555,0.000116960265862428,0.000109493538083401,0.00010036418363104,8.79228729113157e-05,7.69315654529543e-05,6.59043600509474e-05,5.32274179356798e-05,4.35192778458814e-05,3.48337109959069e-05,2.59289347237478e-05,1.98044141212971e-05,1.48073100687315e-05,1.01552549759588e-05,7.24417343567204e-06,4.78200293907633e-06,3.03778635026637e-06,1.82892338682428e-06,1.20360579998563e-06,2.61630955313742e-07,1.68710620630343e-07,0,0,0,0,0
0,0,0,1.17640785640149e-07,1.79987209855177e-07,2.91047298570176e-07,4.23789043289017e-07,6.03342960446404e-07,1.14672180528171e-06,1.59781173974752e-06,2.53474216839628e-06,3.68369090315951e-06,6.48913688272639e-06,8.8664937963426e-06,1.26510423243018e-05,1.67402451649082e-05,2.21102633999704e-05,3.05538899410913e-05,3.87792059973864e-05,4.84772791200033e-05,6.20778571978658e-05,7.49568190657044e-05,8.92716887431433e-05,0.000107486372703212,0.000123193440595648,0.000139108837910351,0.000157161191635064,0.000170815483896317,0.000182603692705377,0.000193598891960375,0.000199700712239218,0.000202936144982314,0.000202674302484002,0.00019923923893286,0.000193467069427265,0.000183422604075581,0.000173202032671358,0.000161839606869383,0.000147402985150455,0.000135323848192434,0.000123520440500617,0.000110185062177705,0.000100144389298454,9.11882915774513e-05,8.19304697343487e-05,7.60737683821974e-05,7.0842975446078e-05,6.61460845507579e-05,6.2995407925104e-05,5.99073642728687e-05,5.85842008363616e-05,5.78421573158505e-05,5.73368110114101e-05,5.68162843625774e-05,5.66728561505924e-05,5.61597789762224e-05,5.61754874320356e-05,5.65909142711189e-05,5.71150259118329e-05,6.17962268147494e-05,6.41592687154706e-05,6.77175612942925e-05,7.37067210281674e-05,8.07798968130235e-05,9.01004921398239e-05,0.000104863784042785,0.000120563813038128,0.000139562337926827,0.000166532456026022,0.000192282498200971,0.000220124233887935,0.000254799761647052,0.000282966126319884,0.000309266490160494,0.000335732050255617,0.000351830638834772,0.000361827695964961,0.000363663534517404,0.000356971553523401,0.000343160104578194,0.000318460720231336,0.000292652255931452,0.00026340232647365,0.000227029814958541,0.000196956110145211,0.000168501406867804,0.000137864619869755,0.000115968619157827,9.76363381865591e-05,8.02137976459324e-05,6.91309841964317e-05,6.064527830819e-05,5.30972535859076e-05,4.83463334548788e-05,4.44619688652162e-05,3.96672681482673e-05,3.46917745911007e-05,3.19452724136721e-05,2.87528303792283e-05,2.56893654126239e-05,2.24262373536967e-05,1.85641366773235e-05,1.60086915193569e-05,1.34253632154774e-05,1.14475701372668e-05,1.12174490004012e-05,1.11803513821043e-05,1.27222044323356e-05,1.51562244577017e-05,1.89010851682363e-05,2.52937943576744e-05,3.23072714359703e-05,4.08907690222828e-05,5.28657104437509e-05,6.47343388087934e-05,7.76251338100573e-05,9.38950957789935e-05,0.000107525073063814,0.000120582494263895,0.000134588662748674,0.000144135232469653,0.000151156982757035,0.000155665736674285,0.00015588409816845,0.000152857119425576,0.000145214386196085,0.000135952908381556,0.000124627448375811,0.000109191021649989,9.55516461320099e-05,8.18657789957977e-05,6.61297935622462e-05,5.40768274492792e-05,4.32915161405227e-05,3.22317119721785e-05,2.46233079849421e-05,1.841414379827e-05,1.26322882634477e-05,9.01326000793695e-06,5.94988715094356e-06,3.78100238584003e-06,2.2781937647814e-06,1.49972764914684e-06,3.32249084884814e-07,2.14248154418738e-07,0,0,0,0,0
0,0,0,1.51833692263743e-07,2.32301429167215e-07,3.75641710694393e-07,5.46965534388021e-07,7.78707732079704e-07,1.47914602747833e-06,2.06088311038549e-06,3.25498685437889e-06,4.72689169699711e-06,8.27549836582259e-06,1.12942300635782e-05,1.63507075212613e-05,2.16594372115386e-05,2.86357420448097e-05,3.96102747234693e-05,5.03444267336558e-05,6.30308361152788e-05,8.08730053074769e-05,9.78195907781105e-05,0.000116697119533121,0.000140807517004409,0.000161669709869214,0.000182864112443381,0.000207137749327415,0.000225533152511945,0.00024151141636968,0.000256560391650783,0.000265066167539647,0.000269771112507327,0.000269915614700217,0.0002657567049004,0.000258473873450527,0.000245602659963605,0.00023242554134059,0.000217742813297374,0.000199072555590426,0.000183448665939337,0.000168176963619273,0.000150899270820656,0.00013784526642345,0.000126131694517943,0.00011389146568176,0.000105944615427294,9.87247186354528e-05,9.19634061444264e-05,8.7225406312139e-05,8.2525782233347e-05,7.98472252745031e-05,7.79554423046768e-05,7.65447911400115e-05,7.49930408836231e-05,7.41153712677962e-05,7.2833783278517e-05,7.21701274923389e-05,7.21903594123868e-05,7.24130466425922e-05,7.77469941105983e-05,8.03617795058461e-05,8.451322947152e-05,9.16847889338166e-05,0.000100216240797102,0.000111668633785121,0.000129870857976676,0.000149266733575727,0.000172762098665937,0.000206130779753883,0.000238008055414792,0.000272478016742338,0.000315409618399226,0.00035027346904762,0.000382837734782145,0.000415605639885367,0.000435538857866439,0.000447920913155791,0.000450201766449823,0.000441930434137182,0.000424848403071515,0.000394293233525565,0.000362362983470209,0.000326175639138775,0.00028116618228059,0.000243948266741834,0.00020873089650514,0.00017080856063049,0.000143701959793557,0.000121003853933414,9.94277610530986e-05,8.56998714122629e-05,7.51862184853779e-05,6.58312676623802e-05,5.99383624595045e-05,5.51221105701846e-05,4.91703140113411e-05,4.30232134000325e-05,3.96085339348985e-05,3.56459605487075e-05,3.18450201673593e-05,2.77957069870344e-05,2.30089111879076e-05,1.98416208523949e-05,1.66397713645177e-05,1.41828493618791e-05,1.3877463503983e-05,1.38181700640289e-05,1.57113540783559e-05,1.87033212257924e-05,2.33117620538205e-05,3.11823886210211e-05,3.98187643044073e-05,5.03888021790708e-05,6.51321433252683e-05,7.97474099121873e-05,9.56200460600485e-05,0.000115651972897214,0.000132432551315185,0.000148507766393439,0.000165751036828071,0.000177504647717923,0.000186150973192264,0.000191705655604808,0.000191979269977429,0.000188258655442391,0.000178857531429899,0.000167462109956212,0.000153524783487202,0.000134525325558989,0.000117735039410114,0.000100884985075761,8.15074239113634e-05,6.66623992891993e-05,5.33762488922031e-05,3.97490423745093e-05,3.03722792742947e-05,2.27182805433977e-05,1.55892111197018e-05,1.11257116113538e-05,7.34456599227282e-06,4.66892801700222e-06,2.81550039789595e-06,1.85400726795487e-06,4.18524296037646e-07,2.69882031538337e-07,0,0,0,0,0
0,0,0,1.94384040411091e-07,2.97402307232025e-07,4.80912716953976e-07,7.00248864101056e-07,9.96935219082179e-07,1.8925475008313e-06,2.63671934567136e-06,4.1466597875743e-06,6.01738925083136e-06,1.04706647979614e-05,1.42737106515226e-05,2.06446268398033e-05,2.73184716602277e-05,3.60790802877685e-05,4.98378132215642e-05,6.33689889189691e-05,7.92939775066668e-05,0.000101690056970344,0.000122967342009887,0.000146679714524545,0.00017699595195513,0.000203265505011858,0.00023000691305988,0.000260722795122959,0.000284094092095103,0.000304506002171201,0.000323916542641239,0.000335092818669006,0.000341544128799328,0.00034239497891846,0.000337714454818105,0.000329069664516478,0.000313402141353045,0.000297156551500019,0.000278902583319851,0.000255514553805051,0.000235813077495349,0.000216446020727066,0.00019440725682079,0.000177664331175828,0.00016256972345238,0.000146721660253732,0.000136324725705415,0.000126876291475407,0.000118028540055622,0.000111798019295382,0.000105664682449129,0.000102046435649628,9.9494328873422e-05,9.75852219366453e-05,9.55091138866366e-05,9.43305457085441e-05,9.26761815891727e-05,9.17715791860409e-05,9.18077438811816e-05,9.22301850434009e-05,9.88759744338988e-05,0.000102217304073317,0.00010748542988655,0.000116539464933961,0.000127260459030152,0.000141610315349531,0.000164354234019479,0.000188541123490702,0.000217801494970615,0.000259308646454066,0.000298937644118068,0.000341765271027246,0.000395076471506782,0.00043833685795854,0.000478726088676535,0.000519320855139099,0.000543960667333793,0.000559184474179324,0.000561798532066808,0.000551317249964576,0.000529871527166372,0.000491625455227585,0.00045171201247936,0.000406520195548506,0.000350311234722771,0.000303816568377817,0.000259859383019323,0.000212518762508286,0.000178671049605461,0.000150318349401372,0.000123353901936548,0.000106188469140841,9.3036515253651e-05,8.13329590693938e-05,7.39661149653853e-05,6.79565305830136e-05,6.05589754860175e-05,5.29266274115715e-05,4.87147672630749e-05,4.38356363842588e-05,3.91575230783443e-05,3.41728539195925e-05,2.82878273698889e-05,2.43938681334176e-05,2.0457420865759e-05,1.74299923301846e-05,1.70300615738484e-05,1.69409894578963e-05,1.92470581513332e-05,2.28954164416798e-05,2.85211776656262e-05,3.81338314561539e-05,4.86835349268817e-05,6.15957428039023e-05,7.96023545582294e-05,9.74560363995981e-05,0.000116844134038757,0.000141310990955624,0.000161805663122524,0.000181438444053613,0.000202498065131203,0.000216854060406138,0.000227416581859722,0.000234206196176778,0.000234547073622536,0.000230011237856804,0.000218540386891269,0.000204631873362505,0.000187617686414878,0.000164419724609843,0.00014391562656258,0.000123335266530364,9.96635023178214e-05,8.15251577224274e-05,6.52884379490913e-05,4.86312403374904e-05,3.71668493527194e-05,2.78066545394632e-05,1.90861330746606e-05,1.36247113572495e-05,8.99462207963375e-06,5.71990386139428e-06,3.45216116012259e-06,2.27395609186026e-06,5.22949522072166e-07,3.37219800009278e-07,0,0,0,0,0
0,0,0,2.46851216307147e-07,3.77675662659948e-07,6.10718291823765e-07,8.89256563735776e-07,1.26602302786492e-06,2.40195729342953e-06,3.34624121203979e-06,5.24058927394284e-06,7.59940016751812e-06,1.31439686723543e-05,1.78974912754918e-05,2.58617721635012e-05,3.41859619383147e-05,4.51007697607289e-05,6.22142228274051e-05,7.90371735349166e-05,9.8893234138875e-05,0.000126851507685628,0.000153364061213197,0.000183029927419147,0.000220956364059879,0.000253915900812397,0.000287596943346237,0.000326518970667151,0.000356394359073129,0.000382959680017189,0.000408728809096572,0.000424264284369562,0.000434166627089937,0.000437734004891982,0.000434154910323769,0.000425713250458934,0.00040918946982111,0.000391507658395029,0.000371038156330963,0.000344407041415064,0.000321740000590374,0.000299289810962962,0.000273610359555018,0.000254081134341212,0.000236512400964277,0.000218187318521109,0.000206361581995893,0.000195723178652751,0.000186021760287319,0.000179267113644646,0.000172477733889328,0.000168607953797178,0.000165550231195583,0.000162838547568638,0.000159146261024546,0.000156130709927305,0.000151968882026206,0.00014764357856272,0.000144514433102393,0.000141600058457404,0.000145355731734333,0.000145897847183676,0.000149003739459662,0.000156314291023939,0.000166644649369578,0.000181794851282035,0.000207141329237669,0.000235222086988564,0.000269858055136261,0.000319653274717935,0.00036763081127844,0.000419756171258594,0.000484909129079627,0.000537871839966085,0.000587397307412189,0.000637477990097043,0.000668059101308881,0.000687105768974816,0.000690761542375917,0.00067825733174806,0.00065225663649254,0.000605619131093596,0.000556799458409758,0.000501423583476,0.000432407989215029,0.000375226757713147,0.000321091446316018,0.000262695228074767,0.000220870520640813,0.000185775668304224,0.000152329796127676,0.000130990031479443,0.000114605494342833,9.99975444859527e-05,9.07952555093793e-05,8.32974366284994e-05,7.41179410497061e-05,6.47505259224151e-05,5.95405340226748e-05,5.34726642743686e-05,4.77611299917334e-05,4.1674172976506e-05,3.4497318067614e-05,2.97485917491742e-05,2.49480508071944e-05,2.12478220670775e-05,2.07306255925709e-05,2.12177431640515e-05,2.44002686441666e-05,2.92945572718305e-05,3.67683659511681e-05,4.95073263182865e-05,6.35030345365483e-05,8.06783882593574e-05,0.000104785320018762,0.00012872111938832,0.000154853215456876,0.000188042976218296,0.000216044731886612,0.000243074338958629,0.0002723730956756,0.000292640860853259,0.000307886222314572,0.000318280890478268,0.000319725162934137,0.000314480818357168,0.000299834639199237,0.000281533115511193,0.000258814830295499,0.000227506856068908,0.000199615896073937,0.000171461359885173,0.000138909005795643,0.000113854722127502,9.13484228019952e-05,6.81814595049253e-05,5.21888138157962e-05,3.91002076060744e-05,2.68779643483317e-05,1.92077842752366e-05,1.27930885866443e-05,8.13685440468296e-06,4.99141712364949e-06,3.28470171835334e-06,6.48158291347592e-07,4.17959669446696e-07,0,0,0,0,0
0,0,0,3.10951139464545e-07,4.75746805743965e-07,7.69303678447955e-07,1.12017005995186e-06,1.59477157533274e-06,3.02389376185271e-06,4.21243655916055e-06,6.57042171152713e-06,9.52112044089256e-06,1.63700567507105e-05,2.22649577356551e-05,3.21432642583666e-05,4.25588287930405e-05,5.61097149234329e-05,7.73322628992175e-05,9.83200425948219e-05,0.000123018477898133,0.000157827032276293,0.000190873283802667,0.000227902414211636,0.000275345417931407,0.000316685509265268,0.000359057611607355,0.000408237441655534,0.00044619523636529,0.000480181445715775,0.000513506507734859,0.000533968145507885,0.000547446438275717,0.000553313947359658,0.000549905402796546,0.00054030824493675,0.000520607060345336,0.000499106386622174,0.000474016503729805,0.000441150993781866,0.000413001066792572,0.000385068668089805,0.000353137836725297,0.000328947205297257,0.000307333417160804,0.000285060997247704,0.000270949929340866,0.000258530327254033,0.000247646824914814,0.000240346297040814,0.000233052133787076,0.000229474011584031,0.00022653365304855,0.000223736580469179,0.000219528818396722,0.000215687522639497,0.000210037823023598,0.000203553967350425,0.000198374106574006,0.000193164908834106,0.000195328424854527,0.000193900607795282,0.000195572725752005,0.00020201226067551,0.000212686450800669,0.000229430013947595,0.000258533084067783,0.000291526364834223,0.000332723899068694,0.000392433840127068,0.00045021037043221,0.000513244987261294,0.000592154029104834,0.000656322850296105,0.0007163436428456,0.00077701289505092,0.000813944455758505,0.000836861079388705,0.000841083380882243,0.000825687419634963,0.000793883819272685,0.000736966695797009,0.000677453932323321,0.000610003349750089,0.000525954168541734,0.000456336134443766,0.000390439976518887,0.000319361547526978,0.000268451647482015,0.000225728347239847,0.000185003048906487,0.000159011637952173,0.000139049937492565,0.000121249031475727,0.000110036254547707,0.000100859163474456,8.97124563706403e-05,7.83950840171218e-05,7.20649990924169e-05,6.47029521067002e-05,5.77856286957939e-05,5.0412118058477e-05,4.17304711027092e-05,3.59860655226023e-05,3.01789811961042e-05,2.56930200155493e-05,2.50321755169305e-05,2.56544073043795e-05,2.95101030796118e-05,3.54316342859313e-05,4.44758341108427e-05,5.98947829201717e-05,7.68387177724171e-05,9.76369116803188e-05,0.000126838135120459,0.000155839896251878,0.000187513418559283,0.000227758226162789,0.00026172903465768,0.000294538439098121,0.000330129895654163,0.000354778295444062,0.000373350317993319,0.000386069254704468,0.000387918945862541,0.000381654092614251,0.000363993719314333,0.000341866798678818,0.000314364361986991,0.00027642681668217,0.000242604996216086,0.000208444526194632,0.000168926890118336,0.000138496835377688,0.000111150224554081,8.29889024891246e-05,6.354058372521e-05,4.76181403642053e-05,3.27440541731557e-05,2.34062285344969e-05,1.55995360924092e-05,9.92478922828319e-06,6.09886689884676e-06,4.01420310501893e-06,7.96864732288543e-07,5.13851823770682e-07,0,0,0,0,0
0,0,0,3.88535985390326e-07,5.94449514751201e-07,9.61251221927939e-07,1.39966162786087e-06,1.99268009296052e-06,3.77616124518001e-06,5.26007932693296e-06,8.17215575615373e-06,1.19205238392765e-05,2.03611159136977e-05,2.76820782039875e-05,3.99577340573234e-05,5.28943539920051e-05,6.97038646569181e-05,9.59923131965747e-05,0.000122013096909889,0.000152619793908637,0.000195742585602679,0.000236665539673198,0.00028268314810991,0.000341512770534632,0.000392797375462211,0.000445398005484045,0.000506526084058363,0.000553788855229617,0.000596226831801695,0.000638267214991952,0.000664301473380241,0.000681859770752554,0.000690403672592512,0.000687444961858149,0.000676998446180355,0.00065454798903124,0.000629694153986432,0.000600481365876599,0.000562069371394657,0.000529176282629526,0.000496447139981108,0.000459197878724977,0.000430903513955466,0.000405629278838125,0.000379575045697482,0.000363068000103423,0.000348466987679287,0.000335633717404775,0.000326910895681675,0.00031798479941558,0.000313465828332584,0.000309585287420639,0.000305755522365052,0.000299943749628093,0.000294725831971775,0.000287179679305852,0.000278202407963608,0.000270850624816689,0.00026336837497439,0.000264210034271548,0.000261150805843299,0.000261863874928383,0.000268180749435239,0.000280026090347016,0.00029942216480103,0.000333875292697735,0.000373405830556338,0.00042290116552119,0.000495050066814214,0.000564873291354111,0.000640963750104016,0.000735978938290071,0.000812939327009923,0.000884610835172639,0.000956521024092928,0.000999687063947817,0.0010257030464974,0.00102859074641822,0.00100804833322321,0.000967874584693574,0.000897136619027025,0.0008237644182965,0.00074100884444487,0.000638190593357002,0.000553235513019594,0.000472959463344158,0.000386487917113424,0.000324615132926717,0.000272725497506886,0.000223285588006141,0.000191742869107487,0.000167416304453158,0.000145871632717696,0.000132215026897182,0.000121150737548235,0.000107719981976533,9.41536583152797e-05,8.65229420595137e-05,7.76612536913165e-05,6.93507466593735e-05,6.04902130295924e-05,5.00729821329866e-05,4.31801886807063e-05,3.62121861146724e-05,3.0817640856925e-05,2.99829742543517e-05,3.07746071524194e-05,3.54122487327596e-05,4.25236297786383e-05,5.33864802229264e-05,7.19095240804705e-05,9.2269262724469e-05,0.000117266409733011,0.000152375693254088,0.00018725476598982,0.000225360988155442,0.000273801488926627,0.000314712155211115,0.000354247410064973,0.000397170703343237,0.000426932084365975,0.0004493970130291,0.000464853529863937,0.000467206080189811,0.000459785992019048,0.000438655557220858,0.00041210507535298,0.000379058824472284,0.000333427306304375,0.000292714576104063,0.000251570081468973,0.000203946387340985,0.000167255673071283,0.000134268699410696,0.000100284052485055,7.68042282488328e-05,5.75741550082535e-05,3.96033306383145e-05,2.83171497196178e-05,1.88855553153764e-05,1.2018931007383e-05,7.39904117340995e-06,4.87079479908631e-06,9.71785346649967e-07,6.26647977324331e-07,0,0,0,0,0
0,0,0,4.81562387550847e-07,7.36777385792072e-07,1.19140169990369e-06,1.73477984181788e-06,2.46978354457205e-06,4.67753758285053e-06,6.51529379613201e-06,1.00834506640767e-05,1.47041722688687e-05,2.49707891520828e-05,3.39128381277013e-05,4.89106720666598e-05,6.46916779948655e-05,8.5165596219669e-05,0.000117132893788634,0.000148978425660545,0.000186275613943044,0.000238838934809551,0.000288742541644784,0.000344923578473263,0.000416837308826713,0.000479654954622057,0.000544441059486498,0.000619920425111986,0.000678725496239403,0.00073192151006122,0.000785368929542357,0.000819289400750803,0.000843185398638308,0.000856908986981074,0.000856366588852256,0.000846716894429886,0.000823065593677068,0.000795775074125152,0.000762983257621723,0.000719205536326878,0.000681304510183438,0.000643233994266907,0.00059951506266311,0.000565984825662689,0.000535733860896391,0.000504124833019711,0.000483651216240633,0.000465175590530829,0.000448387330938025,0.000436439617178908,0.000424007924296667,0.000416281268482192,0.00040949875693093,0.000402654956635727,0.000392855728925984,0.000384207659171245,0.000372758927059269,0.000359054377985667,0.000348064941219546,0.000337075803480876,0.000335695407196405,0.000330342882309995,0.000329711972464082,0.000335575572218251,0.000348862664000676,0.000371187707396342,0.000411397685184997,0.000458015178191204,0.000516579912114171,0.000602165756991803,0.00068514767430403,0.000775694932684445,0.000888826175591393,0.000980624444216509,0.00106624057794916,0.00115232327698064,0.00120415830859639,0.00123558573701535,0.00123951098215788,0.00121535472520235,0.00116768948347002,0.00108350260390608,0.00099589676461873,0.000896914898078211,0.000773677150213096,0.000671667090101086,0.000575063782040225,0.000470936901938119,0.000396315098488594,0.000333664341772319,0.00027393495062387,0.000235845636062014,0.00020651801419502,0.000180675829687111,0.000164404784659514,0.000151330722801849,0.000135519563985286,0.000119575506559036,0.000110580593752104,0.000100028230213708,9.0015425896164e-05,7.91012583932436e-05,6.62926404231909e-05,5.76095720534041e-05,4.87428850968943e-05,4.15427747250637e-05,3.98368244390643e-05,4.01853560877819e-05,4.49862137795358e-05,5.29104892507877e-05,6.53754443088172e-05,8.69752479198687e-05,0.00011093058817612,0.000140490638711005,0.000182155020026429,0.000223648801496204,0.000269051744923921,0.000326843194686358,0.000375704523203171,0.000422910764638784,0.000474304361170577,0.000509983738115461,0.000536966950737325,0.000555622567236282,0.000558593692263014,0.000549880668732853,0.00052479297770016,0.000493173395833875,0.000453759940545871,0.000399277236673654,0.000350627532701953,0.000301431594143291,0.000244455056071585,0.000200535332674711,0.000161031589282168,0.000120314618450674,9.21712744566319e-05,6.9113149929254e-05,4.75565256642374e-05,3.40131852972132e-05,2.27010228098105e-05,1.44512576341709e-05,8.91286755357103e-06,5.8682937225528e-06,1.17554240729467e-06,7.58039081706298e-07,0,0,0,0,0
0,0,0,5.92046862870641e-07,9.05815635043072e-07,1.46474404372424e-06,2.13278900028515e-06,3.03642401760253e-06,5.74733871761148e-06,8.00494779474288e-06,1.23426885697097e-05,1.79940096763234e-05,3.0383723100808e-05,4.12204337020972e-05,5.94015166823668e-05,7.85029254746181e-05,0.000103245754886505,0.000141815556464663,0.000180261221245168,0.000225236195492847,0.000288589439829655,0.000348706241344032,0.000416400975076501,0.000503030310866705,0.000578719365226008,0.000656850393461699,0.000747946489516311,0.000819013965975937,0.000883438010748372,0.000948386330768923,0.000989836033799699,0.00101934064411688,0.00103686673236916,0.00103713605560467,0.00102649809943518,0.000999240923787532,0.000967408496212837,0.000928911120195706,0.000877318887256256,0.000832552282445074,0.000787495993260568,0.000735706074496862,0.000695953375262239,0.00066007568952259,0.000622577421383449,0.000598251185425633,0.000576284185491182,0.000556324405052655,0.000542045520941226,0.000527087111756809,0.000517578789200368,0.000509070862318854,0.000500346324751633,0.000487756163180729,0.000476521124129194,0.000461771557635722,0.000443895755917866,0.000429409095403429,0.000414878851762214,0.000411223250717838,0.000403317745717627,0.000401099350736387,0.000406392379620398,0.000420944787060767,0.000446493046112504,0.0004931489184405,0.000547780460329348,0.000616709197706703,0.000717759278449476,0.000815942388400332,0.000923219300020309,0.00105738663057065,0.00116634057531315,0.00126809076299834,0.00137059885831566,0.00143252052242479,0.0014703091082226,0.00147565296539415,0.00144759166237085,0.00139163371754952,0.00129237588303228,0.00118882397439407,0.00107163798389335,0.000925457016338499,0.000804248590150134,0.000689279586937191,0.00056512772965225,0.000475960107249439,0.000400927994893327,0.000329192560197875,0.000283300798937911,0.000247845022404992,0.000216518549282199,0.000196744665716729,0.000180866500260051,0.000161785730662656,0.000142770623804727,0.000131942384328607,0.000119297889632871,0.000107363432960845,9.43569566142234e-05,7.90739896240822e-05,6.87647474096651e-05,5.82273780179263e-05,4.96181628584401e-05,4.74669603098872e-05,4.7879782479353e-05,5.34871340537123e-05,6.27993903579495e-05,7.74925670015398e-05,0.000102999190169766,0.000131319304096517,0.000166291836110779,0.000215622282338239,0.000264775495958363,0.000318588749022159,0.000387127395808265,0.000445113857665789,0.000501169044270218,0.000562264935805568,0.000604736651507047,0.0006369209016202,0.000659285470640167,0.000663011115570959,0.00065286798979246,0.000623310467832125,0.000585934934419749,0.000539273869649526,0.00047469839476787,0.000416986622834301,0.000358589151792917,0.000290914256875583,0.000238719040892419,0.000191750351115104,0.000143316543603542,0.000109824476849876,8.23736157166791e-05,5.67000929043634e-05,4.05639851706597e-05,2.70940862402689e-05,1.7252664540756e-05,1.06608001134859e-05,7.02020356673345e-06,1.41054995071006e-06,9.09581808960714e-07,0,0,0,0,0
0,0,0,7.22007691588291e-07,1.10465217650334e-06,1.78627154723748e-06,2.60095975388563e-06,3.70295264297593e-06,7.00485341723948e-06,9.75586522588845e-06,1.49877807479876e-05,2.18452323534883e-05,3.6679831901301e-05,4.97100022248479e-05,7.15785186479446e-05,9.45196669000372e-05,0.000124188631957492,0.000170362056729547,0.000216417645454883,0.00027023113146662,0.000345999121390864,0.000417860230819634,0.000498801591634207,0.000602357165276923,0.000692858247461808,0.000786367804911755,0.000895482613095617,0.000980728241653553,0.00105817455553658,0.00113652614183282,0.00118681611259424,0.00122298898006572,0.00124518773322733,0.0012466666844718,0.00123518394268567,0.00120414354944263,0.00116739306245188,0.00112262684668016,0.00106237884014687,0.00101049257831292,0.000957911330363205,0.00089758823910828,0.000851460002778986,0.000810085632991131,0.000767309190006393,0.000740111202764618,0.000716033789765756,0.00069520010099188,0.000680948788725876,0.000666122583968196,0.000658524843283642,0.00065147344675476,0.000644008178646866,0.000632049718628789,0.000620611682057972,0.000604263194114258,0.000583245495168666,0.000565192841596579,0.000546161186630501,0.000538133706425755,0.000525007679818734,0.000518018866488773,0.000518655808931754,0.000530955235134098,0.000556320537167767,0.000605928895446137,0.000666333285166403,0.000744083437845477,0.000859757685650586,0.000973287678564042,0.00109812795394649,0.00125504745803681,0.00138296582875853,0.00150285493116371,0.0016241449881501,0.00169782698691964,0.00174324386500579,0.00175045072396615,0.00171845461040844,0.00165344894182542,0.00153730403862468,0.00141563136990226,0.00127758116340667,0.00110488042104078,0.000961322474399769,0.000824840949396321,0.00067707737336221,0.0005706396184214,0.000480811471086929,0.000394622803210442,0.000339267369157742,0.000296330956070802,0.000258277117194195,0.000234201733141663,0.000214898086827021,0.000191910264303527,0.000169329044974375,0.000156345006705883,0.000141274060769033,0.000127142138080871,0.000111620834268081,9.36454128264258e-05,8.14976675266161e-05,6.90681232020093e-05,5.88478267347418e-05,5.61592608530215e-05,5.66458387053983e-05,6.31389659069192e-05,7.39953007658016e-05,9.11812548810911e-05,0.000121072793202242,0.000154301868423717,0.000195370121745032,0.000253346911773076,0.000311145942479856,0.000374461926426165,0.00045515690180536,0.000523476808359381,0.000589562442530506,0.000661676608998455,0.000711878413708351,0.000750000131060773,0.000776630635258701,0.000781268736864728,0.000769563038423406,0.000735005525132312,0.000691154253044113,0.000636317752605156,0.000560335968170197,0.000492368544438031,0.000423547041709609,0.000343741008188427,0.000282154234880425,0.000226708145816218,0.000169505000121618,0.000129930896553024,9.74824278753178e-05,6.71226087335222e-05,4.80336274592794e-05,3.21094448604702e-05,2.0451863202543e-05,1.26621343809519e-05,8.33926120519613e-06,1.67888463351866e-06,1.082615274435e-06,0,0,0,0,0
0,0,0,8.73393144670127e-07,1.33626781188518e-06,2.16080429897434e-06,3.14631055191303e-06,4.47936149585717e-06,8.46864760067815e-06,1.1793857272604e-05,1.80547214161499e-05,2.63103118765523e-05,4.39330040321258e-05,5.94781756962067e-05,8.55774382541292e-05,0.00011291666037044,0.000148315360368384,0.000203226125767437,0.000258052344124031,0.000322053373534634,0.000412152279604182,0.000497593682618107,0.000593890022931515,0.000717120997895867,0.000824901921029186,0.000936424516992436,0.00106688696508678,0.00116900337344838,0.00126209235853923,0.00135677859086625,0.00141808266360206,0.00146283351836027,0.00149154880966389,0.00149539198640069,0.00148390531444529,0.00144965364546818,0.00140815864705344,0.00135703736310593,0.00128776845159103,0.00122793683285019,0.00116704041546831,0.00109701068990908,0.00104332163126817,0.000995052585860076,0.000944990022833101,0.00091296494442071,0.000884468935679249,0.000859607318164613,0.000842363928764194,0.000824273901720972,0.000814337730252917,0.000804983541649519,0.000794970776993203,0.000779095618511183,0.000764000203830595,0.000742897627880389,0.000715601193026335,0.000692050481330015,0.000667250994136857,0.00065440484929198,0.000636312137079572,0.000625472316996566,0.000623137288469645,0.000635184059878383,0.000662670835412942,0.0007184087120738,0.000787430114186642,0.000876903987895052,0.00101067916977335,0.00114237878037378,0.00128745166528396,0.00146999227379257,0.00161886716766765,0.00175850196738011,0.00189987634997129,0.00198580296345718,0.00203880514961384,0.00204725833809603,0.00201003811337886,0.00193432812454785,0.00179894841858766,0.00165702775955874,0.00149594416435221,0.00129426965127984,0.00112651805188624,0.000966935139965098,0.000794046531583077,0.000669403347609479,0.000564120729277378,0.000463001308337132,0.00039799095723792,0.000347502893373966,0.000302758386283049,0.000274435425891241,0.000251761890392107,0.000224838657977967,0.000198565892875138,0.000183368666479498,0.000165752109989777,0.000149263409408878,0.000131097688131445,0.000110117193922988,9.5910249594596e-05,8.13572110001383e-05,6.93104755164991e-05,6.59793658540976e-05,6.65498276576845e-05,7.40033362847488e-05,8.65589218252912e-05,0.000106505491457129,0.000141270709141799,0.000179968346242959,0.000227837611707626,0.000295476756217698,0.000362945913416329,0.000436901916388126,0.000531224172764108,0.000611142314469565,0.000688497847277428,0.000773016677257267,0.000831940978494463,0.000876784401473713,0.000908282198594363,0.000914014123137187,0.000900622823270693,0.000860527209511092,0.00080945823497422,0.000745483651315379,0.00065672668083924,0.000577255849105309,0.000496729507498285,0.000403288224969484,0.000331136278583652,0.000266146701096923,0.000199064516146216,0.000152634299364383,0.000114549116785293,7.89008038820665e-05,5.64777645269291e-05,3.77864372145564e-05,2.40741547301428e-05,1.49342343471536e-05,9.83692478220869e-06,1.98214514400823e-06,1.27817037943401e-06,0,0,0,0,0
0,0,0,1.04799677963139e-06,1.60340663551885e-06,2.59277962113392e-06,3.77530250408653e-06,5.37484917429275e-06,1.0155745773812e-05,1.41425828024128e-05,2.15759090416327e-05,3.14365750944822e-05,5.22073044220616e-05,7.06080063919904e-05,0.000101514338176966,0.000133842473002144,0.000175642944998134,0.000240367696509245,0.000305048369201993,0.000380461910747192,0.000486584077599218,0.000587175611777319,0.000700590407805375,0.000845703413266686,0.000972671096923006,0.00110419038276612,0.00125821189904719,0.00137896290715185,0.00148931105111141,0.00160199171382712,0.00167539767688957,0.00172955954931453,0.00176538652464741,0.00177176763071527,0.00176020573412568,0.00172232088958047,0.00167551551074721,0.00161729380554871,0.00153796499298188,0.00146931714847558,0.00139947582610538,0.00131893446926904,0.00125721379308624,0.00120182343541273,0.00114458363036912,0.00110820590381356,0.00107606184743294,0.00104858162169502,0.001029803833155,0.00101005374958691,0.00100003654057967,0.000990248865845994,0.000979473254935505,0.000961557483940639,0.000943985118521637,0.000918835006370847,0.000885471563239779,0.000856066729260488,0.000824643346816937,0.000805501952855121,0.000780699835367137,0.000764060280815644,0.000756270257739461,0.000766097544991049,0.000794012075756498,0.000854192795170067,0.000930952508089544,0.00103176615766455,0.00118387804223171,0.00133450332477589,0.00150099145462232,0.00171095571849611,0.00188242089427921,0.00204345465339372,0.00220668341005321,0.00230595744138356,0.00236722584976982,0.00237684035292845,0.00233387928814356,0.00224637723689756,0.00208977430216786,0.00192548185786191,0.00173892875945507,0.0015051702292811,0.00131059478941675,0.00112536820011554,0.00092455536707143,0.000779646470763368,0.000657133789727606,0.000539338281560114,0.000463525423663401,0.000404570364108564,0.000352325532518439,0.000319237718083717,0.000292795156319072,0.000261496881460677,0.000231161395313243,0.000213508900124606,0.000193073677750085,0.000173983614894885,0.000152881236974486,0.000128579660545964,0.000112088018164132,9.51737776049613e-05,8.10739764966426e-05,7.69815653273081e-05,7.76464769334899e-05,8.61270350076077e-05,0.000100531827638855,0.000123504033750352,0.000163632485114685,0.000208363239212909,0.000263748370387809,0.000342084673719256,0.000420269572779831,0.000506029998331222,0.000615490293071825,0.000708309822180788,0.000798215500072864,0.000896577975438666,0.000965260083362182,0.00101764904509551,0.00105465535859645,0.00106168686733748,0.00104650158744562,0.00100033320182493,0.000941295493883488,0.000867200975929853,0.000764265484345103,0.000672007504790481,0.000578455276869941,0.000469823896048442,0.000385891265429139,0.000310252407075388,0.000232138500418157,0.000178047074396612,0.000133659765178171,9.20953284421401e-05,6.59405724127513e-05,4.41569819988651e-05,2.81401078875559e-05,1.74916878876257e-05,1.15228143832876e-05,2.32130531749885e-06,1.49687509384397e-06,0,0,0,0,0
0,0,0,1.24736149075365e-06,1.90842923378882e-06,3.08601468656309e-06,4.49349373115411e-06,6.39732870265111e-06,1.20807063894024e-05,1.68222614525382e-05,2.55782738060889e-05,3.73683992056743e-05,6.1713319593489e-05,8.34035358473086e-05,0.000119855657037053,0.000158104495487455,0.000207374251063806,0.000283550182402714,0.0003597914361996,0.000448708769994698,0.000573769918883186,0.000692328725621904,0.000826094200319104,0.000997332332131631,0.00114729948636953,0.00130286230093985,0.00148535633095591,0.00162875192060887,0.00176018613822948,0.00189501421335516,0.00198346119262118,0.00204960523122091,0.00209477183479878,0.00210482842394849,0.00209375893704805,0.00205219383271553,0.00199955163003361,0.00193351343973023,0.00184287832849637,0.00176437991881162,0.00168440484595378,0.00159270072702655,0.00152255213045715,0.00146001348130008,0.0013960755993164,0.00135618351911043,0.00132151864363346,0.00129316458188223,0.00127443798739154,0.00125451814130404,0.00124637363607728,0.00123747639678609,0.00122685834655966,0.0012075554291724,0.00118752192384202,0.00115802088073979,0.00111729652497524,0.00108040468402938,0.00104037314956832,0.00101225314115481,0.000978192735344478,0.00095320469573398,0.000937052545270299,0.000942599372327343,0.000969327100367265,0.00103268946889698,0.00111682038887143,0.00122942496265766,0.0014008625845489,0.00157186302212986,0.00176159676353581,0.00200134984284176,0.00219729544905815,0.00238143692968535,0.00256811158912903,0.00268140226975629,0.00275122623483621,0.00276156871953988,0.00271150584412853,0.00261065910264951,0.00243029184570427,0.00224103995967876,0.00202609290226693,0.00175646950177373,0.00153176948628344,0.00131755132746826,0.00108484647674267,0.000916465956211773,0.000773635369170103,0.000635752241038247,0.000546534297199357,0.00047673312638976,0.000414339197087138,0.000374711583853973,0.00034295021847778,0.000305634793940863,0.000270029616825009,0.000248979853168863,0.000224791919118187,0.000202439212210555,0.00017778730331397,0.000149577069832432,0.000130415848681835,0.000110789504877744,9.41921719903489e-05,8.92059090293714e-05,8.99759370073545e-05,9.95386753141861e-05,0.000115932579048443,0.000142185641179987,0.000188156228963457,0.00023947739293471,0.000303088122959956,0.000393155109977247,0.000483102895413504,0.000581838011144144,0.000707960366483953,0.000815000786603309,0.000918756666262437,0.00103243226061429,0.0011119355467134,0.00117272279985218,0.00121591228307695,0.0012244738646843,0.00120740638259326,0.00115464693694615,0.0010868957163282,0.0010016987278743,0.000883171960910501,0.000776829115892908,0.000668911720199222,0.000543509891917159,0.000446558471751587,0.000359142095756679,0.00026881850013552,0.000206241929711877,0.000154870725045962,0.000106746382170246,7.64515980273471e-05,5.12434325294551e-05,3.26641802788695e-05,2.03454132155786e-05,1.34041203488565e-05,2.69656749023598e-06,1.738859892568e-06,0,0,0,0,0
0,0,0,1.4726750560212e-06,2.25315287478079e-06,3.64344809833005e-06,5.30516308328553e-06,7.55289182438243e-06,1.42546180894968e-05,1.9848276989766e-05,3.00812698535189e-05,4.39559519315859e-05,7.22096320243145e-05,9.74951882629614e-05,0.000140011057998128,0.000184584801413122,0.000241907106183269,0.000330375490262981,0.000419018029375666,0.000522288453184741,0.000667482996266657,0.000805081384153448,0.000960407734880047,0.00115923716690621,0.00133345963541711,0.00151440584157016,0.00172694888142178,0.00189426045359027,0.00204802705626028,0.00220642379093404,0.00231099947823711,0.00239005360650251,0.00244556293009351,0.0024603124143853,0.00245053941698038,0.00240617680033646,0.00234840249574998,0.00227517459769073,0.00217397896278718,0.0020863189398376,0.00199688362892855,0.00189460665023595,0.00181666984553045,0.00174763290664233,0.00167776020504114,0.00163496426631873,0.00159826083189693,0.00156953766432044,0.00155098777528334,0.00153070146964776,0.00152380013754944,0.00151481234297097,0.0015030316913516,0.00148011607924037,0.001455443375107,0.00141890627727496,0.00136754358156932,0.0013204705772861,0.00126919203339914,0.00122930443246672,0.00118389787346212,0.00114886170375503,0.00112279092765695,0.00112323620535189,0.00114835407725326,0.00121484039485262,0.0013067153826121,0.00143161493706389,0.00162357995058185,0.00181618475566057,0.00203041163524182,0.00230193585120569,0.00252403831421963,0.00273295529660218,0.00294490031217461,0.00307344125653855,0.00315265722926082,0.00316403309120129,0.00310676903226542,0.0029917185442076,0.00278594693303519,0.00256994377996658,0.00232454012329138,0.00201644591953409,0.00175947939691815,0.00151425103558554,0.00124767285269313,0.00105453620442335,0.000890487277614568,0.000731872279818846,0.000629063828832799,0.000548468616966604,0.000476357058428087,0.00043052224992458,0.000393835610359695,0.000350914897818718,0.000310290198320524,0.000286102580182761,0.000258367180145738,0.000232818610624408,0.000204554186935069,0.000172327627644225,0.000150387032561141,0.000127889316499389,0.000108701721591139,0.000102675409311419,0.00010356085513557,0.000114245528104259,0.00013275312451098,0.000162524735642093,0.000214792918832298,0.000273240755766036,0.000345765050351224,0.000448572041810075,0.000551308716508879,0.000664170161489982,0.000808461086506146,0.000931032552709629,0.00104993384929872,0.00118039625520299,0.00127179425219662,0.0013418482955621,0.00139192054302776,0.00140226694697636,0.00138325479129638,0.00132341659436057,0.00124623060328753,0.00114896908329991,0.00101345777267466,0.000891743968347189,0.000768129640820769,0.000624381212814758,0.000513173124549477,0.000412849037073074,0.000309133590250887,0.00023724367041417,0.000178202383491507,0.000122869368540446,8.80226178458531e-05,5.90564188161316e-05,3.76533302572787e-05,2.350174504712e-05,1.54849983274201e-05,3.10722381738684e-06,2.0036683275497e-06,0,0,0,0,0
0,0,0,1.72466100619508e-06,2.63868454092621e-06,4.26686989610762e-06,6.21291700693849e-06,8.84524930347871e-06,1.66840541391279e-05,2.32297229328016e-05,3.50948109237095e-05,5.12957875080766e-05,8.38301235918714e-05,0.00011307814140854,0.000162283540418995,0.000213831996128761,0.000280012613597615,0.00038197003477574,0.000484252551726789,0.000603286876825844,0.000770586642469862,0.00092908412186823,0.00110810353847752,0.0013372583880096,0.00153816935048738,0.001747105094829,0.00199285827647777,0.00218668306253065,0.00236531147481577,0.00255011084208594,0.00267309635874779,0.00276702882312934,0.00283498633738944,0.00285566289133368,0.00284831052861732,0.00280218908609035,0.00273995602343725,0.00265998632998552,0.00254866890905815,0.00245222084697106,0.00235363052914165,0.00224121336080218,0.00215581567527759,0.00208074754669116,0.00200538037661631,0.00196003121498426,0.00192154881360073,0.00189269409762138,0.00187439975231312,0.00185364446188425,0.0018478786493924,0.0018385506446929,0.00182526330853879,0.00179817158005372,0.00176830716458708,0.00172409310345242,0.00166103641738412,0.00160275801008711,0.00153904409189329,0.00148579457384706,0.00142747007731066,0.00138073657260472,0.00134327164112404,0.0013373221305409,0.00135984898675082,0.001428833314059,0.00152861330128512,0.00166653214310325,0.00188105844904741,0.00209779473112155,0.00233978544696359,0.00264774155541931,0.00290021959469696,0.00313831091636533,0.00338068168135712,0.00352835378142097,0.00362017165652289,0.00363519748164342,0.00357179959137872,0.0034424797695592,0.0032097551574443,0.00296442477932985,0.00268513221298186,0.00233345539178035,0.00203937150941952,0.00175801971662682,0.00145131924706307,0.00122837129904325,0.00103834056772375,0.000853807408130122,0.000733593123177251,0.000638846312793947,0.00055361851957718,0.000499162547755711,0.000455577108846432,0.000405051042475183,0.000357998061101646,0.00032954438800936,0.000297142479474041,0.000267303352412799,0.000234812844879598,0.000197960998341732,0.000172816522977466,0.000147053036908455,0.000124879485697847,0.00011757148218174,0.000118522650362055,0.000130301924638812,0.00015095566789384,0.000184457729469818,0.000243441685782073,0.000309516416724935,0.000391602212550464,0.000508108993664668,0.000624614277951631,0.000752707759132057,0.000916621734872372,0.00105599604693028,0.00119130515262729,0.00134000213486258,0.00144435772983332,0.00152454719159034,0.0015822161302798,0.00159462493924262,0.00157363682426287,0.00150627787543998,0.0014189782212144,0.00130873398156369,0.00115489662201011,0.00101656618708463,0.000875959805410971,0.000712326578302147,0.000585650224988147,0.000471309748938525,0.000353040342834314,0.000271021404541583,0.000203633237863164,0.000140450752972581,0.000100644637981858,6.75927629417761e-05,4.31056747386535e-05,2.69615346669459e-05,1.77659738297894e-05,3.55153414732053e-06,2.29017827598335e-06,0,0,0,0,0
0,0,0,2.00346967110483e-06,3.06525423278508e-06,5.08418588452023e-06,7.41242043129857e-06,1.05670636127979e-05,1.98294600699667e-05,2.7622037597864e-05,4.15277356166776e-05,6.07022629585762e-05,9.83008330183596e-05,0.000132384081836484,0.000189623460190179,0.000249479593085369,0.000326060053511141,0.000443617513083436,0.000561543116087257,0.000698466503967594,0.00089058149995409,0.00107230913205154,0.00127746639276134,0.00153981138054244,0.00176991436523505,0.00200925514028154,0.00229099198002862,0.00251352221043421,0.00271911974163385,0.00293270313674908,0.00307579554547676,0.00318628112976669,0.0032683886708368,0.00329625802004906,0.00329239368883856,0.00324555612630641,0.00317943849857114,0.00309301982514458,0.00297152485735487,0.00286611464814933,0.00275781582040931,0.00263430605530655,0.00254047357937547,0.00245816240432164,0.00237601928466421,0.00232714858237553,0.00228605079564448,0.00225643034075432,0.00223810137075266,0.00221674456111072,0.00221231869018872,0.00220284579756908,0.00218819169540187,0.00215682192546303,0.00212137326865593,0.00206859405673197,0.00199214484705334,0.00192076632045655,0.00184232601072747,0.00177258514191086,0.00169849955148691,0.00163715007653465,0.00158469751341621,0.00156985236125439,0.0015876237835714,0.00165697526691698,0.00176337216695295,0.0019134723727545,0.00214982234815488,0.00239035876033689,0.00265997450449362,0.00300407437776238,0.00328660325099542,0.00355337430078082,0.00382540945450915,0.00399129667346564,0.0040945586649135,0.00411162221656426,0.00404064968304817,0.00389564132270658,0.00363426574731316,0.00335835448967762,0.00304400881496269,0.00264765385501435,0.00231579963191943,0.00199791124735178,0.00165092301915506,0.00139825170620162,0.00118249770101375,0.000972539025808832,0.000835438121680586,0.000727096603956132,0.000629474988115453,0.00056701382464338,0.000517082665149133,0.0004595096545501,0.000406399323021919,0.000374015733350185,0.000337243696724072,0.000303486397198156,0.00026670383848868,0.000225161977602091,0.000196742599447243,0.000167596344413454,0.000142276526442296,0.000133573111260478,0.000134638847825257,0.000147543298762061,0.000170470177701813,0.0002078802494277,0.000273946386025565,0.000348096334117454,0.000440332126881753,0.000571421812345204,0.000702602114331591,0.000846957893267693,0.0010318598387263,0.00118923869256747,0.00134215437949745,0.00151047424320442,0.00162881624983252,0.00171999198416122,0.00178597315059492,0.00180074224468222,0.00177778307023899,0.00170252255761103,0.00160449263964969,0.00148041645298109,0.00130699825764408,0.00115087736083113,0.000992052386136225,0.000807071315836179,0.000663770218555682,0.000534352261086147,0.000400413858980461,0.000307481549415934,0.000231094562000803,0.000159444321240661,0.000114285177126782,7.6833562381315e-05,4.90092539549335e-05,3.07193026498229e-05,2.02433820766811e-05,4.02662946233849e-06,2.59653967484432e-06,0,0,0,0,0
0,0,0,2.3085751430328e-06,3.53205732581985e-06,5.87654059663174e-06,8.56892656959781e-06,1.22177129055373e-05,2.29016006653222e-05,3.19017108621433e-05,4.7811794515964e-05,6.99138002167779e-05,0.000112605631305123,0.000151500894970864,0.000216841750935124,0.000285123562540289,0.000372313728213239,0.000505886633708354,0.000640044711408629,0.000795625027931707,0.00101381153856926,0.00122029273591145,0.00145341278541038,0.00175153880445709,0.00201325405793509,0.00228588861839691,0.00260740525942984,0.00286201089275654,0.00309827469361418,0.00334502933907443,0.00351184734474469,0.00364244160477898,0.00374272931870287,0.00378091578187817,0.00378339612706011,0.00373882718381596,0.00367100530549619,0.0035800921586807,0.00345028299356297,0.00333736369733387,0.00322049398167298,0.00308708596974277,0.00298569012725822,0.00289697042635734,0.002808914587337,0.00275722660366381,0.00271417730688014,0.0026846357869584,0.00266689560461906,0.00264541473897271,0.00264285441048097,0.0026334111353353,0.0026172992110774,0.00258108024034347,0.002539162494661,0.0024764539076206,0.00238424820001561,0.00229729564188885,0.00220122428810257,0.00211090533212634,0.00201746172113405,0.00193785341305855,0.00186597285205878,0.0018387774164252,0.0018486859736511,0.00191523207287485,0.00202614857433244,0.00218703322690178,0.00244428211268463,0.00270845458680636,0.00300598936089738,0.00338707031720754,0.00370055478456445,0.00399705391120714,0.00429993931215901,0.00448475694705993,0.0045999759952956,0.00461920514002546,0.00454034935076021,0.00437894135378972,0.00408754873239596,0.00377948741711103,0.00342821908291164,0.00298465737427385,0.00261278198204383,0.0022560676258889,0.00186614163810413,0.00158167343403761,0.00133829711346837,0.00110091742157225,0.000945518536149848,0.000822372758892481,0.000711206070106229,0.000639974360873663,0.000583102717420931,0.000517901065021435,0.000458340066865756,0.000421713984805388,0.000380248973346976,0.000342309032871198,0.00030094691552387,0.00025444482918818,0.000222542337695633,0.00018979233314017,0.000161062907881394,0.000150776044971049,0.000151956765787187,0.000165953005223699,0.000191192696377089,0.00023264546227982,0.000306093746866049,0.000388699124515113,0.000491593975544265,0.000638044820863134,0.000784705046353166,0.000946246978917207,0.00115337262252295,0.00132985386206519,0.00150147835792542,0.00169071371331172,0.00182401124732609,0.00192698641131599,0.00200198220539533,0.00201942599829724,0.00199454112441144,0.00191107477967821,0.00180178070922819,0.00166311840821279,0.00146898806060492,0.00129400799544786,0.0011158404973426,0.000908163520214262,0.000747167318075814,0.00060168648745562,0.00045104035926472,0.000346462022878343,0.000260465955252958,0.00017976804161781,0.000128885979680882,8.67425412203518e-05,5.53409677036712e-05,3.47624862277105e-05,2.29088710667614e-05,4.52844975873372e-06,2.92013446334408e-06,0,0,0,0,0
0,0,0,2.63868454092621e-06,4.03711574710201e-06,6.74006710976277e-06,9.8297527678162e-06,1.40780075568764e-05,2.63441646875951e-05,3.67059202528148e-05,5.48363642268701e-05,8.02304402980345e-05,0.000128457428829189,0.000172661532237302,0.000246916647789912,0.000324460827347642,0.000423251809784875,0.00057423717594866,0.000726048711964737,0.00090184168365406,0.00114818186293453,0.0013811724904279,0.00164427717647405,0.00198064178919503,0.00227606142797571,0.00258414349963546,0.00294793026279494,0.00323655616721588,0.00350517468859309,0.00378694671696125,0.00397872941656461,0.00413041680153647,0.00424965195097044,0.0042984785207846,0.00430733332641384,0.0042647499351711,0.00419478629255644,0.00409874105365026,0.003959787432239,0.00383867540358988,0.00371264671652181,0.00356887152983699,0.0034596827871562,0.00336457537738228,0.00327090950430236,0.00321693350592717,0.00317262408660516,0.00314423955844297,0.00312802509729793,0.0031072851605543,0.00310760659192556,0.00309880128778715,0.00308159872062179,0.00304058119553459,0.00299192778091374,0.00291869374079646,0.00280951357971067,0.00270570936383425,0.00259053990323597,0.00247795704342895,0.00236354123693075,0.0022641694768123,0.00217142217772539,0.00213101038016894,0.00213260328483767,0.00219639217388334,0.00231267153503884,0.00248559864513576,0.0027660331974123,0.0030563645136466,0.00338480020154926,0.00380691382877022,0.00415489297318294,0.00448467755968054,0.00482247323604326,0.00502918955026869,0.00515879671466311,0.00518197584862225,0.00509587168260246,0.00491788745197841,0.00459507882405568,0.0042527646816287,0.00386175143757283,0.00336681862297542,0.00295098523887755,0.00255125824516981,0.00211330904562306,0.00179289798710648,0.00151796378549733,0.00124885530268677,0.0010719820478497,0.000931235919191788,0.000803731172680364,0.00072181961233588,0.000656467716308802,0.000582173300878142,0.000515223095627623,0.000473456720639613,0.000426661912554327,0.000384046008162751,0.000337707706643097,0.000285897341862212,0.000250259591530951,0.000213660759488475,0.000181183204616056,0.000169115374583972,0.000170406915403551,0.000185430664875997,0.000212984582536843,0.000258563671221839,0.000339613318407201,0.000430970214117024,0.000544933831685075,0.000707390865894284,0.000870205922903999,0.00104971995635368,0.00128013522303235,0.00147667799630867,0.00166798278301304,0.00187929247276314,0.00202842769133374,0.00214395618187888,0.00222863928390724,0.00224908365123529,0.00222236215896117,0.00213047687284784,0.00200948771395509,0.00185560651136733,0.00163979366598875,0.00144502509564786,0.00124652896267504,0.00101496442316013,0.000835321262542016,0.000672897345896438,0.000504611819032222,0.000387727997721293,0.000291572062267468,0.000201301732505088,0.000144361305494183,9.72647702172167e-05,6.206574835613e-05,3.90708248322146e-05,2.5748996788239e-05,5.05172447053531e-06,3.2575639593391e-06,0,0,0,0,0
0,0,0,2.99166626972365e-06,4.5771682140283e-06,7.67127076111094e-06,1.11899419547798e-05,1.60389911599447e-05,2.99747966882731e-05,4.17669013257967e-05,6.22104481901726e-05,9.10677044880116e-05,0.000145026557616037,0.00019474863122951,0.000278293466609062,0.000365497808532787,0.000476363623349332,0.000645440740338869,0.000815679669229349,0.00101255768680061,0.00128830026324078,0.00154902371113977,0.00184359063183305,NA,NA,NA,NA,NA,NA,NA,NA,NA,NA,NA,NA,NA,NA,NA,NA,NA,NA,NA,NA,NA,NA,NA,NA,NA,NA,NA,NA,NA,NA,NA,NA,NA,NA,NA,NA,NA,0.00275821440421455,0.00263562937864009,0.00251830286915703,0.0024622509205038,0.00245365661033171,0.00251315077089742,0.00263403851451522,0.00281868214688135,0.00312259744590322,0.00343956781600478,0.00379934731541051,0.00426283986948456,0.00464523020427876,0.00500781755254007,0.00537938704023265,0.00560651266103318,0.00574863249955055,0.00577301231309698,0.00567718615824401,0.00548011559797338,0.00512290241098013,0.00474393299823575,0.00431096029649375,0.00376227048619986,0.00330074165452041,0.00285648617664127,0.00236901255745701,0.00201161611976206,0.0017042414061949,0.0014025332577197,0.00120358839074934,0.00104471331752752,0.000900364661064941,0.000807218650028964,0.00073318027547448,0.000649563076785209,0.000575066620065703,0.000528076022509038,0.000475680456504021,0.000428192328078354,0.000376619100200007,0.000319277683295517,0.000279720142096296,0.000239078758419745,0.000202624042412025,0.000188546671243059,0.000189892733487272,0.000205846124244739,0.000235672784579874,0.000285403304105475,0.000374179393538584,0.000474484563746474,0.000599808178382711,0.000778755628157846,0.000958242579037704,0.00115634572362562,0.00141090639970873,0.0016282962601722,0.00184008758649007,0.00207445780860895,0.00224019770280518,0.0023689514448153,0.00246394668460469,0.00248772255782927,0.00245929922771196,0.00235888630783347,0.0022258934135225,0.00205630756820178,0.00181803991872104,0.00160272704321545,0.0013830893408704,0.00112664383009066,0.000927553230489052,0.000747441214750882,0.000560723099999344,0.00043096957209555,0.00032418073318058,0.00022388572520725,0.000160596934284402,0.000108325852731118,6.91360334044452e-05,4.36159268773506e-05,2.87449391480196e-05,5.59000210823196e-06,3.60466797162363e-06,0,0,0,0,0
0,0,0,3.36450386708143e-06,5.14759962106432e-06,8.66465806939476e-06,1.26416406802112e-05,1.81363287857294e-05,3.38477616743915e-05,4.71667948181796e-05,7.00480565616839e-05,0.000102603409311874,0.000162527412780887,0.000218047448618712,0.000311355273431988,0.000408716217374761,0.000532228493600829,0.000720181042128841,0.000909705491320627,0.00112860160972887,0.0014350206089472,0.00172467334447524,0.00205209407710584,NA,NA,NA,NA,NA,NA,NA,NA,NA,NA,NA,NA,NA,NA,NA,NA,NA,NA,NA,NA,NA,NA,NA,NA,NA,NA,NA,NA,NA,NA,NA,NA,NA,NA,NA,NA,NA,0.003194482450166,0.00304494647567889,0.00289827872670538,0.00282243390270855,0.00279944344481557,0.00284981180660407,0.00297162904280766,0.00316467814192577,0.00348861858961127,0.0038298185099578,0.00421909821254647,0.00472257173713858,0.00513883840830999,0.00553428899719401,0.00594049602266768,0.00618925600968729,0.00634553619277411,0.00637339706051344,0.00626996071318229,0.00605597177474909,0.00566675621455768,0.00525278546569385,0.00477913534742895,0.00417759910976732,0.00367059141054357,0.00318153407408365,0.00264367333196874,0.0022481742212395,0.00190696646479611,0.00157076758531975,0.00134809422636439,0.00116941732008547,0.00100634927539713,0.000900688326114584,0.000816679310773758,0.000722468507715536,0.000639603756577245,0.000586646448455779,0.000527948108076981,0.000475101562027631,0.00041787480591045,0.000354662703152293,0.000310937625536987,0.000266027080600949,0.000225297283268164,0.000208874215581993,0.000210290195626756,0.000227039917957069,0.000259051202984571,0.000312893356453788,0.000409414975009732,0.000518752069054561,0.000655590855465339,0.000851326387581941,0.00104781826318147,0.00126492913104429,0.00154424217780102,0.00178305727490256,0.00201594248457824,0.00227414828254222,0.00245711632540181,0.00259966200732821,0.0027055270798123,0.00273296274392614,0.00270301852256691,0.00259408498538271,0.00244891967950606,0.00226331458286569,0.00200205322584094,0.0017656467389589,0.00152426207056115,0.00124218134918543,0.00102302652101696,0.000824646232969801,0.000618871969183666,0.000475801663163539,0.000358002860226906,0.000247320688745115,0.000177450006671159,0.000119831664367268,7.64915944275513e-05,4.83610581458485e-05,3.18723653448504e-05,6.13573370488467e-06,3.95657860948549e-06,0,0,0,0,0
0,0,0,3.75328145879632e-06,5.74241878693614e-06,9.7126809150739e-06,1.41740163708156e-05,2.03557603772825e-05,3.79342262804226e-05,5.28657989190431e-05,7.82874979133733e-05,0.000114751470139588,0.000180809885013529,0.00024235464006049,0.00034580816997921,0.000453731748446975,0.000590341204878926,0.00079776075726248,0.00100724343316301,0.00124887209448691,0.00158693237621349,0.00190642083754315,0.00226776234406534,NA,NA,NA,NA,NA,NA,NA,NA,NA,NA,NA,NA,NA,NA,NA,NA,NA,NA,NA,NA,NA,NA,NA,NA,NA,NA,NA,NA,NA,NA,NA,NA,NA,NA,NA,NA,NA,0.00368026961491412,0.00349947539261971,0.00331845606051185,0.00321888920386626,0.00317778153999033,0.00321519277174862,0.00333526599890041,0.00353448957071896,0.00387628535446269,0.00424081693745136,0.00465878163204072,0.00520185653635371,0.00565201110284997,0.00608061721267331,0.00652221077478303,0.00679344403855164,0.00696494352691423,0.00699771285684741,0.00688804205477407,0.00665862784495218,0.00623916187373777,0.00579147138820541,0.00527822378458215,0.00462468484973001,0.00407245984731925,0.00353839680358241,0.0029493151701656,0.00251450272638407,0.00213782003339296,0.00176470100135142,0.00151598985357682,0.00131501935921528,0.00113020273304678,0.00100954606010241,0.000913270531525328,0.000806001452685996,0.000713023780522278,0.000652488265807222,0.000585886942230129,0.000526577514913321,0.000462786275137839,0.000392916401164437,0.00034449483869745,0.000294886393227002,0.000249402314597537,0.000230340540839309,0.000231448077953449,0.000248824578805721,0.000282883153381009,0.000340727288147377,0.000444897775257229,0.000563225614897132,0.00071158341249061,0.000924195234602511,0.00113781754389256,0.00137412957962866,0.00167851752227702,0.00193909708723625,0.00219345293668692,0.00247602133162768,0.00267666987614551,0.00283344582099767,0.00295065134630472,0.00298206355334178,0.00295082433624515,0.00283350166733082,0.00267615053353032,0.00247440427979096,0.0021898760608202,0.00193206371060066,0.00166856637010891,0.00136037395894295,0.00112075247052264,0.000903716835094545,0.000678462310841591,0.000521766366282797,0.000392694078259175,0.000271368750277252,0.000194749799934929,0.000131668719676615,8.40597699731308e-05,5.32611870711895e-05,3.51014639819674e-05,6.68041201347483e-06,4.30781004299815e-06,0,0,0,0,0
0,0,0,4.15320577949813e-06,6.35429214569225e-06,1.08057581487661e-05,1.57732863650605e-05,2.26789520035552e-05,4.21976691822017e-05,5.88134551454689e-05,8.68521614115889e-05,0.000127404123275673,0.000199692929460837,0.000267426345602436,0.000381301080280766,0.000500086297747681,0.000650102457387004,0.000877358928673501,0.0011072560933958,0.00137207850259749,0.00174238744072311,0.00209228300861764,0.00248823535095786,NA,NA,NA,NA,NA,NA,NA,NA,NA,NA,NA,NA,NA,NA,NA,NA,NA,NA,NA,NA,NA,NA,NA,NA,NA,NA,NA,NA,NA,NA,NA,NA,NA,NA,NA,NA,NA,0.00421267101855143,0.00399712328430245,0.00377743054349178,0.00365055594646964,0.00358796758709378,0.00360860718979375,0.00372412398942481,0.00392708679661074,0.00428446575465715,0.00467055257748694,0.00511596983244943,0.00569759035399722,0.00618103897117688,0.00664242481976406,0.00711926418680948,0.00741296893724127,0.00759978748046077,0.00763756444172686,0.00752175392555154,0.0072769602079174,0.00682704835699229,0.00634515492262271,0.0057915663667593,0.00508470178524968,0.00448585766312676,0.00390516191167763,0.00326278151417809,0.00278688971062628,0.00237302843496803,0.00196115969567731,0.00168513333517397,0.00146082962254538,0.00125340477324658,0.00111731509979137,0.00100862346696486,0.000888407391634454,0.00078561853150215,0.000717732128532473,0.000643549520197267,0.000578015594721968,0.000507869629856187,0.00043161440105644,0.000378572292346377,0.000324366473627445,0.000274087575042912,0.000252259697347985,0.000253188886095551,0.000270986788160146,0.000306904895990849,0.000368568306299398,0.000480168137616067,0.00060731163451799,0.000767028681519527,0.00099637650668246,0.0012270274479553,0.00148248595856715,0.00181195577497627,0.00209437212222591,0.00237031629033359,0.00267749238882562,0.00289607677402975,0.00306737070798715,0.00319628022972251,0.00323196432001874,0.00319969795305447,0.00307424784500808,0.00290486493106463,0.00268706646466989,0.0023792920077182,0.00210002556845282,0.00181431825485874,0.00147985023979191,0.0012196018927975,0.000983742767828053,0.000738810729058823,0.000568337939113439,0.000427858454328908,0.000295756001577366,0.000212299505579918,0.000143705219585092,9.17561371128474e-05,5.82633147548582e-05,3.83971681972337e-05,7.21476531490708e-06,4.65238347855511e-06,0,0,0,0,0
0,0,0,4.55866817063659e-06,6.9746386019413e-06,1.19323814384954e-05,1.7422868522997e-05,2.50836981616859e-05,4.65943189892093e-05,6.51256427982809e-05,9.5921450524752e-05,0.000140869714176601,0.000219602946607138,0.000293886946203948,0.000418773506357481,0.00054907379846572,0.00071323779196743,0.000961322345764272,0.00121270118396083,0.00150185691713183,0.00190588475639786,0.00228748564132307,0.00271941305859084,NA,NA,NA,NA,NA,NA,NA,NA,NA,NA,NA,NA,NA,NA,NA,NA,NA,NA,NA,NA,NA,NA,NA,NA,NA,NA,NA,NA,NA,NA,NA,NA,NA,NA,NA,NA,NA,0.00479892839647647,0.00454548440003544,0.00428375387506932,0.00412718411876995,0.00404115803491976,0.00404323728160113,0.00415328392006948,0.00435944116769268,0.00473199810059867,0.00513951996933063,0.00561213130508911,0.00623175632659929,0.00674766568576163,0.00724057371108213,0.00775067839601244,0.00806476879941029,0.00826455490740585,0.00830425038745184,0.00817972398448554,0.00791708564930154,0.00743391768717759,0.00691560105360771,0.00631965716279217,0.00555722329268414,0.00491005792461933,0.00428114862078759,0.00358377902398797,0.0030655249496306,0.00261331046684365,0.00216145114912161,0.00185721769687419,0.00160879834743368,0.00137781375216745,0.00122589724324192,0.00110455612554631,0.000971299088076741,0.00085878556901203,0.000783509038775372,0.000701757910499662,0.000630007162700702,0.000553534084898248,0.000470996333060211,0.000413398277535855,0.000354583224809372,0.000299369040157926,0.000274581915058958,0.000275310453210581,0.0002932903295641,0.000330830152230123,0.000396055902399134,0.000514738672658769,0.0006503828979971,0.000821127220510994,0.00106682801774053,0.00131416332263836,0.00158844734737868,0.00194266521587561,0.00224670044422311,0.00254406741652716,0.00287578483623396,0.0031123401899546,0.00329826872079175,0.0034391193180426,0.00347933862209741,0.003446350110967,0.00331316679312896,0.00313208212085996,0.0028985451271356,0.00256786131893258,0.00226737882716452,0.00195965672131298,0.00159909134084945,0.0013183221206305,0.00106371266586845,0.000799156611427328,0.000614930471894163,0.000463054217285511,0.000320176430399541,0.000229879038490443,0.000155792808904223,9.94856406515612e-05,6.33071078465539e-05,4.17195795727797e-05,7.72900136173914e-06,4.98398446402525e-06,0,0,0,0,0
0,0,0,4.96334799998274e-06,7.59378775988286e-06,1.30793078043443e-05,1.91036568933618e-05,2.75442937624494e-05,5.10739208113655e-05,7.14319702597262e-05,0.00010493239350408,0.000154257803752524,0.000239223295976646,0.000319882459280667,0.000455491623048729,0.000597014011279624,0.000774886733520784,0.00104304339663659,0.00131524776490475,0.00162792931118501,0.00206456118960116,0.00247688321539911,0.00294381934380493,NA,NA,NA,NA,NA,NA,NA,NA,NA,NA,NA,NA,NA,NA,NA,NA,NA,NA,NA,NA,NA,NA,NA,NA,NA,NA,NA,NA,NA,NA,NA,NA,NA,NA,NA,NA,NA,0.0054380940313085,0.00514157978344598,0.00483103496983997,0.00463874943272075,0.00452306278153869,0.00449912092285704,0.00459767679334097,0.0048012991021097,0.00518280913829377,0.00560712569567655,0.00610286209939402,0.0067566409206179,0.00730266657184773,0.00782555205014855,0.00836825713046039,0.00870306028758099,0.00891692732597195,0.00896066247695535,0.0088299304460497,0.00855237558188028,0.00803966058569539,0.00748789872296442,0.00685237260252475,0.0060371142667911,0.00534335539064632,0.00466737818598135,0.00391569077534957,0.0033550579483404,0.00286402443260452,0.00237118106466389,0.00203766793157139,0.00176392478570846,0.00150807637441967,0.00133912701131311,0.00120413963040226,0.00105694190069023,0.000934228896507047,0.000851027669894193,0.000761253567868635,0.000682998989930221,0.000600023178993454,0.00051114080604465,0.000448913197134727,0.000385442160834426,0.000325121923516654,0.000297159542821556,0.000297588194923866,0.000315479781838208,0.000354355488876624,0.000422813453311302,0.000548105316647686,0.000691793138341213,0.000873056127388828,0.00113447545055564,0.00139789867109148,0.00169040861489555,0.00206868175333992,0.00239381024212706,0.00271213268060256,0.00306798959033784,0.00332231130982714,0.00352280194857747,0.0036756861983722,0.00372066106900069,0.00368728608112743,0.00354689498502284,0.0033546188698429,0.00310589068806769,0.00275296651727202,0.00243180871995495,0.00210257780811704,0.00171645847455742,0.00141555949648852,0.0011425320776055,0.000858675582606549,0.000660908195350687,0.00049780149502157,0.000344297257339614,0.000247248865272348,0.000167769045079289,0.000107144180676574,6.83258407112041e-05,4.50245967569047e-05,8.21309362505705e-06,5.2961474727517e-06,0,0,0,0,0
0,0,0,5.3603566552271e-06,8.20120022960545e-06,1.42318363338787e-05,2.07944187577945e-05,3.00320694701844e-05,5.558081859941e-05,7.77928280479031e-05,0.00011398273187531,0.00016774745262549,0.000258798000680194,0.000345783583051325,0.000492023473415927,0.000644702787610774,0.000836122109384696,0.00112399195134836,0.00141674992873546,0.00175257548163682,0.00222122464283301,0.00266371512545087,0.00316506178826925,NA,NA,NA,NA,NA,NA,NA,NA,NA,NA,NA,NA,NA,NA,NA,NA,NA,NA,NA,NA,NA,NA,NA,NA,NA,NA,NA,NA,NA,NA,NA,NA,NA,NA,NA,NA,NA,0.00611786630574295,0.00577482092455711,0.00541134389797322,0.00517992092757789,0.00503119363496956,0.00497737001683633,0.00506140751056604,0.00525963338097383,0.00564693709682364,0.00608561447517342,0.00660213429620449,0.00728760438852265,0.00786195752299571,0.00841327493679377,0.00898725329579654,0.00934208257957719,0.00956980828923328,0.00961797978087536,0.00948186311987445,0.00919066982552732,0.00865029475560916,0.00806673770907356,0.0073932848243965,0.00652687705882402,0.00578757814689176,0.00506517151322976,0.00425940492818888,0.00365612395605297,0.00312561788081133,0.00259062567520495,0.00222664154126778,0.00192626210348392,0.00164395821991788,0.00145674124448139,0.00130707432021154,0.00114500336173871,0.00101160445939944,0.00091991517818546,0.000821647266239487,0.000736599205137565,0.000646970180652072,0.000551716116482866,0.000484811733501366,0.000416673250307567,0.000351107095052712,0.000319767641263955,0.000319777997774257,0.000337284866057895,0.00037716641644458,0.000448456646690648,0.000579759445893866,0.000730893024939501,0.00092198959557395,0.0011982391105713,0.00147689799598769,0.00178674978697865,0.00218801642846838,0.00253339408410718,0.00287189067171914,0.00325113264037689,0.00352276148346899,0.0037375380307599,0.00390238809207153,0.00395228498338837,0.00391888182369728,0.00377193447592755,0.00356915730125078,0.00330602228882314,0.00293186712053729,0.0025908872285305,0.00224097589193839,0.00183022644140768,0.00150988691784823,0.00121904563392615,0.000916496126327155,0.000705598260782324,0.000531591937929701,0.00036776559634431,0.000264154793989355,0.000179460548335905,0.000114620639026952,7.32476400236492e-05,4.82647438712801e-05,8.65709888148326e-06,5.5824606969838e-06,0,0,0,0,0
0,0,0,5.74241878693615e-06,8.78574492389185e-06,1.53741613588573e-05,2.24723018493423e-05,3.2516073669134e-05,6.00553202404374e-05,8.41280774574015e-05,0.000122956784077495,0.000181173033652207,0.000278073380731939,0.000371254689790148,0.000527891259635232,0.000691520432665166,0.000896144485330337,0.00120309646959662,0.0015158581957187,0.00187412828474681,0.00237375986945376,0.00284544544635479,0.0033801193642806,NA,NA,NA,NA,NA,NA,NA,NA,NA,NA,NA,NA,NA,NA,NA,NA,NA,NA,NA,NA,NA,NA,NA,NA,NA,NA,NA,NA,NA,NA,NA,NA,NA,NA,NA,NA,NA,0.00685482398546069,0.00646017385902119,0.00603757822173619,0.00576178250458133,0.00557478862209615,0.00548505633072854,0.00554959328666259,0.00573799783943535,0.0061261921967294,0.00657547301202247,0.00710922963785418,0.00782267749511152,0.00842269421528659,0.00900015976504339,0.00960339257725248,0.00997715521477485,0.0102182157274406,0.0102710345784199,0.0101305378338892,0.00982726023418271,0.0092615900259928,0.00864838663648074,0.00793923427927068,0.00702408956624694,0.00624093910061892,0.00547336990960593,0.00461448380832297,0.00396884536720269,0.00339872705945168,0.00282097162883049,0.00242572486622038,0.00209774555328458,0.00178772940488607,0.00158123139677848,0.00141601790488712,0.00123827127742035,0.0010937468593278,0.000992967743463607,0.00088561431165839,0.000793321918007099,0.000696703505814733,0.000594777834616607,0.000522894059484551,0.00044982199568122,0.000378563004183518,0.000343397739473647,0.000342610146029312,0.000359165267096939,0.000399510137273791,0.000473025951451797,0.00060949081863981,0.00076725352143508,0.000967264299768277,0.00125715249557018,0.0015499113988066,0.00187591663288333,0.00229870615370258,0.00266316717460279,0.0030207377533768,0.00342224844406113,0.00371046107253393,0.00393903314266949,0.00411560773489524,0.00417052879564632,0.00413746913019906,0.00398473432222591,0.00377232157542499,0.00349579853162498,0.00310176212549456,0.00274212815564376,0.00237269122816262,0.00193862239729421,0.0015998358001156,0.00129206285451751,0.000971719002226151,0.000748305708013123,0.000563900016306717,0.000390216293121559,0.000280333620975951,0.00019068677092088,0.000121799304220748,7.79970106226902e-05,5.13901842615083e-05,9.05149252777748e-06,5.83678227280486e-06,0,0,0,0,0
0,0,0,6.10208498149116e-06,9.33602444204473e-06,1.64897892939497e-05,2.41134332265272e-05,3.49638743567021e-05,6.44352930476069e-05,9.03544392437414e-05,0.000131735531270824,0.000194363210053274,0.000296792309519754,0.0003959568343276,0.000562613514991761,0.000736842861900476,0.000954151078923765,0.00127928632078805,0.00161122458330701,0.00199092467871815,0.0025200594668716,0.00301954929547544,0.00358598255002197,NA,NA,NA,NA,NA,NA,NA,NA,NA,NA,NA,NA,NA,NA,NA,NA,NA,NA,NA,NA,NA,NA,NA,NA,NA,NA,NA,NA,NA,NA,NA,NA,NA,NA,NA,NA,NA,0.00762324202686668,0.00717460689950093,0.0066898900772681,0.00636700748486595,0.00613883306792824,0.00600971906348188,0.00605195123478389,0.00622750938315131,0.00661304653843584,0.00707002149194107,0.00761806307182593,0.00835622654318856,0.00897944962024749,0.00958086412938304,0.0102113466415903,0.0106029485543944,0.0108569217535706,0.0109147839249909,0.010770966216914,0.0104573480529344,0.0098690782892535,0.00922871161091106,0.00848644694655376,0.0075253895619918,0.00670036910961662,0.00588911870701398,0.00497819295901603,0.00429046055491302,0.00368044412630789,0.00305899165242037,0.00263132616849081,0.00227436471498017,0.00193483639430177,0.00170761659394979,0.0015256219201339,0.00133108348299692,0.00117486306701465,0.00106437190440289,0.000947492270427454,0.000847760633406981,0.000744194893388275,0.000635842739055527,0.00055917879683154,0.000481435396484732,0.000404656155903483,0.000365695572855891,0.000364122957328,0.000379573921504289,0.000420104580606464,0.000495426421842352,0.000636325089640628,0.000799917172084619,0.00100786821631559,0.001310055895363,0.00161558799617547,0.00195631965414807,0.00239886591088342,0.00278092760998326,0.00315615621719007,0.00357845675163508,0.00388226243512958,0.00412391980458475,0.00431179481829067,0.00437176849668757,0.0043394271794248,0.00418177862230378,0.00396076117311004,0.0036720946333321,0.00325985847918234,0.00288304769688199,0.00249556241839556,0.00203986880097509,0.00168393158833127,0.00136038689516592,0.00102343893707472,0.000788330221794335,0.000594195691220087,0.000411280733463806,0.000295519485003028,0.000201264290740937,0.000128562633412488,8.24966067974114e-05,5.4349895434723e-05,9.3875060757811e-06,6.05345791103702e-06,0,0,0,0,0
0,0,0,6.43196771881631e-06,9.84073607880786e-06,1.75620018046078e-05,2.56935847731646e-05,3.73424455695749e-05,6.86579203359635e-05,9.65901369859011e-05,0.000140506761126037,0.000207636350649944,0.000315409684905753,0.000420556579328729,0.000597184897424143,0.000782027839219178,0.001011943049077,0.00135500063808641,0.00170588699951024,0.00210666251245985,0.00266463779782396,0.00319120474052721,0.00378866256673216,NA,NA,NA,NA,NA,NA,NA,NA,NA,NA,NA,NA,NA,NA,NA,NA,NA,NA,NA,NA,NA,NA,NA,NA,NA,NA,NA,NA,NA,NA,NA,NA,NA,NA,NA,NA,NA,0.00847211573975046,0.00796765090259781,0.00741740607485194,0.00704353555816883,0.00676939941559122,0.00659427052014737,0.00660801291080625,0.00676417545894694,0.00713900613089855,0.00759693893078548,0.00815257169281112,0.00890801097416532,0.00954887402452882,0.0101693168034086,0.0108222860321816,0.0112288614692176,0.0114938592412356,0.011555963619566,0.0114092755255703,0.0110866419830929,0.0104781776638429,0.00981300652853891,0.00903991712576495,0.00803582787647255,0.00717092850043844,0.0063174463351005,0.00535546349037202,0.00462571332251314,0.00397538411441452,0.00330910487047234,0.0028476779524167,0.0024601588707555,0.00208906557058012,0.0018394751625746,0.00163925665326452,0.00142656247227497,0.00125786551217593,0.00113681089222881,0.00100961468258668,0.000902028610604967,0.00079134344744805,0.000676530607567852,0.000595049579565227,0.000512675690963473,0.000430299557888529,0.000387383675425579,0.000384808288704122,0.000398803296369271,0.000439083972139797,0.000515635053926858,0.000660042719001374,0.000828486952933381,0.00104320830949027,0.00135609348001775,0.00167282139034398,0.00202657753009798,0.002486740519721,0.00288461648170226,0.00327578263786882,0.00371704019733696,0.00403518421288972,0.0042889965554931,0.00448755995830782,0.0045525331193086,0.00452127754102591,0.00435967836352384,0.00413123814403212,0.00383188357141144,0.00340344340955126,0.00301122864249659,0.00260748219566372,0.00213222923268005,0.00176073173985457,0.00142284536642093,0.00107076793605123,0.000824984171877714,0.000621958077345138,0.000430596356185517,0.000309450737194949,0.000211011504077693,0.000134794270173591,8.66691989443224e-05,5.70929716322937e-05,9.65745025195155e-06,6.22752924538142e-06,0,0,0,0,0
0,0,0,6.72499050118241e-06,1.02890529846759e-05,1.85743443809177e-05,2.71888751608903e-05,3.96190963321462e-05,7.26615367618952e-05,0.000102409300749267,0.00014863433674171,0.000219991021871304,0.000332481610278995,0.000443041593871965,0.000628669755572214,0.000823154430632856,0.00106439244927119,0.00142347986572848,0.00179142325475183,0.00221109114541661,0.0027948877447697,0.0033457980638183,0.00397112156103193,NA,NA,NA,NA,NA,NA,NA,NA,NA,NA,NA,NA,NA,NA,NA,NA,NA,NA,NA,NA,NA,NA,NA,NA,NA,NA,NA,NA,NA,NA,NA,NA,NA,NA,NA,NA,NA,0.0093192893419387,0.00875577479337583,0.00813667807441196,0.00770930874833168,0.00738693376037335,0.00716355383042921,0.00714715194936756,0.00728247413844063,0.00764503810395986,0.00810266751504416,0.00866446728084901,0.00943557234139096,0.0100928146653555,0.0107310851898902,0.0114055386117986,0.011826668880478,0.0121031069432216,0.0121707383526594,0.0120231846020081,0.0116943666032473,0.0110700128932989,0.010384155896655,0.00958491046292909,0.00854319349898402,0.00764284264939907,0.00675127238131918,0.00574269880025243,0.00497414771691901,0.0042861023030955,0.00357739428002594,0.00308360873246413,0.002666425070677,0.00226416298519837,0.00199210015718457,0.00177325822260145,0.00154160874916923,0.00135956543938689,0.00122653864438155,0.0010871748171512,0.000969964949576005,0.000850473133227139,0.000727219551772419,0.000639264638369844,0.000550765434352464,0.000461048523939594,0.00041280900670928,0.000407960944910793,0.000419108583806337,0.000458010761699901,0.000534652524829074,0.000681104249825103,0.000853053166535415,0.00107305086344998,0.00139467672347494,0.00172058771299567,0.00208543096576112,0.0025607540600882,0.0029723756247702,0.00337747394852764,0.00383551987876962,0.00416649393212215,0.00443131634295627,0.00463976792821365,0.00470959995905458,0.00467977937900082,0.00451526396108748,0.00428071538028013,0.00397231850183214,0.00352995820382765,0.00312438607669413,0.00270645467993432,0.00221405557068969,0.00182886492557393,0.00147832220831264,0.00111285944627255,0.000857611342323324,0.000646689647115615,0.000447816556295318,0.000321877099173677,0.000219753564967054,0.00014038221944723,9.04397725585381e-05,5.95700119638416e-05,9.85500713212242e-06,6.35492221317245e-06,0,0,0,0,0
0,0,0,6.9746386019413e-06,1.06710078046537e-05,1.95111170880915e-05,2.85764748457575e-05,4.17623962471956e-05,7.63874523170517e-05,0.000107890754451276,0.000156248175452021,0.000231648775807422,0.000348334876593273,0.000463897299885289,0.000657797203522065,0.0008612207882299,0.00111283042790574,0.00148633290762531,0.00186977823582557,0.00230649456492175,0.00291343494386085,0.00348613670142269,0.00413637348695104,NA,NA,NA,NA,NA,NA,NA,NA,NA,NA,NA,NA,NA,NA,NA,NA,NA,NA,NA,NA,NA,NA,NA,NA,NA,NA,NA,NA,NA,NA,NA,NA,NA,NA,NA,NA,NA,0.0102060275221481,0.00957967281635177,0.00888701911453931,0.00840197387168621,0.00802700183504641,0.00775020864733269,0.00769926043617691,0.00780938780789157,0.00815456339454012,0.00860768468675411,0.00917139404432974,0.00995342390085668,0.0106234689757058,0.01127611312383,0.0119690857781793,0.0124039738302621,0.0126913019579902,0.012765465808126,0.0126192361906533,0.0122876356676539,0.0116529221075476,0.0109519794329593,0.0101329579621819,0.00906189485728307,0.00813327862668787,0.00721078396308585,0.00616390718529173,0.00536292100221723,0.00464281966384557,0.00389730061346845,0.00337466650870473,0.00293014774088677,0.00249778169648214,0.00220278105272242,0.00196371956768188,0.00170988246562773,0.0015109076205072,0.00136133446689534,0.00120376386331453,0.00107165713461256,0.000938282156844875,0.000800832648929144,0.000701966357812485,0.000603459796969403,0.000502328594511388,0.000445878412529936,0.000436248508917645,0.000442108711023357,0.00047787607136555,0.000553007171064778,0.000699632967168378,0.000873479614910071,0.00109703723728902,0.00142472195928094,0.00175802092293236,0.00213180860278428,0.0026195550915862,0.0030426008571879,0.00345936878604004,0.00393172614590827,0.00427378590282222,0.00454827042107328,0.0047656267930438,0.00484008611753164,0.00481202145296332,0.00464567519600314,0.00440644278270682,0.00409081353181316,0.00363707082894024,0.00322043225690415,0.00279065208578711,0.0022838348633918,0.00188707006779009,0.00152578949671064,0.00114893251898508,0.000885605687350479,0.000667930472618558,0.00046262062632507,0.000332566854257394,0.000227327397024644,0.000145222067060205,9.37376856546302e-05,6.17345449411967e-05,9.97547583415529e-06,6.43260548831139e-06,0,0,0,0,0
0,0,0,7.17519911889744e-06,1.09778599534015e-05,2.03578434896023e-05,2.98352796247442e-05,4.37430511857653e-05,7.97816732152469e-05,0.000112965983593396,0.000163255295393939,0.000242471572200017,0.000362783153121115,0.000482883844798129,0.000684231680114202,0.000895792766921485,0.00115670775316044,0.00154294400724231,0.00194020050105947,0.00239198892568326,0.00301922925900069,0.0036110360400704,0.00428308516859087,NA,NA,NA,NA,NA,NA,NA,NA,NA,NA,NA,NA,NA,NA,NA,NA,NA,NA,NA,NA,NA,NA,NA,NA,NA,NA,NA,NA,NA,NA,NA,NA,NA,NA,NA,NA,NA,0.0110997113812681,0.0104109835609118,0.00964501991493623,0.00910193201348033,0.00867342090735767,0.00834157636482755,0.00825407127021911,0.00833658410359989,0.00866101211377862,0.00910648178617083,0.00966858522851829,0.0104573667826704,0.0111369145011607,0.0118010137404545,0.0125094201050438,0.0129556471951571,0.0132525962125083,0.0133330115614174,0.013188741555542,0.0128556890314866,0.0122128328599976,0.0114988287346473,0.0106619818021904,0.00956335047348495,0.00860724289064593,0.00765376103682996,0.00656735940686931,0.00573200436721497,0.00497724591456532,0.00419125087216002,0.00363658245923518,0.00316176008443628,0.00269630545546944,0.00237674496890451,0.0021168235528841,0.00184141606171411,0.00162714307814678,0.00146316360512067,0.00129080007958453,0.00114704305561788,0.00100337037269596,0.000855980454910212,0.000749456313000614,0.000643944054718171,0.000534368193115002,0.000471638388673329,0.000458565540531563,0.000460267995269794,0.000493336369910527,0.000566960581501548,0.00071320209911356,0.000888038729308877,0.00111387091913415,0.0014459974706787,0.00178452223615377,0.00216485810505824,0.00266205595765226,0.00309398869975714,0.00351994179459609,0.00400386194294863,0.00435505150040098,0.00463766462459747,0.00486276962654398,0.00494153296407126,0.00491550749987592,0.00474844521426406,0.00450603812336834,0.00418511985040939,0.00372274469815993,0.0032975382627464,0.00285846877335344,0.00234023415090854,0.00193423375832318,0.00156433799246884,0.00117829506500014,0.000908429409261947,0.000685271968951881,0.000474723360242979,0.000341313799242667,0.000233586588597921,0.000149220121722573,9.64988027610759e-05,6.35444351271534e-05,1.00159584332121e-05,6.45871036723677e-06,0,0,0,0,0
0,0,0,7.32197802177067e-06,1.12024276919625e-05,2.1101694619587e-05,3.09465196244743e-05,4.55346852660843e-05,8.27964327955463e-05,0.000117575306473309,0.000169576287946512,0.000252339603382527,0.000375671879356327,0.000499804225477066,0.00070769963719965,0.000926516219722038,0.00119557969762308,0.00159274831293907,0.0020019778030496,0.00246670374375558,0.00311117605841166,0.00371918576068837,0.004409680313476,NA,NA,NA,NA,NA,NA,NA,NA,NA,NA,NA,NA,NA,NA,NA,NA,NA,NA,NA,NA,NA,NA,NA,NA,NA,NA,NA,NA,NA,NA,NA,NA,NA,NA,NA,NA,NA,0.0120022215998305,0.0112508231215614,0.0104109502002843,0.00980882607587682,0.00932529659416688,0.00893626319643405,0.00880984674075217,0.00886205984471647,0.00916213661841773,0.00959665159980524,0.0101534912789004,0.0109446972631479,0.0116303326215021,0.012302678887316,0.0130233700952671,0.0134791585180394,0.0137847732734428,0.0138716380374978,0.0137306738417902,0.0133984849284933,0.0127513566641094,0.0120281581368295,0.0111777308717648,0.0100566999904348,0.00907720050867703,0.00809638666525925,0.00697405705557149,0.00610654580220299,0.00531860220660651,0.0044929627755295,0.00390625139184918,0.00340062065807188,0.0029008741130585,0.00255554607600831,0.00227353156256163,0.00197520144313422,0.00174470902256845,0.00156527774773806,0.0013771474637079,0.00122110168968902,0.00106684637881271,0.00090934216313076,0.000795071327277003,0.000682619257272062,0.00056464028107917,0.000495609674345564,0.000478836719349196,0.000476110820471222,0.0005060709458303,0.00057757355163317,0.000722351853182532,0.000896964434644009,0.00112355293360202,0.00145790766004148,0.00179946740480978,0.00218397097296557,0.00268746468112411,0.00312557479790606,0.00355804881527571,0.00405055628304858,0.00440873914188683,0.004697785097866,0.00492932567507777,0.00501198026968287,0.00498823170902034,0.00482157534587921,0.00457755947740536,0.00425339426708218,0.00378530091235187,0.00335419001409084,0.00290857053275445,0.00238214148158241,0.00196942458823432,0.0015932052312059,0.00120036528528932,0.00092562964279136,0.000698369593457992,0.000483883937379109,0.000347943679035422,0.000238405975510758,0.000152296353391279,9.86675193042337e-05,6.49632149131201e-05,9.97547583415529e-06,6.43260548831139e-06,0,0,0,0,0
0,0,0,7.41148269454973e-06,1.13393674126116e-05,2.17318473984404e-05,3.18942742975383e-05,4.71144913242126e-05,8.53914568154401e-05,0.000121669454310342,0.000175147380395656,0.000261154289924275,0.000386882046064233,0.0005145090242743,0.000727996206604185,0.00095312550250917,0.00122911662800778,0.00163533846238675,0.00205459608412804,0.00253001418663874,0.00318849370612831,0.00380965077805573,0.00451502842218462,NA,NA,NA,NA,NA,NA,NA,NA,NA,NA,NA,NA,NA,NA,NA,NA,NA,NA,NA,NA,NA,NA,NA,NA,NA,NA,NA,NA,NA,NA,NA,NA,NA,NA,NA,NA,NA,0.0129081078863784,0.0120957181524713,0.0111838762914795,0.0105238988752603,0.00998602817977014,0.00954013695717951,0.00937427968227592,0.00939506658379766,0.00966861070206921,0.0100896290978779,0.010637893579077,0.0114270692592437,0.0121148601437727,0.0127914024817499,0.0135198734351669,0.013982148062089,0.0142940787656565,0.0143860031643656,0.0142484107304123,0.0139182490970141,0.0132695950923834,0.0125403931409542,0.0116801912560126,0.0105417406289854,0.00954304837522391,0.00853886961863686,0.00738480436859185,0.00648799352987612,0.0056690734167191,0.00480543186564606,0.00418748964501519,0.0036513042981451,0.00311682105004264,0.0027450058038485,0.0024399891998192,0.00211754087578055,0.00186984381985616,0.00167371425911067,0.00146842666363281,0.00129899132743028,0.00113334138493796,0.000964841616445444,0.000842142571958441,0.000722248863487058,0.000595299841025469,0.000519507890133944,0.000498352588832727,0.000490548247950933,0.000516740360567097,0.000585305202431763,0.000727352307676452,0.000900400469553111,0.00112611778407817,0.00146035531382653,0.00180265774532762,0.00218880015673405,0.00269530824228578,0.00313676257644736,0.00357296121928914,0.00407090577843766,0.00443380161282458,0.00472745089589282,0.00496397815517349,0.00505002706856767,0.00502874127869672,0.00486359774318533,0.00461956630783813,0.00429425738789076,0.00382347144895115,0.00338923637599857,0.00293993708737337,0.0024087014400842,0.00199192297590574,0.00161179999381054,0.00121469038865035,0.000936853052468005,0.000706953971553483,0.000489913714863742,0.000352319834319737,0.000241685718358859,0.000154387003858413,0.000100198590040323,6.59612845113458e-05,9.85500713212242e-06,6.35492221317245e-06,0,0,0,0,0
0,0,0,7.44156006502587e-06,1.13853849732929e-05,2.22397608739012e-05,3.26658698129692e-05,4.84637209461115e-05,8.75349043680744e-05,0.000125210661509281,0.000179921763398145,0.000268840270809761,0.000396332333768301,0.00052689893879975,0.000744988712060492,0.000975447935353491,0.00125710937360861,0.00167047093054996,0.00209774781051732,0.00258155131940563,0.00325072680245419,0.00388188742553414,0.00459846541517793,NA,NA,NA,NA,NA,NA,NA,NA,NA,NA,NA,NA,NA,NA,NA,NA,NA,NA,NA,NA,NA,NA,NA,NA,NA,NA,NA,NA,NA,NA,NA,NA,NA,NA,NA,NA,NA,0.0138035197033043,0.0129313198450855,0.0119485110041309,0.011230807517026,0.0106381418055672,0.010134141075789,0.00992697843352765,0.00991401647953764,0.010157764247202,0.0105622756536874,0.0110986737593476,0.0118820955532746,0.0125693279385596,0.0132477451550884,0.0139821188023528,0.0144503582302207,0.0147689693632146,0.0148678833284042,0.0147363739509135,0.0144118224225564,0.0137669132069705,0.0130366431700092,0.0121718507454653,0.0110221705875304,0.0100090895175111,0.0089859169030887,0.00780447456517062,0.00688116271989441,0.00603329334794558,0.00513317757440606,0.00448440882665035,0.00391752991584214,0.0033474033565656,0.00294802145475396,0.00261874532336132,0.00227057880851243,0.00200436562869035,0.00179000994063316,0.00156586632019866,0.00138171257304628,0.00120365597784749,0.0010229590554622,0.000891026874646074,0.000763083453307448,0.000626512317054417,0.000543453089311545,0.000517159200807488,0.000503600643362496,0.000525357210051631,0.000590166107199595,0.000728216467654023,0.000898361158886886,0.00112157638710358,0.00145332440068524,0.0017940536761349,0.00217926982500473,0.0026854463651118,0.00312734103007721,0.00356438804791773,0.00406450258230056,0.00442972885003609,0.0047260513300581,0.00496600632179663,0.0050548767393613,0.00503618345869123,0.00487362321931608,0.00463116663456712,0.00430683897020451,0.00383644103764046,0.00340192729684067,0.00295189599419175,0.00241934365764963,0.00200124520502839,0.00161972209730416,0.00122096178249281,0.000941857706474159,0.000710839962746725,0.000492682586901227,0.000354347814056548,0.000243354693868392,0.000155446753781027,0.000101058679536204,6.65169262944572e-05,9.65745025195155e-06,6.22752924538142e-06,0,0,0,0,0
0,0,0,7.41148269454973e-06,1.13393674126116e-05,2.26193588275713e-05,3.32521427015497e-05,4.95679961460189e-05,8.92039468347768e-05,0.000128173215879188,0.00018387012263683,0.000275346301450447,0.000403979520073354,0.000536925001960459,0.000758616877947163,0.000993404037790462,0.00127946915888705,0.00169806505322147,0.00213133121215628,0.00262120122164724,0.00329774547063046,0.00393574312393506,0.00465979490852806,NA,NA,NA,NA,NA,NA,NA,NA,NA,NA,NA,NA,NA,NA,NA,NA,NA,NA,NA,NA,NA,NA,NA,NA,NA,NA,NA,NA,NA,NA,NA,NA,NA,NA,NA,NA,NA,0.0146991692737695,0.0137673142118975,0.0127131891340811,0.0119368057958953,0.0112877351123449,0.0107233892350999,0.0104724175438575,0.0104228992906907,0.0106331128428467,0.011017709385664,0.0115384580836077,0.0123115502459308,0.0129945217309217,0.0136712168670176,0.0144076959732188,0.0148795321360041,0.0152028668139465,0.0153083096552918,0.0151836036866874,0.0148663862037732,0.0142286291030293,0.0135011061130396,0.0126362296820633,0.0114813572836354,0.010459182199522,0.009422196720594,0.00821919106152011,0.00727369198222503,0.00640058694469238,0.00546752740597783,0.00479008399724535,0.00419399830169206,0.00358902464982457,0.00316218430564706,0.00280834312055762,0.00243369846930045,0.00214812831461327,0.00191435027701527,0.00166987194571978,0.00146974955835659,0.00127828179193479,0.00108426941937307,0.000942165526202158,0.000805446132930501,0.000658504313795196,0.000567618592133518,0.000535355842653783,0.000515341468673773,0.000531992048899588,0.000592234319662225,0.000725043921192584,0.000890970156861247,0.00111007819970717,0.00143697943792328,0.00177383965079219,0.00215557695445071,0.00265807530714364,0.00309749097026052,0.00353248508563381,0.00403144760660478,0.00439656482146242,0.00469356648567502,0.00493531000790251,0.00502636435689336,0.00501033502570952,0.00485137217962562,0.00461204819591001,0.00429080843289909,0.00382387584341223,0.00339194026036542,0.00294414640692285,0.00241380300868956,0.00199716057660517,0.0016167766012762,0.00121902604018809,0.000940521681323701,0.000709933249372176,0.000492123617416459,0.000353978739615722,0.000243373042240913,0.000155450345066988,0.000101227561606815,6.66170856649379e-05,9.3875060757811e-06,6.05345791103702e-06,0,0,0,0,0
0,0,0,7.32197802177067e-06,1.12024276919625e-05,2.28671132015383e-05,3.36475621503536e-05,5.04174370141999e-05,9.03849710607998e-05,0.000130543454109078,0.000186980365975486,0.000280645044446981,0.000409817177875835,0.000544586536062937,0.000768889794783051,0.00100700361994276,0.00129622222295737,0.00171819492436881,0.00215544064833782,0.00264909324023771,0.00332973099640121,0.00397143987681137,0.00469927045383163,NA,NA,NA,NA,NA,NA,NA,NA,NA,NA,NA,NA,NA,NA,NA,NA,NA,NA,NA,NA,NA,NA,NA,NA,NA,NA,NA,NA,NA,NA,NA,NA,NA,NA,NA,NA,NA,0.0155493351847239,0.0145639903301311,0.0134462356688455,0.0126172568756403,0.0119174443019161,0.0112986734831285,0.0110075825137883,0.0109241816017656,0.0111026129072875,0.0114675251494805,0.0119716683090179,0.0127322527897676,0.0134085736920515,0.0140807753320483,0.0148160669099367,0.0152893061841902,0.0156158976855849,0.0157270760372337,0.0156095834812377,0.0153010581893345,0.0146733361469909,0.0139518450110354,0.013090723861124,0.0119357294474434,0.010909038088481,0.00986250243633644,0.00864258431239014,0.00767826802032435,0.00678279150052956,0.00581935431377375,0.00511499287938236,0.00449102876655017,0.00385214721329565,0.00339836135171126,0.00302027500157584,0.00261937231799869,0.00231453917714259,0.00206114806339362,0.00179599318739889,0.00157945449326814,0.00137414714499525,0.00116582082060197,0.00101257696362017,0.000865969940971323,0.000707032229567842,0.000606722899708089,0.000566371041330686,0.000537496358964467,0.000546884241631448,0.000600272429446611,0.000724924929435703,0.00088405934539667,0.00109635008493655,0.00141492626462749,0.00174488347953522,0.00212000446440263,0.00261494843932237,0.00304864127313712,0.0034784423417519,0.00397271444636397,0.00433514696979504,0.00463056997214095,0.00487241549163768,0.00496496502570808,0.00495161279098078,0.00479718716418148,0.00456249210177396,0.00424638904604202,0.00378593756344459,0.00335939376276666,0.00291677154117619,0.002392130504828,0.00197970083371161,0.00160298173214421,0.00120889110560154,0.000932847973803502,0.00070423412348925,0.000488235717734361,0.000351211254667454,0.000241733744052624,0.000154393578139862,0.000100698907858715,6.62578795227034e-05,9.05149252777748e-06,5.83678227280486e-06,0,0,0,0,0
0,0,0,7.17519911889744e-06,1.09778599534015e-05,2.29820289874137e-05,3.3850212229311e-05,5.10066120621061e-05,9.10734173348661e-05,0.000132319224360551,0.000189256590074782,0.000284731810669549,0.000413872795641396,0.000549927029115897,0.000775879905753609,0.00101633807045062,0.0013074995776412,0.0017310748005171,0.00217034885258472,0.0026655782871191,0.00334714892241364,0.00398954286430903,0.00471756013331438,NA,NA,NA,NA,NA,NA,NA,NA,NA,NA,NA,NA,NA,NA,NA,NA,NA,NA,NA,NA,NA,NA,NA,NA,NA,NA,NA,NA,NA,NA,NA,NA,NA,NA,NA,NA,NA,0.0163685899421091,0.0153347100463988,0.0141586639330061,0.0132805682112124,0.0125323306162712,0.0118607352514864,0.0115293635722182,0.0114108630415628,0.011554765286957,0.0118967943175093,0.0123803722669274,0.0131232789355451,0.0137886181791888,0.014452097574985,0.0151817025656896,0.0156535450840779,0.015981336855924,0.0160973789432427,0.015987565997586,0.0156892529881187,0.0150748453383885,0.0143632309725536,0.0135104934805731,0.0123617798903363,0.0113359185331218,0.0102856301337478,0.00905542341233001,0.00807732149540992,0.007163906037597,0.00617448858016679,0.00544582485216714,0.00479577244526692,0.00412384413533026,0.00364300429549721,0.00323986972246298,0.00281101829509276,0.00248508376390281,0.00220984587876562,0.00192125114022033,0.00168606369897297,0.00146505349496183,0.00124050643464808,0.00107482226391571,0.000917520366208861,0.000746156915718525,0.000636419948837474,0.000587858223510812,0.000550539512585935,0.000553039760299817,0.000599846122145042,0.000716388335908071,0.000868438454396793,0.00107325080243651,0.00138211927699896,0.00170360365736027,0.00207017578493226,0.00255482195831699,0.00298026420582692,0.00340227724268087,0.00388877821742733,0.00424620480871661,0.00453821365309048,0.00477846226990305,0.00487178264314841,0.00486106447491616,0.00471202623421192,0.00448336815955525,0.00417435496133007,0.00372328211560493,0.00330484703558542,0.00287023912619873,0.00235469426559501,0.00194916132469556,0.00157857007798272,0.00119072738624625,0.000918965445182091,0.000693838260597162,0.000481084220357665,0.0003460919526605,0.000238463139895302,0.000152293629286581,9.94806225296306e-05,6.54448047530527e-05,8.65709888148326e-06,5.5824606969838e-06,0,0,0,0,0
0,0,0,6.9746386019413e-06,1.06710078046537e-05,2.29655371715271e-05,3.38616438379737e-05,5.13343294825308e-05,9.12732857058783e-05,0.00013350887247319,0.000190717379542555,0.000287622375989874,0.000416203549858101,0.000553028251479119,0.000779714463117368,0.00102156941562751,0.00131352265093081,0.00173703903374476,0.00217648228788242,0.00267119866829347,0.00335071141291379,0.00399091624244698,0.00471569587165971,NA,NA,NA,NA,NA,NA,NA,NA,NA,NA,NA,NA,NA,NA,NA,NA,NA,NA,NA,NA,NA,NA,NA,NA,NA,NA,NA,NA,NA,NA,NA,NA,NA,NA,NA,NA,NA,0.0171266222425474,0.0160482673455507,0.0148188390330662,0.0138954179987707,0.0131021661595868,0.0123814547022621,0.0120120567122056,0.0118601689238966,0.0119707946089837,0.0122903080672995,0.0127529960887482,0.0134772478684471,0.0141305066447077,0.014783942730032,0.0155064857715042,0.0159762607652504,0.0163049301860926,0.016426614425071,0.0163259908930066,0.0162101256170774,0.0157238895992931,0.0151619739439796,0.0145097904580534,0.0136853360243873,0.0130136558462452,0.0124059188096378,0.0118365354646592,0.0115213938145901,0.0113699217176717,0.0114080583740447,0.0116038324309973,0.0119051868756625,0.0123512863466092,0.0127283434528728,0.0130649787937144,0.0133034710364631,0.0133074640152473,0.0131284260331646,0.0126407338722553,0.0119874678736817,0.0111484264853645,0.00997074776258692,0.00888802304750873,0.00775565751842108,0.00640243466750682,0.00534691831453024,0.00442265578799089,0.00345815022911717,0.00280312737515276,0.00229981695790522,0.0018903471483714,0.00170414160969549,0.00164811760049193,0.00172716325348109,0.0019115129311048,0.00217836787175292,0.00247977701337608,0.00289430592699291,0.00330586631522062,0.00378147708011631,0.00413156478415063,0.00441819481516482,0.00465517107550754,0.00474851932142926,0.00474034007194808,0.0045974372092411,0.00437611179795398,0.00407601094465043,0.00363704272870678,0.00322928580236585,0.00280538962534048,0.00230217035825737,0.00190609371606547,0.00154398288936223,0.00116486360230999,0.00089912569090747,0.000678934397082282,0.000470799289893123,0.000338714239081634,0.000233620351673884,0.000149188662820642,9.75947008265184e-05,6.41926324240803e-05,8.21309362505705e-06,5.2961474727517e-06,0,0,0,0,0
0,0,0,6.72499050118241e-06,1.02890529846759e-05,2.28213075616167e-05,3.36866135863194e-05,5.14032971192549e-05,9.09963637604209e-05,0.000134129838147932,0.000191393573264308,0.000289350056366329,0.000416891040659877,0.00055400303643405,0.000780565053793362,0.00102291691413862,0.00131458580165148,0.00173651786755199,0.00217439123035397,0.00266665139819973,0.00334133128532436,0.00397666893594175,0.00469501062487775,NA,NA,NA,NA,NA,NA,NA,NA,NA,NA,NA,NA,NA,NA,NA,NA,NA,NA,NA,NA,NA,NA,NA,NA,NA,NA,NA,NA,NA,NA,NA,NA,NA,NA,NA,NA,NA,0.0178388603406995,0.0167235355349597,0.0154496152011987,0.0144878304679587,0.0136559823364249,0.0128931713610984,0.0124905699567485,0.0123094073965134,0.0123906797046394,0.0126901075569928,0.0131335016297248,0.0138400996352113,0.0144814822066302,0.0151244427918154,0.01583863082102,0.0163051238745139,0.0166329880696585,0.0167583544221589,0.0166652062122932,0.0166101465756755,0.0161721681311095,0.0156633185370122,0.0150791555540512,0.0143595794003299,0.0137978012468917,0.0133231350351372,0.0129477289888377,0.0128235197931806,0.0128889007825743,0.0132166212187071,0.0136710316768015,0.014237009258371,0.0149909460727472,0.0156022019401737,0.0161387617956263,0.0165527679291197,0.0166369874931468,0.016468720707112,0.0159029356328719,0.015110863673568,0.0140764717481666,0.0126038130807765,0.0112401150030688,0.00981130140907194,0.00809958450116063,0.00675770458742653,0.00556806335368507,0.0043232589624453,0.003468637967529,0.00279741924168291,0.0022254879501526,0.00193278062161997,0.00179237545219182,0.00179342187464213,0.00192811974701822,0.0021558959203901,0.00239121687365332,0.00279236066539992,0.00319098867747444,0.00365278261891094,0.00399332851758821,0.00427270693826368,0.00450479423584818,0.0045974264894167,0.00459164463341286,0.00445551355873054,0.0042426832852924,0.00395315540205419,0.00352879790771686,0.00313409445409166,0.00272341253313963,0.00223552373736132,0.00185129043344961,0.00149985762247663,0.00113177748878078,0.000873695908386612,0.000659798965115267,0.000457572208126492,0.000329215655349574,0.000227295613923316,0.000145136744618445,9.50766098718582e-05,6.25249878449224e-05,7.72900136173914e-06,4.98398446402525e-06,0,0,0,0,0
0,0,0,6.43196771881631e-06,9.84073607880786e-06,2.25549974221381e-05,3.33327325834092e-05,5.12196857964496e-05,9.02612436174546e-05,0.000134206970162624,0.000191325663263557,0.000289962266372892,0.000416035358204123,0.000552987221000682,0.000778635898349374,0.0010206420835768,0.00131103685622212,0.00173001064430449,0.00216471646834316,0.00265274728019701,0.00332007051469754,0.00394809369526641,0.00465706718181316,NA,NA,NA,NA,NA,NA,NA,NA,NA,NA,NA,NA,NA,NA,NA,NA,NA,NA,NA,NA,NA,NA,NA,NA,NA,NA,NA,NA,NA,NA,NA,NA,NA,NA,NA,NA,NA,0.0184745238337343,0.0173279722969504,0.0160162149662973,0.0150210288090436,0.0141547901042158,0.0133538009368347,0.0129197919733465,0.0127099908677079,0.0127610788829035,0.0130385027205441,0.0134596879911822,0.014144221947739,0.0147697444861132,0.0153982062455689,0.0160997065589921,0.0165603883583824,0.0168857488701265,0.0170147775227398,0.0169305064336484,0.0169513693412866,0.0165748511250978,0.0161347534426621,0.015638958672991,0.015056174160388,0.0146378734203974,0.0143368785951315,0.0142138717402782,0.0143374704193248,0.0146835841467989,0.0153851217641845,0.0161726824661571,0.0170789300299207,0.0182284868879845,0.0191406698932923,0.0199341635345571,0.02057475569342,0.0207645498753338,0.0206144869460668,0.0199558588862367,0.0189939857760276,0.0177183981040786,0.01587990931668,0.0141672606443371,0.0123698620063659,0.0102125136860923,0.00851463526035043,0.00699481936986058,0.00540141550740639,0.00429877714450246,0.00341906252870326,0.00264572869775098,0.00222130270564363,0.00197684410030957,0.00188209023371712,0.00195613262944875,0.00213645098097006,0.00229076178981618,0.00267628153225903,0.00305972557806338,0.0035050215796875,0.0038339941060817,0.00410437589455415,0.00433005019767833,0.00442123945746917,0.00441767417804368,0.00428883353261243,0.00408551069870769,0.00380802801292811,0.00340052540672398,0.00302101562446552,0.00262581158321575,0.00215597995428127,0.0017857613781238,0.00144700916366606,0.0010920816795976,0.00084314801621238,0.000636787876576858,0.000441649666889868,0.000317773761302973,0.000219607573901014,0.000140214095916159,9.19742139064764e-05,6.04736314592326e-05,7.21476531490708e-06,4.65238347855511e-06,0,0,0,0,0
0,0,0,6.10208498149116e-06,9.33602444204473e-06,2.21739545212345e-05,3.28100517848587e-05,5.07926342572858e-05,8.90922044653952e-05,0.000133770683432717,0.000190561008935044,0.00028951681046577,0.000413748875592919,0.000550131278183874,0.000774151679571367,0.00101503312040974,0.00130325689846397,0.00171805807503535,0.00214815463739814,0.00263036819855099,0.003288086229908,0.0039066029440741,0.00460358263265274,NA,NA,NA,NA,NA,NA,NA,NA,NA,NA,NA,NA,NA,NA,NA,NA,NA,NA,NA,NA,NA,NA,NA,NA,NA,NA,NA,NA,NA,NA,NA,NA,NA,NA,NA,NA,NA,0.0190395309331779,0.0178685886147566,0.0165271909575244,0.0155050746430714,0.0146103581553371,0.0137773576660176,0.0133156442717935,0.0130801202359663,0.0131030570513341,0.0133590168118999,0.013757576208168,0.0144184742772656,0.0150262794258744,0.0156380086849058,0.0163240073668038,0.0167769849587484,0.0170980853865518,0.017229604847092,0.0171539274275107,0.0172658498761061,0.0169620067440348,0.0166047929737319,0.0162167478437406,0.0158026345531245,0.0155628049163386,0.015478951778558,0.015672533106132,0.016107702053325,0.0168071976734126,0.0179795403469923,0.0191868148783501,0.0205219397386721,0.0221706695415226,0.0234629922098381,0.0245815229340418,0.0255103070491137,0.0258365633516401,0.02571495684121,0.0249477166911163,0.0237806533963069,0.0222106735104371,0.0199234990710897,0.0177819991995681,0.0155309005802215,0.0128247713017624,0.0106882242706955,0.00876120923471634,0.00673773547815097,0.0053291996886012,0.00419239535227971,0.00317099697405696,0.00258465208801171,0.00221264185454471,0.00200096894733514,0.00200153565559913,0.00212471911040638,0.00218076671335545,0.00254852358877438,0.00291467267219819,0.00334097711031165,0.00365649399979846,0.00391618399524277,0.00413404469826935,0.00422309792337355,0.00422153715738862,0.00410038483761443,0.00390741880784137,0.00364324395991061,0.00325454396234193,0.00289209870798956,0.00251436019858362,0.00206498872364882,0.00171070381679146,0.00138640546201643,0.00104650532291586,0.000808044449988232,0.000610325778561431,0.000423326294105991,0.000304600739726337,0.000210699667573591,0.000134512757178033,8.83462872042992e-05,5.80774698366371e-05,6.68041201347483e-06,4.30781004299815e-06,0,0,0,0,0
0,0,0,5.74241878693615e-06,8.78574492389185e-06,2.16868942880497e-05,3.21306119354528e-05,5.01337340961788e-05,8.75180389617882e-05,0.000132855084638826,0.00018915105264273,0.000288078160761841,0.000410150162393438,0.000545592166940338,0.000767345652999031,0.0010063896695405,0.00129164053451618,0.00170121520752869,0.00212542420394462,0.00260042506321424,0.00324657722820354,0.00385366496158892,0.00453635260886708,NA,NA,NA,NA,NA,NA,NA,NA,NA,NA,NA,NA,NA,NA,NA,NA,NA,NA,NA,NA,NA,NA,NA,NA,NA,NA,NA,NA,NA,NA,NA,NA,NA,NA,NA,NA,NA,0.0195321426191155,0.0183464205051838,0.0169866080972934,0.0159463377703689,0.0150311301738898,0.0141743421755739,0.0136902483689763,0.0134327749888376,0.0134301225835639,0.0136654862891939,0.0140408592273865,0.014676005988137,0.0152635843457479,0.0158556170221389,0.0165224327176497,0.0169652066711186,0.0172798269623101,0.0174124576896078,0.0173451464235739,0.0175661917507317,0.0173486268687934,0.0170913147468448,0.0168342190297993,0.0166266827504399,0.0166064683637672,0.0167908458643737,0.0173761697441995,0.0181971866172243,0.0193346876006331,0.0210905030360171,0.022817797966821,0.0246842219552485,0.0269517797839504,0.0287153133160992,0.0302368109939856,0.0315236655350213,0.0320206883407253,0.0319378299960948,0.0310417250515193,0.0296268958024726,0.0276994489955594,0.0248662737938963,0.022202671150171,0.0193989841301771,0.0160247959444837,0.0133544100732487,0.0109317762117306,0.00838523811257981,0.00660493277645912,0.00515582330459541,0.00383333076752672,0.00305063266993958,0.00252408904233863,0.002170922402643,0.00208273884595395,0.00213699319096605,0.00207374486323278,0.00242051857690093,0.00276615439894279,0.00316969117570431,0.00346888580457831,0.00371541867643508,0.00392308340859735,0.00400860680214584,0.00400822396205167,0.0038945067306362,0.00371225648783183,0.00346219613623849,0.00309373485360833,0.00274963935870709,0.00239104895529605,0.0019641808023233,0.00162746665274454,0.00131913855188538,0.000995872172022828,0.000769021212388905,0.000580893219211778,0.000402935719707381,0.000289936945211365,0.000200735721980353,0.000128137759469718,8.42606778681298e-05,5.53813388884798e-05,6.13573370488466e-06,3.95657860948549e-06,0,0,0,0,0
0,0,0,5.3603566552271e-06,8.20120022960545e-06,2.11035702937293e-05,3.13079852523595e-05,4.92565298785855e-05,8.55708973670054e-05,0.000131496187188709,0.000187148711644206,0.000285713960116019,0.000405358382217988,0.000539525883117644,0.000758448734261253,0.000995008826809886,0.00127657776070911,0.00168002660194523,0.00209723396721059,0.00256381868256583,0.00319673384515334,0.00379074373495425,0.00445717918916587,NA,NA,NA,NA,NA,NA,NA,NA,NA,NA,NA,NA,NA,NA,NA,NA,NA,NA,NA,NA,NA,NA,NA,NA,NA,NA,NA,NA,NA,NA,NA,NA,NA,NA,NA,NA,NA,0.0199420267810989,0.0187492250301586,0.0173799491124043,0.0163285385617661,0.0153992574324616,0.0145253030268536,0.014023064567641,0.0137468706471323,0.0137210541066764,0.0139365099876027,0.014288669400261,0.0148968902310895,0.0154626691112913,0.0160329941507011,0.016677908894437,0.0171089575658526,0.0174152067471626,0.0175474557544946,0.0174877554234784,0.0178379783381983,0.0177208495100659,0.0175816094504475,0.0174808406970052,0.017522355414227,0.0177689063774375,0.0182808408196095,0.0193462485324403,0.0206415438779823,0.0223179685361359,0.0247922446770499,0.0271600737143863,0.0296810190077359,0.0327109814958772,0.0350552008903783,0.0370732736022519,0.0388020316183483,0.0395108768179246,0.0394789760746626,0.0384294764128977,0.0367155685284935,0.0343546472863497,0.0308582384751005,0.0275601153279507,0.0240844834705794,0.0198980668531019,0.0165786639159336,0.0135537414522622,0.0103713950123814,0.0081396503777943,0.00631179517359485,0.00462508834431338,0.00360584012801381,0.0028939104828633,0.00237284056996014,0.00218068187705755,0.00215533266335266,0.00195239438590723,0.00227798383606758,0.00260285495834411,0.00298317273472791,0.00326564725091363,0.00349863232900875,0.00369582226481241,0.00377776579770088,0.0037787300190636,0.00367298196163147,0.00350217569873835,0.00326719641013094,0.00292039263890859,0.00259611240516728,0.00225802718456773,0.00185531993486693,0.00153751053808563,0.00124639215419355,0.000941076055066217,0.000726768878838537,0.000549012256875105,0.000380840553975076,0.000274043667229585,0.000189894970092533,0.000121203923359664,7.97922020407061e-05,5.24346120571257e-05,5.59000210823196e-06,3.60466797162363e-06,0,0,0,0,0
0,0,0,4.96334799998274e-06,7.59378775988286e-06,2.04344553512417e-05,3.03568330587155e-05,4.81760635912735e-05,8.3285213133511e-05,0.000129730321340333,0.000184606097515349,0.000282491956812338,0.00039948848191295,0.000532081118258853,0.000747680153226311,0.000981173125417806,0.0012584383933014,0.00165500499884026,0.00206425568656787,0.00252140553043656,0.00313969365290673,0.00371924540479459,0.00436780592415502,NA,NA,NA,NA,NA,NA,NA,NA,NA,NA,NA,NA,NA,NA,NA,NA,NA,NA,NA,NA,NA,NA,NA,NA,NA,NA,NA,NA,NA,NA,NA,NA,NA,NA,NA,NA,NA,0.0202676509659293,0.0190758153646189,0.0177064729981748,0.0166513841311844,0.0157149562497454,0.0148310418250881,0.0143153956204395,0.0140241680752546,0.0139780600832516,0.0141748084902645,0.0145040719127496,0.0150845080305759,0.0156271366389652,0.0161739623651718,0.0167945459585812,0.0172118287574165,0.0175077374146334,0.0176378785997698,0.0175846679688054,0.0180865769327849,0.0180849413078103,0.0180830619824514,0.0181655908571505,0.0185014321186308,0.0190652291687079,0.0199685419663066,0.021609709834444,0.0234754145113707,0.0258012898829014,0.0291428136013886,0.0322848794167388,0.0355978898302294,0.0395519712005853,0.0426011265437821,0.0452230799653763,0.0474914641376785,0.0484617773120977,0.0484983730813394,0.0472725413830466,0.0452055698544248,0.0423290685618721,0.0380411144926907,0.0339844789417275,0.0297046238376139,0.0245456058696755,0.0204487006395263,0.0167021759435175,0.0127577684645541,0.00998513245124672,0.00770370657664604,0.00558137027690362,0.00427977712708324,0.00334745762804273,0.00262747193513954,0.00231306851266866,0.0021949488490077,0.00182772870357037,0.00213095907910762,0.00243388142751145,0.00278950796185733,0.00305411014854136,0.00327248679167077,0.00345823023663676,0.00353603433002647,0.00353804831376816,0.00344027825162122,0.00328122102219539,0.00306187210139346,0.00273764962587708,0.00243410089254839,0.00211754108530074,0.00174025182839805,0.00144236546340191,0.00116940719100988,0.000883054738523478,0.000682012347359258,0.000515231111888375,0.000357421697075184,0.000257195410606648,0.000178366689926465,0.00011383242149715,7.50203600353738e-05,4.92896939347922e-05,5.05172447053531e-06,3.2575639593391e-06,0,0,0,0,0
0,0,0,4.55866817063659e-06,6.9746386019413e-06,1.96904474540617e-05,2.92924990122504e-05,4.69084843898037e-05,8.06967590835475e-05,0.000127592823038971,0.000181572680209514,0.000278477530692153,0.000392647404281611,0.000523394330995719,0.000735240123125241,0.000965141078338233,0.00123755979162098,0.00162661446364299,0.00202710208500012,0.00247396995177951,0.00307650495606803,0.00364047365331796,0.00426986280202768,NA,NA,NA,NA,NA,NA,NA,NA,NA,NA,NA,NA,NA,NA,NA,NA,NA,NA,NA,NA,NA,NA,NA,NA,NA,NA,NA,NA,NA,NA,NA,NA,NA,NA,NA,NA,NA,0.0205114549074071,0.0193289668529253,0.0179693226175283,0.0169183281224271,0.0159819799404322,0.0150955303458486,0.0145713653813694,0.0142688485333537,0.0142052496508485,0.0143843275819169,0.0146908152559562,0.0152422627816013,0.0157600506122029,0.0162812254081677,0.0168745978082349,0.0172760518209981,0.017559430502508,0.0176855518490002,0.0176376483202263,0.018316966509013,0.0184482115477512,0.0186059355378303,0.0189028703326274,0.0195852169569687,0.0205244165791065,0.021892588345536,0.0242195544256658,0.026766161428354,0.0298683571389031,0.0342476502554754,0.0383169154478195,0.0425790555195359,0.0476415409038429,0.0515368247496058,0.0548841940600328,0.0578022642101346,0.0590892643446284,0.059212837531682,0.0577826264626155,0.0552995038594875,0.0518123577908215,0.0465850856057346,0.0416275608118784,0.0363918542922228,0.0300766669721491,0.0250553693673406,0.020451048180589,0.0156005147174862,0.0121850082842438,0.00936478872951519,0.00672558887669951,0.00508965564993083,0.00389708059127997,0.00294331820372756,0.00248626113067729,0.00226079971932371,0.00170188585054175,0.00198188136827873,0.00226197359619272,0.00259178987139976,0.00283763091291999,0.00304055200488087,0.00321406090010916,0.00328723911277467,0.00328999973843458,0.00320010480478319,0.00305292730036063,0.00284952038244799,0.00254845362215573,0.0022662240980577,0.0019718708422512,0.00162085222573285,0.00134358755178022,0.00108944662300782,0.000822763257106198,0.000635490166202996,0.000480108494505869,0.000333067422285297,0.000239672013557076,0.000166344693691015,0.000106147249667303,7.00269727148274e-05,4.60004640788064e-05,4.52844975873372e-06,2.92013446334408e-06,0,0,0,0,0
0,0,0,4.15320577949813e-06,6.35429214569225e-06,1.88826109115093e-05,2.81306519272391e-05,4.54707352290062e-05,7.78418659146704e-05,0.00012511705765851,0.00017809397290642,0.000273731914594814,0.000384931467984634,0.000513586417148923,0.000721304806798932,0.000947140639511506,0.00121423834069812,0.00159525864096364,0.00198631106012051,0.00242220385302208,0.00300809945508141,0.00355559569785897,0.00416482321344695,NA,NA,NA,NA,NA,NA,NA,NA,NA,NA,NA,NA,NA,NA,NA,NA,NA,NA,NA,NA,NA,NA,NA,NA,NA,NA,NA,NA,NA,NA,NA,NA,NA,NA,NA,NA,NA,0.0206747347084707,0.0195099216994501,0.0181696072864858,0.017130375997514,0.0162012524772147,0.0153195831630779,0.0147917035453756,0.0144815658222591,0.0144031865948002,0.0145655653704928,0.0148493872573878,0.0153706235713268,0.0158618714644109,0.0163552467294425,0.0169185289011704,0.0173020665295934,0.017570662757662,0.0176907033938916,0.0176467374367154,0.0185321411928414,0.0188153800295521,0.0191571528377234,0.0197027555872301,0.0207891913501538,0.0221681353629475,0.0240826312039991,0.0272176592744336,0.0305681552533477,0.0345880720999092,0.0401954327664933,0.0453627785226128,0.0507496482517723,0.0571267747938488,0.0620263145621238,0.0662353244151439,0.0699266000903366,0.0715924164223423,0.0718239969900044,0.0701584028199998,0.0671888026922785,0.0629848222341322,0.0566530572519278,0.050635411881327,0.0442742038834518,0.0365973911056255,0.0304872663102544,0.0248727477734491,0.0189547985901684,0.0147822576259141,0.0113278611479943,0.00808092667727974,0.00605254777944493,0.00455523581986344,0.00332893599871567,0.00270664016978623,0.00235783112946557,0.00157694284431249,0.00183311698342132,0.00208979179486981,0.00239302574720155,0.00261947757380286,0.00280630931327628,0.00296698198430515,0.00303512552606679,0.00303832996999185,0.00295610441894758,0.00282077097215007,0.00263338815245321,0.00235571156085292,0.00209506735180619,0.00182326923691345,0.00149897614207769,0.00124271678259194,0.00100776101906341,0.000761147782987727,0.000587934273072759,0.000444198242509758,0.000308162675190468,0.000221750923069664,0.000154021894325792,9.8271751800944e-05,6.4893837732885e-05,4.26207364623449e-05,4.02662946233849e-06,2.59653967484432e-06,0,0,0,0,0
0,0,0,3.75328145879632e-06,5.74241878693615e-06,1.80219588094575e-05,2.6886986077565e-05,4.38803183781831e-05,7.47568163964528e-05,0.000122333804975907,0.000174210769654234,0.000268311154754953,0.00037642496510799,0.000502761039914974,0.000706023686300387,0.000927365724735736,0.00118872487826099,0.00156127438039322,0.00194233648633627,0.00236669438882732,0.00293527479986283,0.00346561980851181,0.0040539741362518,NA,NA,NA,NA,NA,NA,NA,NA,NA,NA,NA,NA,NA,NA,NA,NA,NA,NA,NA,NA,NA,NA,NA,NA,NA,NA,NA,NA,NA,NA,NA,NA,NA,NA,NA,NA,NA,0.0207928284423071,0.0196561865260077,0.018346673776049,0.0173277155283123,0.0164131279595001,0.0155427641324551,0.0150146392579523,0.0146986200257716,0.0146052092778087,0.0147490042657602,0.0150072432784599,0.0154932940452335,0.0159532178338148,0.0164137038843555,0.0169407604226743,0.0173018340873784,0.0175511935864356,0.0176607671336275,0.0176176874197473,0.0187395104858485,0.0191943736951547,0.0197460329409336,0.0205767571129791,0.0221297168015495,0.0240184957549313,0.0265683311485399,0.0306453768397171,0.0349347744399529,0.0400277468478634,0.0470726767248464,0.0535263987986937,0.0602316266219992,0.0681510045478834,0.0742294303432973,0.0794506361545421,0.0840517891549124,0.0861653233399631,0.0865284630034184,0.084593644851621,0.0810602137638804,0.0760223902528979,0.0684040180141094,0.0611505997860387,0.0534766728081387,0.044211429747705,0.0368309251666845,0.030037995032912,0.022874524131624,0.0178188840203238,0.0136250014314988,0.00967004176939728,0.00718513498279754,0.00533408585897393,0.00379266974691949,0.00298041187157659,0.00249083466067207,0.00145487171134256,0.00168691017168774,0.00191985807122962,0.00219606903945383,0.00240275445271381,0.00257307001537427,0.00272048809824282,0.00278326739208039,0.00278661824550023,0.00271176373238133,0.00258808368406175,0.00241659073256014,0.00216221611443368,0.00192311633337099,0.00167390409933996,0.0013764102177856,0.00114123727753355,0.000925556192012438,0.000699121050208358,0.000540050935373222,0.000408034868166375,0.000283079007219102,0.000203699929922552,0.00014158516595536,9.03253371733147e-05,5.97005010039426e-05,3.9202797047057e-05,3.55153414732053e-06,2.29017827598335e-06,0,0,0,0,0
0,0,0,3.36450386708143e-06,5.14759962106433e-06,1.71192787536046e-05,2.55769809115285e-05,4.21551330086735e-05,7.147741107487e-05,0.000119271002017145,0.000169958924324176,0.000262265794543953,0.000367199936610865,0.000491004560867125,0.000689519270480366,0.000905975716515907,0.00116122397618978,0.00152493063147786,0.00189554554959865,0.00230791962700937,0.00285868710965147,0.00337138452123087,0.00393839991071207,NA,NA,NA,NA,NA,NA,NA,NA,NA,NA,NA,NA,NA,NA,NA,NA,NA,NA,NA,NA,NA,NA,NA,NA,NA,NA,NA,NA,NA,NA,NA,NA,NA,NA,NA,NA,NA,0.020823217719379,0.019720661410205,0.0184489006425987,0.0174560253437857,0.0165617021356599,0.0157087549311356,0.015184810307904,0.0148666603520814,0.014761573006599,0.0148886973077908,0.0151227807187208,0.0155742621220256,0.0160028296000973,0.0164299998493305,0.0169199649858676,0.0172579908508251,0.0174871788966004,0.0175854461866576,0.0175425951946745,0.0189360040396927,0.0195856392758014,0.0203763252078385,0.0215329718568472,0.0236203940296141,0.0260950419428048,0.0293766801341528,0.034540913440766,0.0399155906518125,0.0462503032052315,0.0549601394336359,0.0629047259414726,0.0711387207177693,0.0808478793330902,0.0882952181237716,0.0946925644460177,0.100352579172765,0.102989096332331,0.103509745473777,0.101269269997741,0.0970881345618057,0.0910893956609162,0.0819865245670164,0.0733063710676848,0.0641161177277843,0.0530157079504852,0.044167283467769,0.0360129569494546,0.0274101410567918,0.0213342099687409,0.0162862484149583,0.0115141588705842,0.00850304618267922,0.0062450250835455,0.00434233830640162,0.00331338638249739,0.00266428790063172,0.00133750026532931,0.00154533781362677,0.00175450441038001,0.00200355948759812,0.00219033589435731,0.00234390363969857,0.00247782366715395,0.00253498711413134,0.0025381964252919,0.00247033337869449,0.00235797527976309,0.00220203925272643,0.0019705800244782,0.00175269821533858,0.00152580668929089,0.00125482992591623,0.00104054160375355,0.00084396408994715,0.000637540240141304,0.000492503595383645,0.000372120549016038,0.000258165516145237,0.000185770632328102,0.000129210692451407,8.24205134657871e-05,5.45222293696817e-05,3.57960756555001e-05,3.10722381738684e-06,2.0036683275497e-06,0,0,0,0,0
0,0,0,2.99166626972365e-06,4.5771682140283e-06,1.61850001223383e-05,2.42157168580243e-05,4.0313370838653e-05,6.80386861967027e-05,0.000115953813378562,0.000165369620123048,0.000255641212497432,0.000357317005461939,0.000478387405140691,0.000671888920826437,0.000883097681803126,0.00113189673833317,0.00148643217531878,0.00184622215090084,0.00224625168456361,0.00277885293293302,0.00327355901796961,0.00381897917039334,NA,NA,NA,NA,NA,NA,NA,NA,NA,NA,NA,NA,NA,NA,NA,NA,NA,NA,NA,NA,NA,NA,NA,NA,NA,NA,NA,NA,NA,NA,NA,NA,NA,NA,NA,NA,NA,0.0207820727225981,0.0197208274441817,0.0184951609483023,0.0175351275144813,0.0166674925877992,0.0158384417929639,0.0153231257626023,0.0150062301209878,0.0148919518442851,0.0150032963286055,0.0152134570498675,0.0156293830376359,0.0160251717322041,0.0164172399575034,0.0168677200387542,0.0171809340939814,0.0173879797575858,0.0174730041886314,0.01742893409591,0.0191309861194272,0.0199995831059758,0.0210598272292227,0.0225851670238101,0.0252790000217132,0.0284201708636576,0.0325360637747742,0.0389418806025105,0.0455576970912168,0.0533138359114674,0.0639311246472775,0.0735849025961348,0.0835724467866064,0.0953360223548024,0.104355549122235,0.112104518567726,0.118982996609017,0.122223237890529,0.122929376969955,0.120344481413305,0.115426015900459,0.108330438122659,0.0975313159297081,0.0872200137627273,0.0762953917247718,0.0630955692270169,0.0525676328012141,0.0428559418274409,0.0326061305102874,0.025362922950198,0.0193381161155361,0.0136320285997137,0.0100201010214862,0.00729813923116344,0.00498488045473541,0.0037107298445687,0.0028821798246771,0.00122647840627431,0.00141027100440044,0.00159582924281693,0.00181787303160661,0.00198481087249644,0.00212157800045256,0.0022419183686692,0.00229328861271687,0.00229608086092912,0.00223476058315732,0.00213326864538527,0.00199237909252934,0.00178318030829976,0.00158593160975362,0.00138082773232177,0.00113576307353311,0.000941900299102061,0.000764017928736981,0.000577188078910175,0.000445898203715058,0.000336914005258951,0.000233741101954903,0.000168192850607402,0.000117059966157522,7.46603385944358e-05,4.94282566407301e-05,3.2445999156896e-05,2.69656749023598e-06,1.738859892568e-06,0,0,0,0,0
0,0,0,2.63868454092621e-06,4.03711574710201e-06,1.52290980731745e-05,2.2817739792592e-05,3.83734508541314e-05,6.44747531615534e-05,0.000112404976322074,0.000160470046772823,0.000248478501916819,0.000346827082388833,0.000464966607533809,0.00065320844927002,0.000858830870751335,0.00110086657143225,0.0014459274850923,0.00179457557212638,0.0021819664108561,0.00269615960094263,0.00317265353562798,0.00369639378055569,NA,NA,NA,NA,NA,NA,NA,NA,NA,NA,NA,NA,NA,NA,NA,NA,NA,NA,NA,NA,NA,NA,NA,NA,NA,NA,NA,NA,NA,NA,NA,NA,NA,NA,NA,NA,NA,0.0206821268202077,0.0196688732445385,0.0184967752391998,0.0175754869195003,0.0167400318343562,0.0159401402539798,0.0154368224137448,0.0151235677219298,0.0150014436738644,0.015097024023736,0.0152827216964438,0.0156612845185063,0.0160222599776853,0.0163768879018207,0.0167848638566958,0.0170709444120161,0.0172533216219106,0.0173224289090383,0.017275033836975,0.0193243586039646,0.0204366691282724,0.0217980913965154,0.0237366939716277,0.0271122341980403,0.0310046269363522,0.0360626098663635,0.0438728479979062,0.0518944228386334,0.0612619537297066,0.0740433501046077,0.0856375033310824,0.0976167440809991,0.111715301182458,0.122522660635166,0.131809571482201,0.14007621691017,0.144006314154056,0.144928215969864,0.1419586085166,0.136208478970083,0.127872639238922,0.115153581885725,0.102995033943333,0.0901054802071099,0.0745266105595722,0.0620951944139488,0.050618718934391,0.0385020402998092,0.0299358988342216,0.0228042326753324,0.0160403829868691,0.0117486431215291,0.00850244183907917,0.0057265033639671,0.00417705908604245,0.00314806553543887,0.00112331687392095,0.0012833442001437,0.00144566306135665,0.00164108256758858,0.00178843972196595,0.00190851246178479,0.00201533668907135,0.00206080479864647,0.00206291888443932,0.00200763604509665,0.00191644822534114,0.00178994111583052,0.00160211394189488,0.00142468676983985,0.00124060239554847,0.00102056067056497,0.000846437519984787,0.000686632302945352,0.000518757708532586,0.000400771477405383,0.000302821594718347,0.000210088268321959,0.000151170158688115,0.000105276559234657,6.71363687417879e-05,4.44803580398049e-05,2.91930616459769e-05,2.32130531749885e-06,1.49687509384397e-06,0,0,0,0,0
0,0,0,2.3085751430328e-06,3.53205732581985e-06,1.42610275121498e-05,2.13969640378914e-05,3.63539717494086e-05,6.08187218936509e-05,0.000108645351856813,0.000155284379545397,0.000240815748282015,0.000335773713679856,0.000450789225427399,0.00063353705034736,0.000833252947632633,0.00106822723540619,0.00140351980289515,0.0017407533367744,0.00211525837148642,0.00261088251740261,0.00306903817783432,0.00357114805254839,NA,NA,NA,NA,NA,NA,NA,NA,NA,NA,NA,NA,NA,NA,NA,NA,NA,NA,NA,NA,NA,NA,NA,NA,NA,NA,NA,NA,NA,NA,NA,NA,NA,NA,NA,NA,NA,0.02053024913752,0.0195710036830464,0.0184592832374657,0.017582062300459,0.0167837738053217,0.0160177991085328,0.0155296531718435,0.0152223521273882,0.0150938710387707,0.01517403688559,0.0153352807530189,0.0156755996215774,0.0160006927132861,0.0163166619967379,0.016680582957854,0.0169384193449538,0.0170948009552299,0.017146569231969,0.0170945739489516,0.0195314905863265,0.0209132562106897,0.0226081762523263,0.0250052921732267,0.0291387265159403,0.0338680111270235,0.0399772361276097,0.049356966795523,0.0589514366006657,0.0701234870282032,0.0853302839020774,0.0991004443519331,0.113314324444524,0.130034336896968,0.142849848835562,0.153865152510969,0.163693503532483,0.16840154749489,0.169570148536899,0.166174513807605,0.159496054797472,0.149772926081655,0.134904798094414,0.120677615061488,0.105586872721859,0.0873424322525867,0.0727780485544341,0.0593242982376307,0.045115464741961,0.0350669042055905,0.026695180775637,0.0187467936589283,0.0136943443964567,0.00986217694209184,0.00657029357747357,0.00471481947266935,0.00346398647126123,0.00102912005214824,0.00116593223114382,0.00130554353717618,0.00147493007702831,0.00160312364924155,0.00170674517565786,0.00180024249931216,0.00183976057320153,0.00184095097282689,0.00179115619748291,0.00170962329611956,0.00159670675302538,0.00142916599796707,0.00127055694136049,0.00110652499859967,0.000910375834417926,0.000755113373735339,0.000612588735981088,0.00046284168330294,0.000357582355632531,0.00027019083222723,0.000187448613256076,0.000134876635516595,9.39837458215322e-05,5.99271516542727e-05,3.97317887990391e-05,2.6072134605455e-05,1.98214514400823e-06,1.27817037943401e-06,0,0,0,0,0
0,0,0,2.00346967110483e-06,3.06525423278508e-06,1.32896792334341e-05,1.99666025996654e-05,3.42736610029382e-05,5.71026683700573e-05,0.000104694603962275,0.00014983494173179,0.000232689543730809,0.00032419581628585,0.00043589627190934,0.000612923077891949,0.000806427336816403,0.00103405238966749,0.00135928039404859,0.00168485702933176,0.00204625967155396,0.00252320764289509,0.0029629681581126,0.0034435960733475,NA,NA,NA,NA,NA,NA,NA,NA,NA,NA,NA,NA,NA,NA,NA,NA,NA,NA,NA,NA,NA,NA,NA,NA,NA,NA,NA,NA,NA,NA,NA,NA,NA,NA,NA,NA,NA,0.0203336960812639,0.0194336901320412,0.0183879891223958,0.0175592948729408,0.016802295538561,0.0160739306349181,0.0156032511217303,0.0153033294131386,0.0151688575979307,0.0152329593845746,0.0153686911921276,0.0156685095877929,0.0159554129131791,0.016230211932236,0.0165469235902026,0.0167740222880381,0.0169017969313391,0.0169333945813998,0.0168745526506702,0.0197393515466535,0.0214162423585475,0.0234773836072959,0.0263791572672272,0.031348380652576,0.0370022189885751,0.0442743397939974,0.0553923092457684,0.0667303935748405,0.0799040841036701,0.0978028213806723,0.113989233139258,0.130685381825115,0.150318845310896,0.165367095704352,0.178305019828973,0.189872246762796,0.195448422705759,0.196895798905002,0.193032868838897,0.185328371415453,0.174069122822906,0.156819498949536,0.140298982237049,0.122767169128086,0.1015661349895,0.0846356409546196,0.0689887389735139,0.0524587964543522,0.0407657126394263,0.0310185379330617,0.0217567430640402,0.0158613546572745,0.0113804849433525,0.00751858156118591,0.00532588422118367,0.00383152647067575,0.00094491448601749,0.00105913515736371,0.00117670011235592,0.00132081014441139,0.00143038708135036,0.00151791439556843,0.00159837882502919,0.0016319515854816,0.00163198886599838,0.00158710116452652,0.0015145063397379,0.00141428727939562,0.00126579057828992,0.00112484118203726,0.000979733749820296,0.000806150979124216,0.000668713147256587,0.00054252684450731,0.000409925225506285,0.000316706757167348,0.000239306412070441,0.000166020063051756,0.000119454874855177,8.32830072779772e-05,5.30972849075874e-05,3.52266025982456e-05,2.31120268700561e-05,1.67888463351866e-06,1.082615274435e-06,0,0,0,0,0
0,0,0,1.72466100619508e-06,2.63868454092621e-06,1.23233504347384e-05,1.8539113619024e-05,3.21513021999649e-05,5.33576089055622e-05,0.000100571927187051,0.000144143429924166,0.000224136575050896,0.000312130542490877,0.000420326818185179,0.000591410163691327,0.000778411047778485,0.000998405824282445,0.00131326289384627,0.00162695976347204,0.00197506105414469,0.00243325728096206,0.00285461330799072,0.00331397472575288,NA,NA,NA,NA,NA,NA,NA,NA,NA,NA,NA,NA,NA,NA,NA,NA,NA,NA,NA,NA,NA,NA,NA,NA,NA,NA,NA,NA,NA,NA,NA,NA,NA,NA,NA,NA,NA,0.0200990160717581,0.0192628277122945,0.0182881013527058,0.0175117890711919,0.0167996561806254,0.0161120535204754,0.0156608868892155,0.0153696268364804,0.0152295904060665,0.0152772323117394,0.0153868257844393,0.0156446463922952,0.0158918392044084,0.0161238614122983,0.0163913672136842,0.0165861424946308,0.0166835928431584,0.0166930718039154,0.0166256831626445,0.0199585387100709,0.021955975731548,0.0244154049815533,0.027866908275396,0.0337479037743133,0.0404118662494825,0.0489560008465927,0.0619773959042907,0.0752264754757513,0.0905953164085907,0.111448002577631,0.130287080031244,0.149709391462888,0.172544170449996,0.190046733107071,0.205099047910159,0.218580254728189,0.225113846348194,0.226871949114723,0.222501320730303,0.213674549547155,0.200732364897334,0.180871946402511,0.161836308703001,0.141626571568191,0.11718151196028,0.0976546029753351,0.0796013036135529,0.0605240255554033,0.047026228934793,0.0357698036118727,0.0250672471087395,0.0182476628498996,0.0130561029892694,0.00857081156335882,0.00601011091147891,0.00425085488529846,0.000871424735483436,0.000963770657049957,0.00106004767616179,0.00117976440598038,0.00127137236216061,0.00134325334667393,0.0014110622982604,0.0014387382540336,0.00143740917458746,0.00139682799870764,0.001332406140737,0.00124391695786113,0.00111310426164292,0.000988538409837412,0.000861105308084136,0.00070861313125936,0.000587843304182776,0.000476941015032289,0.000360383663833992,0.000278435580113733,0.000210388687995157,0.000145955817181097,0.000105015229511626,7.32534081624031e-05,4.66970303873886e-05,3.099934598779e-05,2.03352914131312e-05,1.41054995071006e-06,9.09581808960714e-07,0,0,0,0,0
0,0,0,1.4726750560212e-06,2.25315287478079e-06,1.13697226788642e-05,1.71261535395982e-05,3.00056268644229e-05,4.96134499897195e-05,9.62967475329917e-05,0.000138232088872741,0.000215195131847339,0.000299616032792259,0.000404121935850127,0.000569043199376281,0.000749262370028195,0.000961351594596942,0.00126551769098199,0.00156712400636616,0.00190173371444698,0.00234111725107378,0.00274408963617611,0.00318243987623688,NA,NA,NA,NA,NA,NA,NA,NA,NA,NA,NA,NA,NA,NA,NA,NA,NA,NA,NA,NA,NA,NA,NA,NA,NA,NA,NA,NA,NA,NA,NA,NA,NA,NA,NA,NA,NA,0.0198329281280918,0.0190643041845655,0.018164564918345,0.0174437452931492,0.0167793709381144,0.0161349732769649,0.0157049060373399,0.0154232559287402,0.0152778430317331,0.0153085661311532,0.0153914316039517,0.0156059513933293,0.0158121548217184,0.0160001005318784,0.0162167981636844,0.0163779280316819,0.0164436252734926,0.0164292856356698,0.0163517853424419,0.0201913179707048,0.0225335924127433,0.0254218724129907,0.0294660638479017,0.0363312465761748,0.0440869529479504,0.0540072625622014,0.0690899253786757,0.0844100817564266,0.102159271225942,0.126216859745979,0.147935181727973,0.170317531651215,0.196629858293766,0.216799475203483,0.234150438866046,0.249714056642589,0.257291133801912,0.259391041502382,0.25447443521456,0.24443339642912,0.229667688028822,0.2069767333132,0.185213309713272,0.162098451402467,0.134133564715823,0.111789213101162,0.0911248585332864,0.0692830658639738,0.0538267554998542,0.04093261053615,0.0286670092544906,0.0208452118522787,0.0148834484801838,0.00972359569948991,0.00676537873415974,0.00472075226339176,0.000809120477446523,0.000880373410704073,0.000956188624656466,0.00105248606886631,0.00112684582699531,0.0011835975874984,0.00123919117026575,0.00126105391527669,0.00125816134986886,0.00122127811349905,0.0011642345830745,0.0010864590994638,0.000971891228721837,0.000862351934905978,0.000751258525879013,0.000618276845508225,0.000512933814344955,0.000416182238857873,0.000314483786500537,0.000242975736007036,0.000183594452720312,0.000127364893409921,9.16362095481919e-05,6.39517899936373e-05,4.07624504006493e-05,2.70751071159455e-05,1.77582643346528e-05,1.17554240729467e-06,7.58039081706298e-07,0,0,0,0,0
0,0,0,1.24736149075366e-06,1.90842923378882e-06,1.04358418915122e-05,1.57385299176941e-05,2.78551630278213e-05,4.58988914722386e-05,9.18893317353149e-05,0.000132124738073902,0.000205906402633812,0.000286693848065549,0.000387328192596692,0.000545873757711835,0.000719047894937024,0.000922963357318614,0.00121610538671814,0.00150541856363825,0.00182635037054109,0.00224686362901049,0.00263149081268719,0.00304910326300423,NA,NA,NA,NA,NA,NA,NA,NA,NA,NA,NA,NA,NA,NA,NA,NA,NA,NA,NA,NA,NA,NA,NA,NA,NA,NA,NA,NA,NA,NA,NA,NA,NA,NA,NA,NA,NA,0.0195454584819786,0.0188465596862246,0.0180241031631643,0.0173606082351335,0.0167457632107529,0.0161459175104201,0.015737857050785,0.0154662669396773,0.0153153150483656,0.0153285568748692,0.0153841278369233,0.0155541826556839,0.0157184190140074,0.0158613526118193,0.0160260950472342,0.0161525648559641,0.0161854139141113,0.0161458532064306,0.0160568514133522,0.0204388775317356,0.0231483536174031,0.0264935492989725,0.0311698835031791,0.0390857666714451,0.0480082631051863,0.0594006108534596,0.0766899810903397,0.0942288722123852,0.114529370941762,0.142023737235261,0.166830805541211,0.19238958102522,0.222435240749299,0.2454690393704,0.265289530574199,0.283091968929802,0.291792672593863,0.294263644029589,0.288766190835531,0.277426131365503,0.260707093402118,0.234982514119971,0.210294619012896,0.184064416560013,0.152324411202115,0.126957979427757,0.103493082204186,0.0786856276963354,0.0611283369587067,0.0464774642215213,0.0325355374935164,0.0236392577408128,0.0168521648015781,0.010970421349054,0.00758739196328345,0.00523848283371024,0.000758218144040186,0.000809200779949032,0.000865422372010797,0.000939333324358845,0.0009972139049418,0.00103940335729503,0.0010832652665937,0.00109942542918107,0.00109478833642934,0.00106099727290023,0.0010105255810646,0.000942423578660695,0.000842618754378589,0.000746703303190502,0.000650566354053808,0.000535453880913388,0.000444246118844041,0.000360464539001784,0.0002723886795487,0.000210453885106424,0.000159019763990934,0.000110314096452799,7.93659065160899e-05,5.5413695505917e-05,3.53160090415791e-05,2.34698819670598e-05,1.53913115847226e-05,9.71785346649967e-07,6.26647977324331e-07,0,0,0,0,0
0,0,0,1.04799677963139e-06,1.60340663551885e-06,9.5280969022204e-06,1.43861497548136e-05,2.57180393078618e-05,4.22412714729329e-05,8.73712543280132e-05,0.000125847573551154,0.000196315455689153,0.000273410916330707,0.000370000473874219,0.000521964608063058,0.000687848417741395,0.000883332324046586,0.00116510851574981,0.00144193369186951,0.001749004311834,0.00215058742957128,0.00251691765514061,0.00291406780723799,NA,NA,NA,NA,NA,NA,NA,NA,NA,NA,NA,NA,NA,NA,NA,NA,NA,NA,NA,NA,NA,NA,NA,NA,NA,NA,NA,NA,NA,NA,NA,NA,NA,NA,NA,NA,NA,0.0192352206814176,0.01860869257333,0.0178662745357522,0.0172621847730241,0.0166987826264614,0.016144950618116,0.0157598980051057,0.0154988957393882,0.015342436402568,0.0153378640114559,0.0153658406489638,0.0154908194033541,0.0156124656079961,0.015709865456534,0.0158220126840142,0.0159131527391896,0.0159124306622684,0.015846586347671,0.0157449041897979,0.0207010961930337,0.0237973573316289,0.0276239765967935,0.0329669246622904,0.0419916401920828,0.0521466140868954,0.0650950174833488,0.0847187612921517,0.104606177969533,0.127608413291287,0.158743825749803,0.186824364202813,0.215750516298865,0.249755466501025,0.275827737909616,0.298269005031926,0.318448950341268,0.328344594852424,0.331213055121856,0.325104660211123,0.312391258579806,0.293604713884708,0.264667631862404,0.236881863989645,0.207350866666791,0.171610425683807,0.143041249102329,0.116608510842437,0.0886577269051636,0.0688735985446965,0.0523608573323151,0.0366425229364538,0.0266079184534511,0.0189468014535201,0.0123014454377197,0.0084695430529814,0.00579970776703481,0.00071868724523536,0.000750243986850463,0.000787761233954002,0.000840350263178385,0.000882547628448549,0.000910775085092443,0.000943415899270048,0.000954004177136211,0.000947457814800047,0.000916166079587843,0.000871464167047073,0.000811993947316978,0.000725461397632284,0.000641753952724886,0.000559174600678149,0.000460268559387636,0.000381885833979503,0.000309875259470263,0.000234165496855726,0.000180922443658161,0.000136704491518251,9.48311830170249e-05,6.82242794783936e-05,4.7654909659034e-05,3.03675657128059e-05,2.01912096355626e-05,1.32392513753381e-05,7.96864732288543e-07,5.13851823770682e-07,0,0,0,0,0
0,0,0,8.73393144670127e-07,1.33626781188518e-06,8.65219507780579e-06,1.30779623001036e-05,2.36117496534386e-05,3.86663522734992e-05,8.27656885992283e-05,0.000119429693136967,0.000186471835404495,0.000259820880751492,0.000352203971703807,0.000497393074759656,0.000655763389241159,0.000842573392350904,0.00111264089807378,0.00137679351531508,0.00166982538527571,0.00205241587729376,0.00240050398874502,0.00277745937075735,NA,NA,NA,NA,NA,NA,NA,NA,NA,NA,NA,NA,NA,NA,NA,NA,NA,NA,NA,NA,NA,NA,NA,NA,NA,NA,NA,NA,NA,NA,NA,NA,NA,NA,NA,NA,NA,0.0189090786410805,0.0183563466134516,0.017695399689341,0.0171517985392094,0.0166408687366054,0.0161336808585166,0.0157721421641897,0.0155219604315436,0.0153598471086981,0.0153371632212051,0.0153373894592036,0.0154169741246352,0.0154958058773398,0.0155476038706119,0.0156070623681136,0.0156625776310526,0.0156279635006242,0.0155351472032384,0.0154198476836987,0.0209763501711359,0.024475318450016,0.0288032244263596,0.0348407563845305,0.0450215156130526,0.0564624439282286,0.0710354429217458,0.0930979526703684,0.115440242260561,0.141267656592542,0.176212032895667,0.207718089910196,0.240168980488648,0.278319722387889,0.307574506576008,0.332761746601432,0.355434301202366,0.366584392478801,0.369872885434009,0.363129621182833,0.348982260667415,0.328034635118576,0.295738141871892,0.264711888019356,0.23172742912268,0.191800936484683,0.159880116741045,0.130341643519674,0.0991009991247529,0.0769862096176117,0.058524858724973,0.0409475498148105,0.0297219623763803,0.0211466642942286,0.013703398446403,0.00940285058134536,0.00639844897371505,0.000690260879722782,0.000703243970629622,0.000722951538588227,0.000755293787311439,0.000782613777638285,0.000797500049915942,0.000819443527726548,0.000824605140556427,0.00081600167957503,0.000786638634391843,0.000746923492131756,0.000695062035101639,0.000620331983999909,0.000547432967968173,0.000477026046312153,0.000392677569698516,0.000325819164884538,0.00026438837922234,0.000199795526358794,0.000154367370446478,0.000116638211191568,8.09089628846395e-05,5.82061147773672e-05,4.06734860578322e-05,2.59156766339117e-05,1.72390203293222e-05,1.13019151812959e-05,6.48158291347592e-07,4.17959669446696e-07,0,0,0,0,0
0,0,0,7.22007691588291e-07,1.10465217650334e-06,7.813135512854e-06,1.1821898082759e-05,2.15528894683679e-05,3.51980564420022e-05,7.80975050337983e-05,0.000112903319561534,0.000176429740286885,0.000245984789168749,0.000334015254077111,0.000472743862028718,0.000623671371945488,0.000801972826288887,0.00106067381675607,0.00131277915451235,0.00159266376102017,0.00195788743709364,0.00228960025095668,0.00264881508258,NA,NA,NA,NA,NA,NA,NA,NA,NA,NA,NA,NA,NA,NA,NA,NA,NA,NA,NA,NA,NA,NA,NA,NA,NA,NA,NA,NA,NA,NA,NA,NA,NA,NA,NA,NA,NA,0.0185717279981949,0.0180932281636194,0.0175141368164326,0.0170313238680811,0.016573200691387,0.0161126603735376,0.0157747861557288,0.0155354275232018,0.0153677009642967,0.0153268534218475,0.0152995521841519,0.0153341207310387,0.0153706372624757,0.0153776611907495,0.0153855556699048,0.0154062211461528,0.0153386197741182,0.0152196690996357,0.0150911381664264,0.0212683269322681,0.0251827920829727,0.0300272729799629,0.0367804216293985,0.0481520936124827,0.0609181098488543,0.077165615306921,0.101742733832274,0.12661710839077,0.155359329354986,0.194234732494002,0.229276946438981,0.265367227188331,0.307799920301691,0.340342524040396,0.368367422129598,0.393617081214356,0.406065463267726,0.409790833040376,0.40239554173008,0.386770033680302,0.36359286834555,0.327829331415343,0.293457964632089,0.256907921946129,0.212658946636246,0.177276864379677,0.144531296581637,0.109892963794228,0.0853710847491689,0.0648972627386405,0.0454001967744617,0.0329448802462288,0.0234258666055764,0.0151596178273157,0.0103759851654479,0.00702711183475739,0.000672449981109032,0.000667711126066133,0.000670498829693786,0.000683664996931077,0.000696910848670887,0.000699088124774349,0.000710860879630683,0.000710751652479801,0.000699961290514088,0.000671986923561222,0.000636507378163882,0.00059126780796396,0.000526917365935531,0.000463469116617543,0.000403888328349134,0.000332492905106808,0.000275891936861576,0.00022387996184784,0.000169185878122304,0.00013071720992762,9.87670503566301e-05,6.85100601482221e-05,4.92844604451124e-05,3.44521189036641e-05,2.19491148917055e-05,1.46066359209317e-05,9.57480777192741e-06,5.22949522072166e-07,3.37219800009278e-07,0,0,0,0,0
0,0,0,5.92046862870641e-07,9.05815635043072e-07,7.01518182089822e-06,1.06248081886318e-05,1.9556878025948e-05,3.18581705666764e-05,7.339317759167e-05,0.000106303720617053,0.000166247782830825,0.000231971117193142,0.000315522398452638,0.000447291008407412,0.000590423326020737,0.000759751835627735,0.0010062963032469,0.00124564716749274,0.00151149136412525,0.00185810678845871,0.00217224497238093,0.00251241046728424,NA,NA,NA,NA,NA,NA,NA,NA,NA,NA,NA,NA,NA,NA,NA,NA,NA,NA,NA,NA,NA,NA,NA,NA,NA,NA,NA,NA,NA,NA,NA,NA,NA,NA,NA,NA,NA,0.0182239222186545,0.0178196693413917,0.0173223879228161,0.0169003304722516,0.0164950399904554,0.0160809148318143,0.0157667587610477,0.0155382208961898,0.0153646995517042,0.0153056922740459,0.015251117262999,0.0152410711027319,0.0152357242672288,0.0151985886086755,0.0151555254621831,0.0151413742897004,0.0150407570493338,0.014895008568387,0.0147521238345734,0.0215602497301792,0.0258952644420883,0.0312629390291619,0.0387415353734268,0.0513213914840695,0.0654328331654364,0.0833816290624312,0.110515187785886,0.137965103066697,0.169673247868762,0.212550170708974,0.251193001169397,0.290989955416195,0.337785206734052,0.373678444857564,0.404596213664763,0.432474721912947,0.446249226966974,0.450423728764314,0.442369366445019,0.425242347641977,0.399797988400284,0.360507221049027,0.322731656248754,0.282552325360779,0.233903020150371,0.194997104827362,0.158986347750341,0.120888344968024,0.093915405694936,0.0713923622164258,0.0499405739756882,0.0362332726920204,0.0257536038992106,0.0166502255648857,0.011375393179874,0.00767657313193583,0.000664560911519602,0.000642948197093246,0.000629696099123667,0.000624743599473443,0.000624708099487172,0.000614814598398841,0.00061693929459203,0.000611723458346968,0.000598636070546306,0.000571548518493888,0.000539596081296221,0.000500042273533753,0.000444716959448281,0.000389425361734727,0.000339384013436582,0.000279406627393572,0.000231850155934764,0.000188144854779335,0.000142182122068642,0.000109852871082561,8.3001089508758e-05,5.75720599801634e-05,4.14143372066305e-05,2.89607207215158e-05,1.84485198168594e-05,1.22818627643969e-05,8.04982672340478e-06,4.18524296037645e-07,2.69882031538337e-07,0,0,0,0,0
0,0,0,4.81562387550847e-07,7.36777385792072e-07,6.26183766672678e-06,9.49240928514221e-06,1.76376845864773e-05,2.86660395455837e-05,6.86805129268228e-05,9.96688477814526e-05,0.000155988361677744,0.000217855163109203,0.000296824236070614,0.000421544662381281,0.000556774663824471,0.000717002393951844,0.00095116053053949,0.00117769948661619,0.00142946301133506,0.00175756323612732,0.00205435195989246,0.00237586543489666,NA,NA,NA,NA,NA,NA,NA,NA,NA,NA,NA,NA,NA,NA,NA,NA,NA,NA,NA,NA,NA,NA,NA,NA,NA,NA,NA,NA,NA,NA,NA,NA,NA,NA,NA,NA,NA,0.0178713268455488,0.0175395984580092,0.0171224086803819,0.0167599525928848,0.0164066091483459,0.0160379131639128,0.0157468467101486,0.0155290132061267,0.0153497518735682,0.0152728767029114,0.0151916771792343,0.0151380957160617,0.0150920171029969,0.0150121486783289,0.0149198090843135,0.0148718022602921,0.0147391941616327,0.0145672764903626,0.0144100322633043,0.0218508572637029,0.0266064690069629,0.0324972177168714,0.0407012643450426,0.0544895638997679,0.0699473018323695,0.089599113930251,0.119292761399863,0.149322836934415,0.184003028177537,0.230890990584748,0.273143851732786,0.316657982976968,0.367829447378105,0.407084617193548,0.440905894660563,0.471424320116034,0.486532040195774,0.491160525905807,0.482449400139192,0.463819785823157,0.436104518329289,0.393279334792093,0.352091730978104,0.308274099816502,0.255212975183797,0.212773720236435,0.173488945007906,0.131921506328531,0.102490509090254,0.0779123795484471,0.0545003201769127,0.0395375710654556,0.028094665036131,0.0181524580326137,0.0123855237136568,0.0083363375894561,0.00066571608506815,0.000628075692911172,0.000599654100136184,0.000577624022763801,0.000565086073670285,0.000543764229334735,0.00053675621866808,0.000526605887319595,0.000511133186866377,0.000484475327496168,0.000455393073416871,0.000420651357007527,0.000373082174318895,0.000324734147535983,0.000283021368517088,0.000233016225197062,0.000193361072563454,0.000156913802659571,0.000118581241820149,9.16176511845807e-05,6.92219486699194e-05,4.80127824256428e-05,3.45365397630023e-05,2.4159073895157e-05,1.53880915715399e-05,1.02481197391878e-05,6.71600405168024e-06,3.32249084884814e-07,2.14248154418737e-07,0,0,0,0,0
0,0,0,3.88535985390326e-07,5.94449514751201e-07,5.55582872012128e-06,8.42924052656697e-06,1.58075762905419e-05,2.56382770408786e-05,6.39882295006104e-05,9.30387326276663e-05,0.000145716701069051,0.000203717890955736,0.000278028806599854,0.000395654422435483,0.00052292093933171,0.000673968322526815,0.000895651601879833,0.00110941757716749,0.00134717919675222,0.00165702645948773,0.00193687424806641,0.0022403368439766,NA,NA,NA,NA,NA,NA,NA,NA,NA,NA,NA,NA,NA,NA,NA,NA,NA,NA,NA,NA,NA,NA,NA,NA,NA,NA,NA,NA,NA,NA,NA,NA,NA,NA,NA,NA,NA,0.0175089934154124,0.0172490096701316,0.0169109467535736,0.0166072984652736,0.0163051953335064,0.0159811061391726,0.0157130905992604,0.0155058008055326,0.015320984772683,0.0152267682562954,0.0151198865519757,0.015024323127453,0.014939090255949,0.0148183943316619,0.0146790186958858,0.0145985200832378,0.0144353761988255,0.0142383463754848,0.0140670551407082,0.0221320266511197,0.0273016077143525,0.0337069696737942,0.0426248161688585,0.0576022896603927,0.0743853093328858,0.0957140534795124,0.127929461307008,0.160501884306028,0.198111265290228,0.24895358209085,0.294766218902621,0.341946541818691,0.397435429105758,0.440008142461505,0.476695454257383,0.509821103958696,0.5262470182988,0.531326785511604,0.521972052245708,0.501863630407802,0.471911355299669,0.425603117660069,0.381052154574583,0.333647488687278,0.276236155522176,0.230312449725384,0.187798958655198,0.142809643003379,0.110954118701507,0.084348811479263,0.0590029507365103,0.042801582388225,0.0304081714066703,0.0196384012893228,0.0133856797492814,0.00899045472148349,0.000669472305140725,0.000615689385616779,0.000571992960047701,0.000532805737438445,0.000507714607918774,0.000474943188170166,0.000458759237841937,0.000443640963337501,0.000425743122699851,0.000399448473962072,0.000373159099748772,0.000343129243774917,0.000303165819221511,0.000261584281557876,0.000228049340312797,0.000187819894453885,0.000155898428721023,0.000126545676928283,9.5660674935982e-05,7.39268174323249e-05,5.58686951391925e-05,3.87613758770489e-05,2.7887869997448e-05,1.95166922128215e-05,1.24338442726596e-05,8.28454333057909e-06,5.4300341458975e-06,2.61630955313742e-07,1.68710620630343e-07,0,0,0,0,0
0,0,0,3.10951139464544e-07,4.75746805743965e-07,4.89909469105246e-06,7.43863824765487e-06,1.40769047827653e-05,2.27885174472845e-05,5.93454219515737e-05,8.64546933207284e-05,0.000135499630489217,0.000189644326550301,0.000259251162775288,0.000369782633247781,0.000489074994996414,0.000630917558641471,0.00083996121689639,0.00104097735937986,0.00126477181926942,0.001556510477078,0.00181966964532428,0.00210543648730925,NA,NA,NA,NA,NA,NA,NA,NA,NA,NA,NA,NA,NA,NA,NA,NA,NA,NA,NA,NA,NA,NA,NA,NA,NA,NA,NA,NA,NA,NA,NA,NA,NA,NA,NA,NA,NA,0.0171355235845446,0.0169447763114389,0.0166830787001842,0.0164360741278557,0.0161831581632912,0.0159012635476643,0.0156546029482159,0.0154561700112791,0.0152638669229008,0.0151508019156255,0.0150168912638654,0.0148779715099892,0.0147526686011169,0.014590657838583,0.0144039398560378,0.014290620429235,0.0140973256453426,0.0138758182968466,0.0136912593433767,0.0223617227613234,0.0279335549131121,0.0348385238680559,0.0444489240858087,0.0605791702590291,0.0786463108250135,0.101599386861397,0.136256991587747,0.171291340051465,0.211737136135381,0.266408831720392,0.31566890689739,0.366400044499687,0.426071429384236,0.471858581340339,0.51132361068948,0.54697747622489,0.564683439509821,0.57020373995378,0.560230043961006,0.538693057838335,0.506577714957078,0.456900133319133,0.409094700499448,0.358218490614978,0.296596382658316,0.247299783539569,0.201660773761796,0.153358605416791,0.119155727690883,0.0905877570635661,0.063369694095852,0.0459692703151238,0.0326558028978739,0.0210856235061503,0.0143632015227757,0.00963370229722603,0.000683928296098747,0.000615688690411423,0.000558445454108753,0.000504151059638144,0.000468068746488832,0.000425213594769213,0.000401017815296533,0.000381475366637867,0.000361260567082706,0.000334865942054593,0.000310512374456665,0.000283962083554236,0.000249735417066736,0.000213120443942501,0.000185894363604909,0.000153189206901748,0.000127209747962076,0.000103300998714941,7.81246060034938e-05,6.03958544674322e-05,4.56575425127019e-05,3.16880044164425e-05,2.28047610246278e-05,1.59683767996601e-05,1.01755401818716e-05,6.81966411858585e-06,4.46925166084292e-06,2.04360367609218e-07,1.31780142033465e-07,0,0,0,0,0
0,0,0,2.46851216307146e-07,3.77675662659947e-07,4.29279458588835e-06,6.52273338077938e-06,1.24539458589137e-05,2.01272318333577e-05,5.47809508837346e-05,7.99584112423669e-05,0.000125404188213022,0.000175721629305731,0.000240610691222863,0.000344100682479526,0.000455462255552151,0.000588136299170523,0.000784522904279543,0.000972918131962539,0.00118290801286112,0.00145685827242059,0.00170376061570633,0.00197238166451548,NA,NA,NA,NA,NA,NA,NA,NA,NA,NA,NA,NA,NA,NA,NA,NA,NA,NA,NA,NA,NA,NA,NA,NA,NA,NA,NA,NA,NA,NA,NA,NA,NA,NA,NA,NA,NA,0.0167598956440794,0.0166363754467714,0.0164491386910688,0.0162576219869597,0.0160532233374851,0.0158135527720401,0.0155893334026581,0.0154016623176688,0.0152054201980307,0.0150774929518523,0.0149213922852013,0.0147458388182421,0.0145864897119649,0.014389406121208,0.0141622600006656,0.0140206288652199,0.0138009519270637,0.0135575108669846,0.0133600996123963,0.0226035740516334,0.0285535925443614,0.0359283983795942,0.0461906553995226,0.0634072450222617,0.0826859299850545,0.107172949709412,0.144138920041529,0.181502019608228,0.224632229703878,0.282930092879762,0.335455967481192,0.389552037276836,0.45318857169429,0.502024162103366,0.54412451124494,0.582178597272523,0.601101148807841,0.607043019669338,0.596487358364825,0.573599869511066,0.539437293076046,0.48656914508151,0.435680778843514,0.381515327311313,0.315903005849309,0.263409729916454,0.214808323494384,0.163365759207709,0.126937534780294,0.0965087684077826,0.0675155216811174,0.0489780714925082,0.0347919857412935,0.0224630335682766,0.0152950870092292,0.0102484863636354,0.000702241039674693,0.000620415397625252,0.000550541213436037,0.000482273787825459,0.000436099280809942,0.00038401522405533,0.000352560873018312,0.000329019605237079,0.000306694876707849,0.000280139630383006,0.000257417765230055,0.000233834648590489,0.000204505374122579,0.000172010697681692,0.000150196031920932,0.000123912843319139,0.000102985811153649,8.36938372445482e-05,6.33476688419616e-05,4.9001669255662e-05,3.70637210373298e-05,2.57381056457752e-05,1.85304313379848e-05,1.3045344300096e-05,8.3116194163597e-06,5.5697247443209e-06,3.6496089056605e-06,1.58338467838201e-07,1.02103289523239e-07,0,0,0,0,0
0,0,0,1.94384040411092e-07,2.97402307232025e-07,3.73732741214334e-06,5.68247498516243e-06,1.0944802591661e-05,1.7661625319642e-05,5.03227995831458e-05,7.35129065959978e-05,0.000115365091157092,0.000161432830049768,0.000221318565430172,0.000317341499901669,0.000420246046558024,0.000543020609707524,0.000725498795589141,0.00090006383219857,0.00109477298111568,0.00134887030372507,0.0015776376966186,0.00182709102912342,NA,NA,NA,NA,NA,NA,NA,NA,NA,NA,NA,NA,NA,NA,NA,NA,NA,NA,NA,NA,NA,NA,NA,NA,NA,NA,NA,NA,NA,NA,NA,NA,NA,NA,NA,NA,NA,0.0163748455600663,0.016315039065732,0.0161984070986564,0.0160593775223906,0.0159006861300357,0.0157002962565492,0.0154966488600497,0.0153182858097295,0.0151169886509995,0.0149738365627293,0.0147957050788841,0.0145844789867137,0.0143924366719566,0.0141622552570404,0.0138973918150786,0.0137295199658368,0.0134862623969235,0.0132239011728388,0.0130160385775551,0.0227916879808379,0.0290938090477536,0.0369050784956362,0.0477720256148373,0.0659951367490979,0.0863955735729989,0.112302245707491,0.151404062479335,0.19092166196307,0.236535311353592,0.298188169892381,0.353735765746923,0.410945631453911,0.478252221533072,0.529909874995802,0.574450491553513,0.614728459737082,0.634779394486815,0.641114387456718,0.6300240092404,0.605889991398968,0.569835952882832,0.514018784480996,0.460280187250812,0.403073147803586,0.333770624078306,0.278320723310546,0.226979380328205,0.17263199949785,0.134145337117818,0.101995350810491,0.0713601382829912,0.0517710733998131,0.0367779254142312,0.0237476903778087,0.0161679824977497,0.0108283798581806,0.000730515237299462,0.000636495528899079,0.000555248323271412,0.00047428644341597,0.000418813511911704,0.000358073172120665,0.000319529180742983,0.000291790167065729,0.000266858660275212,0.000239194668142774,0.000217073331608741,0.000195265757697544,0.000169276942297211,0.000139566817876902,0.000121856227590133,0.00010052151004157,8.35371844274278e-05,6.78819560149497e-05,5.13735775271805e-05,3.97352008575603e-05,3.00515907657088e-05,2.08659296245684e-05,1.50209447297195e-05,1.05734383020477e-05,6.73570321011168e-06,4.51311443361455e-06,2.95687202327557e-06,1.21690987633212e-07,7.84714561933196e-08,0,0,0,0,0
0,0,0,1.51833692263743e-07,2.32301429167215e-07,3.23236939491606e-06,4.91768137414708e-06,9.55337782586703e-06,1.53956269445805e-05,4.59974374785039e-05,6.73327018260811e-05,0.000105739377214576,0.000148217665697328,0.000203533374810714,0.000292917581544913,0.000388299691750545,0.000502377309529759,0.000672605154048645,0.000835306375057024,0.00101710014193691,0.00125475773300514,0.00146874168555018,0.00170263851874749,NA,NA,NA,NA,NA,NA,NA,NA,NA,NA,NA,NA,NA,NA,NA,NA,NA,NA,NA,NA,NA,NA,NA,NA,NA,NA,NA,NA,NA,NA,NA,NA,NA,NA,NA,NA,NA,0.0159807887156527,0.0159813777878103,0.015932118348352,0.0158434651823043,0.0157289321023719,0.0155670208953157,0.015384342455515,0.0152164439566776,0.0150127003616592,0.0148573469903502,0.0146608214377425,0.0144189704773426,0.0141986829432201,0.0139399803459288,0.0136423308075654,0.0134512284574823,0.0131871210139558,0.0129075965501477,0.0126896658411494,0.0229424933962721,0.029559045160536,0.0377604046004542,0.0491681971553599,0.0682921876278005,0.0896973511401966,0.116876220360686,0.157893003696824,0.199343160085781,0.247185111325327,0.311849484509398,0.370110144284436,0.430116510384139,0.500720489017761,0.554914462215218,0.601649192224566,0.643928165621644,0.664996351402826,0.671688684733901,0.660123337493901,0.634874125306889,0.597125357196427,0.538664156535986,0.482369002543397,0.422433024867174,0.349819013131321,0.291715528559209,0.237914863195214,0.180959687732211,0.140624904425368,0.106929382532566,0.0748195751390402,0.0542858890594831,0.0385674827851743,0.0249072042398236,0.0169570884901417,0.0113535971394275,0.000759180685023223,0.000653433626609479,0.000561216056762366,0.000467964459855003,0.000403435617532854,0.00033427308826281,0.000288668779944945,0.000256674152019282,0.000229009360450551,0.000200010077410734,0.000178255920402213,0.000157968315004308,0.000135008088445891,0.000107845437117422,9.40145036264896e-05,7.74048209062711e-05,6.42189966092164e-05,5.20939627677546e-05,3.93402852674059e-05,3.03713297859124e-05,2.2925482487475e-05,1.58798191031808e-05,1.14078197618094e-05,8.01287052275174e-06,5.09087165418114e-06,3.40314180170371e-06,2.22431513616656e-06,0,0,0,0,0,0,0
0,0,0,1.17640785640149e-07,1.79987209855177e-07,2.77692750193493e-06,4.22711830025671e-06,8.28141711830214e-06,1.33299759884554e-05,4.18292260096226e-05,6.13533184514792e-05,9.641568989478e-05,0.000135373528071997,0.000186189994495106,0.000269129460338042,0.000357168886967924,0.000462655159296464,0.000620982899999402,0.000772165253485388,0.000941458289143253,0.00116332147260745,0.00136326854342993,0.00158257171891448,NA,NA,NA,NA,NA,NA,NA,NA,NA,NA,NA,NA,NA,NA,NA,NA,NA,NA,NA,NA,NA,NA,NA,NA,NA,NA,NA,NA,NA,NA,NA,NA,NA,NA,NA,NA,NA,0.0155817482664709,0.0156389161855466,0.0156529141390508,0.0156115070531918,0.0155382691843449,0.0154121422224856,0.0152489492334602,0.0150906262402983,0.0148843760563497,0.0147175286689586,0.0145039327531142,0.0142339023870742,0.0139879090256386,0.0137036925849068,0.0133768843939638,0.0131650458240136,0.0128828822927209,0.0125887501614136,0.0123623945161326,0.0230285095559336,0.0299174174504344,0.038456382144175,0.0503318618584747,0.0702345503054381,0.0925079545277031,0.120786041690667,0.163457397478434,0.206577507865646,0.25634514781581,0.323612767134927,0.384219060366229,0.446643783069003,0.520100489343764,0.576489515333916,0.625124067497722,0.669137375695815,0.691089184445669,0.698095085817368,0.686124786094067,0.659916107804983,0.620706473840666,0.559964214120698,0.501462280175219,0.439169921586506,0.363695866987741,0.303300091762561,0.247374733610149,0.1881662439335,0.146234341136917,0.111203029915153,0.0778185741353425,0.056468217842225,0.0401225536333146,0.0259177380511726,0.017647158897089,0.0118152426012845,0.000791049091824255,0.000675065241704524,0.00057337317706199,0.000469591234595929,0.000397366251925174,0.000321085225519241,0.000269555664831588,0.000233985096860082,0.000203985745950115,0.000173733211122088,0.000152086007544053,0.000132781865841114,0.000111896511286485,8.63103105469754e-05,7.52412083516071e-05,6.19482317363062e-05,5.13954200428683e-05,4.1691574760015e-05,3.148461658827e-05,2.43066278519747e-05,1.83476052934795e-05,1.2708855885419e-05,9.12984816625717e-06,6.41281969526818e-06,4.07430045416532e-06,2.72358510096846e-06,1.78015255247048e-06,0,0,0,0,0,0,0
0,0,0,9.04127947298659e-08,1.38329122592017e-07,2.36940784991213e-06,3.60860172720084e-06,7.12861858012583e-06,1.14624017101773e-05,3.78398966317138e-05,5.56090527333189e-05,8.74488516041916e-05,0.000122981371650846,0.000169404714142987,0.000246155198706197,0.000327092996842482,0.000424362032356327,0.000571171383478211,0.000711321688934298,0.000868692783497125,0.00107561961474999,0.00126246079383563,0.00146822862992685,NA,NA,NA,NA,NA,NA,NA,NA,NA,NA,NA,NA,NA,NA,NA,NA,NA,NA,NA,NA,NA,NA,NA,NA,NA,NA,NA,NA,NA,NA,NA,NA,NA,NA,NA,NA,NA,0.0151602973278594,0.0152702600729802,0.0153437037773942,0.0153467351178015,0.0153123864541076,0.0152201151090863,0.0150756541677462,0.0149268211830669,0.0147190137120309,0.0145421765410902,0.0143135505720358,0.0140185199209141,0.013749936616603,0.0134435515453978,0.013091522557379,0.0128616686796275,0.0125644796518538,0.0122586198374868,0.0120258510213599,0.0230323636492442,0.0301460896340414,0.0389633432540566,0.0512238181480459,0.0717666886895025,0.0947533693334639,0.123934028162725,0.16796354178046,0.212454338407649,0.263802514925008,0.333207311778954,0.395739519867089,0.460150402206909,0.535951282408143,0.594144854316663,0.644342269209208,0.689784285313945,0.712466274590953,0.719735075643321,0.707439114272758,0.680448518640317,0.640045019931985,0.577436384306427,0.517127466494226,0.452904690983727,0.375086874848763,0.312812056288815,0.255144778599286,0.194088414274148,0.150846526281851,0.114719345362183,0.0802888976757685,0.0582681214177111,0.0414071345715787,0.0267551975335061,0.0182209095951923,0.0122006698724247,0.00082245845772228,0.000697248517955872,0.000587036072363532,0.000473778610636686,0.000394619946514277,0.000311966348583943,0.0002550427407198,0.000216187195637191,0.000183998348332614,0.000152476714699003,0.000130777318227851,0.00011218394045128,9.29295635444284e-05,6.85181767626156e-05,5.97308755002373e-05,4.91781325468588e-05,4.08006929064344e-05,3.30972124977323e-05,2.49943316276698e-05,1.92960239988742e-05,1.45654030752805e-05,1.00890337259743e-05,7.24780789811876e-06,5.09087165418114e-06,3.23441819329994e-06,2.16214128061347e-06,1.41318929895646e-06,0,0,0,0,0,0,0
0,0,0,0,0,1.83717084377212e-06,2.81082153947273e-06,5.73930123157318e-06,9.21259735227942e-06,3.32607254331025e-05,4.90751175008873e-05,7.74305607930269e-05,0.000109251688544237,0.000150952820656114,0.000221192564262935,0.00029474947874273,0.000383532379463438,0.000518524871864471,0.000647569881892713,0.000793077160316218,0.000985370288717225,0.00115964728894432,0.00135262690361993,NA,NA,NA,NA,NA,NA,NA,NA,NA,NA,NA,NA,NA,NA,NA,NA,NA,NA,NA,NA,NA,NA,NA,NA,NA,NA,NA,NA,NA,NA,NA,NA,NA,NA,NA,NA,NA,0.0147282096901632,0.0148855343037368,0.0150127228560496,0.0150562751135707,0.0150575377635434,0.0149967147610233,0.0148700756242669,0.0147308304764646,0.0145231688290755,0.0143387261048769,0.0140982995336357,0.0137832373419111,0.0134967123545623,0.0131734457893359,0.012802518818111,0.0125593301217315,0.0122519738761258,0.0119391855914114,0.0117032697762542,0.0229702106510403,0.0302565657849949,0.0392864326956994,0.0518399646539798,0.0728689220635749,0.0963964336053359,0.126260909140429,0.171319019924794,0.216847964708925,0.26939335811566,0.340417933510976,0.404410292772527,0.470327819588494,0.547908652114086,0.607473496088745,0.658859790423482,0.705391017324484,0.728632348881745,0.736106837597882,0.723571826197814,0.695994876917537,0.654692146626963,0.590675084069428,0.529000905866764,0.463318404433824,0.383727579228892,0.320030620162246,0.261044657065143,0.198588775667721,0.154354457632532,0.117396761013648,0.0821732349117647,0.0596438138233081,0.0423913427780061,0.027399990328514,0.0186647760852122,0.012500576361802,0.00085217865192497,0.00071883095234229,0.000601117640456873,0.000479500902048986,0.000394212046044159,0.000305977216111101,0.000244224550353823,0.000202405790488492,0.000168208393359546,0.000135454012363457,0.000113595224354113,9.5499151116043e-05,7.75106511157993e-05,5.39549297749723e-05,4.70353320138446e-05,3.87255296827714e-05,3.21286791994441e-05,2.60625407802271e-05,1.96818927686221e-05,1.51947361851502e-05,1.14695886143268e-05,7.94465252728782e-06,5.70731716228112e-06,4.0088285411676e-06,2.54695636585601e-06,1.70258734938666e-06,1.1128219253134e-06,0,0,0,0,0,0,0
0,0,0,0,0,1.56029796061537e-06,2.38721354116867e-06,4.90280968542907e-06,7.90372596694425e-06,2.99351510661608e-05,4.42360842810217e-05,6.98164644130483e-05,9.86343357660962e-05,0.000136448420876518,0.000201469299333963,0.000268857282937542,0.000350477991026552,0.000475340452205751,0.000594831461377068,0.00073007035193359,0.00090965822875961,0.00107300727539157,0.00125475101003438,NA,NA,NA,NA,NA,NA,NA,NA,NA,NA,NA,NA,NA,NA,NA,NA,NA,NA,NA,NA,NA,NA,NA,NA,NA,NA,NA,NA,NA,NA,NA,NA,NA,NA,NA,NA,NA,0.0142985665043189,0.0144990848842611,0.0146756913436375,0.0147566775881385,0.0147908037844721,0.0147589024347321,0.0146486599726569,0.0145180525112232,0.0143100621258022,0.0141181261461306,0.0138662725284455,0.0135320360963734,0.0132284421036437,0.0128893322170248,0.0125005559718721,0.0122443627156449,0.0119275168442345,0.0116079766885233,0.0113689426725738,0.0228075442612128,0.0302080990169294,0.0393790099962699,0.0521266836418862,0.0734771473256164,0.097361886849799,0.127677495715389,0.173413428719216,0.219626604237179,0.272960889049463,0.345053514784039,0.410008907009908,0.476920893587337,0.555678554273613,0.616151265691081,0.668326281468819,0.715583363036368,0.739201226390784,0.746820394436276,0.734139466221938,0.706186159201488,0.664300531352726,0.599366619979279,0.536801385751255,0.470164649694263,0.389413571725685,0.324785047114029,0.264934849106189,0.201560926666601,0.15667521441502,0.119171992299521,0.0834270346982674,0.0605627389685186,0.0430518283087506,0.0278367165576357,0.0189680283408375,0.0127075403381481,0.000879049191695704,0.000738725460680004,0.000614593137731409,0.000485792909464521,0.000395217790418586,0.000302235722200304,0.00023625364315185,0.000191824189579514,0.000155834187887259,0.000121933342342104,9.98570363992294e-05,8.21003756572624e-05,6.50862094216322e-05,4.21442839969775e-05,3.67393748551054e-05,3.02485746472262e-05,2.5095763932534e-05,2.03574932801451e-05,1.53735586701408e-05,1.18686333151928e-05,8.95891444779357e-06,6.2055810982194e-06,4.45799478103616e-06,3.13130253785495e-06,1.98943178794269e-06,1.32989376654692e-06,8.69227028078277e-07,0,0,0,0,0,0,0
0,0,0,0,0,1.31446114162752e-06,2.01108987888164e-06,4.15483090333714e-06,6.74096995086677e-06,2.67932824998977e-05,3.96529801589037e-05,6.26057896655178e-05,8.85585736845562e-05,0.000122656034363124,0.000182674386423064,0.000244175564491259,0.000318944037261309,0.000434072704724256,0.000544432690351086,0.000669864915705122,0.000837348406480324,0.000990362424613461,0.00116147908336478,NA,NA,NA,NA,NA,NA,NA,NA,NA,NA,NA,NA,NA,NA,NA,NA,NA,NA,NA,NA,NA,NA,NA,NA,NA,NA,NA,NA,NA,NA,NA,NA,NA,NA,NA,NA,NA,0.0138461385107637,0.0140831897774458,0.0143020270106171,0.0144151909975304,0.0144775271611853,0.0144705307367573,0.0143746285334225,0.0142518184842351,0.0140442902373828,0.0138467442326311,0.0135863511459528,0.0132376613383138,0.0129216602477884,0.0125718932157113,0.0121715968148047,0.011907235550681,0.0115859832317386,0.0112649019552686,0.0110265713134924,0.0225472955584205,0.0300042916594872,0.0392435743928631,0.0520835373136459,0.073584566095707,0.0976349378239286,0.128158269008364,0.174204915962649,0.220731233016116,0.274426251899851,0.347008394463544,0.412405622268935,0.479775108200673,0.559077282331312,0.619972005937309,0.672516097066459,0.72011774808755,0.743920036167857,0.751619181397739,0.738888791343221,0.710778082514441,0.668639739435876,0.603302557697282,0.540341859082624,0.473279214970862,0.392008524458533,0.326961373435424,0.266722134558372,0.202933663560863,0.157753209912789,0.120002518264021,0.0840202490415043,0.0610028421322276,0.0433726833233025,0.0280547647210169,0.019123182381087,0.0128163015946695,0.000902012494217753,0.00075593971370295,0.000626525886750042,0.000491771855488475,0.000396791559760016,0.000299933542948974,0.000230355065900094,0.000183696636645676,0.000146162762818419,0.000111247991428867,8.89411658420264e-05,7.14169068259355e-05,5.51526919591292e-05,3.26534025862579e-05,2.84656775281136e-05,2.34366037797009e-05,1.94442046508014e-05,1.57729912737702e-05,1.19114373962449e-05,9.19582028769207e-06,6.94136932592393e-06,4.80808590546616e-06,3.45405555645578e-06,2.42613404928844e-06,1.54141228486051e-06,1.03040204833296e-06,6.73477335354234e-07,0,0,0,0,0,0,0
0,0,0,0,0,1.09842441544728e-06,1.68055954996689e-06,3.49288564111485e-06,5.72156787998346e-06,2.38549057982734e-05,3.53566142963517e-05,5.58458176168525e-05,7.90938858813937e-05,0.000109675277308762,0.000165326628792785,0.000221460246093581,0.000290013742624259,0.00039635819763275,0.000498549140358815,0.000615369225070921,0.000772448888781913,0.000916826290137739,0.00107920875643479,NA,NA,NA,NA,NA,NA,NA,NA,NA,NA,NA,NA,NA,NA,NA,NA,NA,NA,NA,NA,NA,NA,NA,NA,NA,NA,NA,NA,NA,NA,NA,NA,NA,NA,NA,NA,NA,0.0133792118303916,0.013648325897551,0.0139048177611389,0.0140468492630623,0.0141346757931029,0.0141505704116114,0.0140682570488098,0.0139533710236458,0.0137477696294789,0.0135466256691075,0.0132803485934566,0.0129211870383177,0.0125964785572913,0.0122399864038312,0.0118327440608207,0.0115633843462501,0.011240997321564,0.0109213455953265,0.010685683685665,0.0221952858552673,0.0296477479176242,0.0388797769741653,0.0517068771725723,0.0731829542639579,0.0972028213466346,0.127685211640382,0.173667801507086,0.220128855239567,0.273748104039147,0.346229968240652,0.411537682404379,0.478817199966781,0.558019086524595,0.618840294275455,0.671325369185816,0.718882490251058,0.7426729211259,0.750385785596345,0.737703945536939,0.709658857900957,0.667604337552651,0.602387374789062,0.539536474200076,0.472586627618768,0.391449616547046,0.326506942758932,0.266363300361156,0.202673810422899,0.157562399163782,0.119868268591253,0.0839385229519734,0.0609534410357234,0.0433460678788785,0.0280487255451683,0.0191262886252881,0.0128239601768693,0.000920143717435526,0.000769602053596415,0.000636089510120524,0.000496655698934538,0.0003981823523803,0.000298348986180462,0.000225836887612326,0.00017735724780464,0.000138557492847844,0.000102802622511732,8.029256082825e-05,6.29391216464362e-05,4.72604435740984e-05,2.5095763932534e-05,2.18772889452511e-05,1.80121956442981e-05,1.49438383483426e-05,1.21223282771469e-05,9.15453206457334e-06,7.06744525310352e-06,5.33478756193176e-06,3.69525315262866e-06,2.654613485553e-06,1.86460468273677e-06,1.18465200437785e-06,7.91915222073854e-07,5.17600828192857e-07,0,0,0,0,0,0,0
0,0,0,0,0,9.10489240896432e-07,1.39302383251152e-06,2.91298646160106e-06,4.84048703903911e-06,2.11346956736925e-05,3.13703988040815e-05,4.95726231679909e-05,7.02942662091777e-05,9.75847954523189e-05,0.000149330907085404,0.00020054683031108,0.000263419720109768,0.000361753650383429,0.0004566542213595,0.000565769829760821,0.000713680149345592,0.000850664031434279,0.0010055942979297,NA,NA,NA,NA,NA,NA,NA,NA,NA,NA,NA,NA,NA,NA,NA,NA,NA,NA,NA,NA,NA,NA,NA,NA,NA,NA,NA,NA,NA,NA,NA,NA,NA,NA,NA,NA,NA,0.0128943098504277,0.0131908916142412,0.013480095974264,0.0136473217070647,0.0137573349355061,0.0137933318454912,0.0137229568422692,0.0136151314142757,0.0134116057692226,0.0132076714201805,0.012936914400437,0.0125697359660651,0.0122388313813367,0.0118784884892467,0.0114676121007238,0.0111957977207171,0.0108751820595166,0.0105599471094563,0.0103293182517424,0.0217356582601393,0.0291241496299212,0.0382749680874894,0.0509860398731497,0.0722644074161603,0.0960602260464918,0.126255790952424,0.171803122941169,0.217823641800221,0.270933922224437,0.342729667450624,0.407419809133385,0.474065074363947,0.552525401911306,0.612780182711997,0.664780380696361,0.711905833278127,0.735489205287049,0.743149932950443,0.730614418554675,0.702857137751301,0.66122168078539,0.596646366284029,0.534408529366991,0.468108037346537,0.387755345415653,0.323438064223551,0.263872088266628,0.200792461642637,0.156111729101672,0.118776073623009,0.0831861436727474,0.0604166557384716,0.0429718649267161,0.0278155814271706,0.0189717970822057,0.0127223025664978,0.000921669689820276,0.000765180716190449,0.000625989164281832,0.000479984152874394,0.000376558880022457,0.000272648613943082,0.000196103413135016,0.000145370354581722,0.000105365575095679,6.95139987564879e-05,4.7907867304302e-05,3.23149423683193e-05,1.9556930703187e-05,0,0,0,0,0,0,0,0,0,0,0,0,0,0,0,0,0,0,0,0,0
0,0,0,0,7.62596178084168e-08,8.76686143825268e-07,1.33781069616307e-06,2.69273888708561e-06,4.52650254287001e-06,1.92515284825986e-05,2.85433457467224e-05,4.49879699702917e-05,6.3729449720266e-05,8.83901726675984e-05,0.000137299857970257,0.000184523092377998,0.0002428060765828,0.000334575218121636,0.000423416986307665,0.00052621508680384,0.000666653075346462,0.000797634040853476,0.000946554050291259,NA,NA,NA,NA,NA,NA,NA,NA,NA,NA,NA,NA,NA,NA,NA,NA,NA,NA,NA,NA,NA,NA,NA,NA,NA,NA,NA,NA,NA,NA,NA,NA,NA,NA,NA,NA,NA,0.0123909999555541,0.0127097621865742,0.0130263432313182,0.0132152567485403,0.0133447529484235,0.0133990974725224,0.0133404244175055,0.0132405351709831,0.0130413753820099,0.0128373804293074,0.0125654312289763,0.0121948774336627,0.0118618800166811,0.0115018437536548,0.011092277215129,0.0108215733272785,0.0105062412948891,0.0101986443598759,0.0099753133579635,0.0211883634002806,0.0284541976411538,0.0374509216150448,0.0499445464859189,0.0708558165270334,0.0942382371801392,0.123906823010949,0.168656851864034,0.213871203163319,0.266050626976371,0.336590070802258,0.400148876859892,0.465630417759046,0.542725355988178,0.601934145947007,0.653034918326208,0.699351627324881,0.722537394724799,0.730080996594766,0.717785370724486,0.690530641684702,0.649638795540521,0.586210333960457,0.525073426043627,0.459942615001612,0.381005426649972,0.317819061717778,0.259299808246184,0.19732696929502,0.153429262077804,0.116746927759797,0.0817785097044423,0.0594054853692927,0.0422625554793321,0.0273693077534486,0.0186765004253436,0.0125320777739961,0.000931663037008125,0.000773834162232462,0.000633492620793999,0.00048604108688739,0.000381474709666758,0.000276841038411031,0.000199110886613159,0.000147595311668873,0.00010697526909817,7.05738373258591e-05,4.8624607760255e-05,3.27984000513768e-05,1.98495182095397e-05,0,0,0,0,0,0,0,0,0,0,0,0,0,0,0,0,0,0,0,0,0
0,0,0,0,9.89578045612529e-08,7.76747023126804e-07,1.18386619519299e-06,2.34486134882925e-06,4.03026760104075e-06,1.71742085743115e-05,2.54680438738459e-05,4.00499118801222e-05,5.67342120720423e-05,7.86876431890519e-05,0.000124792433936056,0.000168169439251884,0.000222006543254368,0.000307533184270755,0.00039083058961253,0.00048794987989036,0.000621955559194128,0.00074810291052515,0.000892343472521946,NA,NA,NA,NA,NA,NA,NA,NA,NA,NA,NA,NA,NA,NA,NA,NA,NA,NA,NA,NA,NA,NA,NA,NA,NA,NA,NA,NA,NA,NA,NA,NA,NA,NA,NA,NA,NA,0.0118934271567888,0.0122266504893621,0.0125619353594986,0.01276597335456,0.0129090525956174,0.0129762332854491,0.0129257431166221,0.0128313320292227,0.0126354038363106,0.0124313259125165,0.0121591190478901,0.0117873332503188,0.0114546222181183,0.0110976666242862,0.0106929370813535,0.0104260693158064,0.0101190719380774,0.00982241741217135,0.00960884648548653,0.0205447046583585,0.0276339291219525,0.0364092189386575,0.0485913369387746,0.0689778628372247,0.0917701997162822,0.120687362646948,0.164301123639014,0.208366621593984,0.259219543763454,0.32796758926823,0.389912724684232,0.453733298700005,0.528876895212545,0.586589269165398,0.636401219236312,0.681554983986493,0.704164261222541,0.711529885837077,0.699562479211231,0.673012446109291,0.633169599830068,0.571363256924558,0.511786175915435,0.448314425312835,0.371386307971498,0.309806177703889,0.252774035673189,0.192374660958161,0.149590591874975,0.113837899621685,0.0797544322250015,0.0579464365600848,0.0412345421956668,0.0267164071098802,0.0182400960971973,0.0122471001513995,0.000934507358922186,0.000776510389234235,0.000636082671702496,0.000488316686990399,0.000383415902349375,0.000278862371693925,0.000200554433548243,0.000148659610499057,0.000107742824809834,7.10774453679435e-05,4.89539340885849e-05,3.30205381242899e-05,1.9983955673453e-05,0,0,0,0,0,0,0,0,0,0,0,0,0,0,0,0,0,0,0,0,0
0,0,0,0,1.27376025523513e-07,7.07856376795319e-07,1.07716284307672e-06,2.08270123381076e-06,3.68168940357687e-06,1.53777318004311e-05,2.27958280983037e-05,3.58030561025669e-05,5.07016691137686e-05,7.03003841039392e-05,0.000114257661385048,0.000154445395265121,0.000204639395949239,0.000285126802787711,0.000363921922557515,0.000456661109402938,0.000585967778389492,0.00070887740683085,0.000850263830876266,NA,NA,NA,NA,NA,NA,NA,NA,NA,NA,NA,NA,NA,NA,NA,NA,NA,NA,NA,NA,NA,NA,NA,NA,NA,NA,NA,NA,NA,NA,NA,NA,NA,NA,NA,NA,NA,0.01139538423948,0.0117391734073726,0.0120890976202023,0.0123051461766685,0.0124591456256854,0.012537080370319,0.0124937719872696,0.0124045465616423,0.01221241533136,0.0120090978026328,0.0117377806329262,0.0113664400483601,0.0110353318675446,0.0106826330386251,0.0102837787074629,0.0100211057943349,0.00972280020106713,0.00943691096117233,0.00923290925391677,0.0198108395961816,0.0266704746187736,0.0351597443953728,0.0469412784470176,0.0666549748422687,0.0886920134303852,0.116648254260151,0.158809915679802,0.2014073731059,0.250565264685723,0.317023316955143,0.376905190299749,0.438601119606458,0.511246685038404,0.567042062570797,0.61520154349341,0.658861300826798,0.680726622557833,0.687856932852084,0.676299585285423,0.650642529897534,0.612133542644486,0.552392822654639,0.494803954983528,0.433448265335598,0.359083682504488,0.2995539016332,0.24442044543234,0.186030760891151,0.144669436042377,0.110104781980844,0.0771526721415488,0.0560674149929273,0.0399074632102275,0.0258693384069647,0.0176709034733641,0.0118727953896319,0.000930067400613252,0.000773106316366915,0.000633720927114218,0.000486773280547808,0.000382348317914504,0.000278673506220003,0.000200405493690604,0.000148541836580926,0.000107652559151018,7.10143595545964e-05,4.88878908667703e-05,3.29759904742515e-05,1.99569955354815e-05,0,0,0,0,0,0,0,0,0,0,0,0,0,0,0,0,0,0,0,0,0
0,0,0,0,1.62632579459944e-07,6.69498623876134e-07,1.01686055837264e-06,1.90373435732611e-06,3.47818953155399e-06,1.38691840995907e-05,2.05378327102945e-05,3.21916669015737e-05,4.55448056907021e-05,6.30955700207442e-05,0.000105468994544592,0.00014301789987559,0.000190228004375106,0.000266652966529819,0.000342080214627445,0.000431611782848375,0.000557829777406694,0.000679047829887528,0.00081930946996962,NA,NA,NA,NA,NA,NA,NA,NA,NA,NA,NA,NA,NA,NA,NA,NA,NA,NA,NA,NA,NA,NA,NA,NA,NA,NA,NA,NA,NA,NA,NA,NA,NA,NA,NA,NA,NA,0.0108936335842715,0.0112425508162257,0.0116010421299203,0.0118251149461862,0.0119866784525524,0.0120725687956778,0.012034975239113,0.0119503981652057,0.0117626317453083,0.0115612011074274,0.0112925037837016,0.0109242988648594,0.0105974374938475,0.0102518007017692,0.00986223189291534,0.0096064035445004,0.00931955383479542,0.00904730586451474,0.00885510011188448,0.0190055481198445,0.0255909365371318,0.0337383477131923,0.0450413167026524,0.0639514693216413,0.0850867342139783,0.111895998061514,0.152324685569073,0.193170192901677,0.240305312386499,0.304030081502992,0.361449156863869,0.420608563631388,0.490270641354409,0.543775776332136,0.58996008962721,0.631832150293525,0.652805006411931,0.659649155752333,0.648574395206523,0.623977167167966,0.587054374560949,0.529772070802242,0.474550875030343,0.415715962729879,0.344405835597152,0.287319537716047,0.234449045030289,0.178455066242679,0.138789967521305,0.105641938257954,0.0740391440533178,0.0538161210703425,0.0383150806301544,0.0248497333777508,0.0169835022567689,0.0114187800565631,0.000918724453642722,0.000763887435079169,0.00062649139471079,0.000481467563395399,0.000378312124106021,0.000276290357491892,0.000198675036639128,0.000147249852989069,0.000106709992555293,7.03880930620527e-05,4.84280763435785e-05,3.26658351562809e-05,1.9769290232107e-05,0,0,0,0,0,0,0,0,0,0,0,0,0,0,0,0,0,0,0,0,0
0,0,0,0,2.05972680842455e-07,6.6142102337258e-07,1.00251558053541e-06,1.80591801992701e-06,3.41792585027792e-06,1.26537147587107e-05,1.87020773577916e-05,2.92272369147292e-05,4.12805923779636e-05,5.70976924007434e-05,9.84468604410102e-05,0.000133909451052939,0.000178796125497914,0.000252138630343653,0.000325126971395774,0.000412502300962002,0.000537019697107175,0.000657816283647874,0.000798313601428019,NA,NA,NA,NA,NA,NA,NA,NA,NA,NA,NA,NA,NA,NA,NA,NA,NA,NA,NA,NA,NA,NA,NA,NA,NA,NA,NA,NA,NA,NA,NA,NA,NA,NA,NA,NA,NA,0.0103603185620546,0.0107119282518673,0.0110772355276201,0.0113086483845125,0.0114777502188365,0.0115727149739487,0.0115423900791617,0.0114646711620267,0.0112847067815427,0.0110883313140671,0.0108257321825697,0.0104651448007093,0.0101463336695083,0.00981151289582942,0.0094355756045612,0.00918989085004455,0.0089177094806069,0.00866256829415161,0.00848444909995826,0.0181476807998188,0.0244202912823685,0.0321775235454636,0.0429343742884105,0.0609277110978992,0.0810343290500463,0.10653556362968,0.14498830308086,0.183836410778521,0.228665541561391,0.289274054233876,0.343885252860756,0.400152427849007,0.466411743659735,0.517304243343723,0.561234577503766,0.601065025707725,0.621016810266576,0.627530414966625,0.617000185695834,0.593606229736283,0.558486761449197,0.504001351275122,0.451474869549291,0.395509639178961,0.327677285113123,0.273373527278198,0.223080229653663,0.169814984024374,0.132082093298498,0.100547965900325,0.0704826347347494,0.0512422985007698,0.0364925888961805,0.0236801577312429,0.0161931235810044,0.0108951270987667,0.000900662182684423,0.000749024647175516,0.000614597865319079,0.000472548847629983,0.000371420560333094,0.000271783453488775,0.000195413269649754,0.00014482058552561,0.000104941694425258,6.92160344568991e-05,4.75855781495859e-05,3.20975510285122e-05,1.94253659515119e-05,0,0,0,0,0,0,0,0,0,0,0,0,0,0,0,0,0,0,0,0,0
0,0,0,0,2.58758072646181e-07,6.83674210577857e-07,1.03414296549512e-06,1.78784149864575e-06,3.49997703739697e-06,1.17349253518759e-05,1.72940252173718e-05,2.69169769615684e-05,3.79194415298354e-05,5.23215045077525e-05,9.31925862067213e-05,0.000127115574407457,0.000170254186359334,0.000241429794554049,0.000312825882210723,0.000398979465432179,0.000522989018874145,0.000644411272921583,0.000786229102486795,NA,NA,NA,NA,NA,NA,NA,NA,NA,NA,NA,NA,NA,NA,NA,NA,NA,NA,NA,NA,NA,NA,NA,NA,NA,NA,NA,NA,NA,NA,NA,NA,NA,NA,NA,NA,NA,0.00985963292645727,0.0102075858410837,0.0105718851909234,0.010804323832862,0.0109750887403774,0.0110731134804147,0.0110458994812941,0.0109719078059465,0.0107973493434208,0.0106048611042569,0.0103479590095727,0.0099953406228818,0.00968531345895948,0.00936226641456141,0.00900130238574624,0.00876685207201397,0.00851053027343708,0.00827345304111309,0.00811051187131869,0.0172367596889972,0.0231644966587341,0.0304917579409696,0.0406471718656178,0.0576311406313178,0.0766055177678828,0.100667201134962,0.136945426106054,0.17359538711435,0.215886718572937,0.273065216695134,0.32458564052842,0.377668796023659,0.440181211475144,0.488196343979481,0.529643663705268,0.56722381828084,0.586048774612305,0.592195251942882,0.582260334250212,0.560187459678385,0.527049825796157,0.475639433514822,0.426076465860413,0.373267728111628,0.309261163794588,0.258018709307536,0.210560986586862,0.160298315172619,0.124691689203847,0.0949337072007618,0.066560597716912,0.0484020492864692,0.0344797559763753,0.0223861937757739,0.0153170917407079,0.0103133411321092,0.000876362382521316,0.000728913488490339,0.000598356536819677,0.000460253618150329,0.000361855784219636,0.000265275320352201,0.000190707763247455,0.000141318636602014,0.000102394280696156,6.75287879572852e-05,4.63805288950982e-05,3.12847179929189e-05,1.89334412199381e-05,0,0,0,0,0,0,0,0,0,0,0,0,0,0,0,0,0,0,0,0,0
0,0,0,0,3.22448535199752e-07,7.36623639072773e-07,1.11223493913449e-06,1.84880245475629e-06,3.72440055063927e-06,1.1115162757849e-05,1.63170169194917e-05,2.52644991509732e-05,3.54661722662243e-05,4.8773355333631e-05,8.96905312553536e-05,0.00012260769525488,0.000164725658592882,0.000234729635909215,0.000305477638439899,0.00039147832433299,0.00051639935256236,0.000639746395875865,0.000784298162111064,NA,NA,NA,NA,NA,NA,NA,NA,NA,NA,NA,NA,NA,NA,NA,NA,NA,NA,NA,NA,NA,NA,NA,NA,NA,NA,NA,NA,NA,NA,NA,NA,NA,NA,NA,NA,NA,0.00935943332945844,0.00969833012853055,0.01005606307601,0.0102858941233003,0.0104555501300951,0.0105548840473505,0.010530233385685,0.0104601365249238,0.0102923227121215,0.0101051068456462,0.00985557053125864,0.00951307691444792,0.00921351412602813,0.00890366638011655,0.00855856231495892,0.00833638127768332,0.00809655228907851,0.00787790748443353,0.00773030956733346,0.016280137036545,0.0218370895099556,0.0287028014468984,0.0382133757455839,0.0541159110685032,0.0718778051765073,0.0943983854223255,0.128349092279216,0.162646427214273,0.202221692266941,0.255728908988151,0.303941053181552,0.353615824150478,0.412116658472202,0.457050800736326,0.495839017851707,0.531008420366888,0.548625324138185,0.554376740869927,0.545076620080645,0.524415975558068,0.493398196280135,0.445277792621377,0.398886126826387,0.349455633451313,0.289544091417577,0.241578565993829,0.197156367832477,0.150108267058231,0.116778199496296,0.0889220567263961,0.0623610804080549,0.0453610865328627,0.0323251210023104,0.0210013141299875,0.0143799297978936,0.00969144669336513,0.000851645603606354,0.000708744781601488,0.000582295756767308,0.000448318554559835,0.000352726646216873,0.00025928057650877,0.000186470047059166,0.000138228167247313,0.000100194655073935,6.61126216107343e-05,4.53803498139522e-05,3.0628525473624e-05,1.85504652213785e-05,1.65504085490624e-07,1.09152488349339e-07,0,0,0,0,0,0,0,0,0,0,0,0,0,0,0,0,0,0,0
0,0,0,0,3.98574145628327e-07,8.20931320957352e-07,1.23773423181088e-06,1.98880754435014e-06,4.09216279921615e-06,1.07956952400278e-05,1.57725488420526e-05,2.42035462941803e-05,3.38185973949296e-05,4.6299447928883e-05,8.76695887586211e-05,0.000119893570745059,0.000161406832821062,0.000230821038052935,0.000301401974339552,0.00038766755841412,0.000513974236341799,0.000639561394736408,0.000787093880073213,NA,NA,NA,NA,NA,NA,NA,NA,NA,NA,NA,NA,NA,NA,NA,NA,NA,NA,NA,NA,NA,NA,NA,NA,NA,NA,NA,NA,NA,NA,NA,NA,NA,NA,NA,NA,NA,0.00887601003577484,0.00920282736907954,0.00954988905863077,0.00977351646380945,0.00993840652046322,0.0100349919058852,0.0100097456026065,0.00994109639416035,0.00977761188577266,0.00959435580248145,0.00935146060657438,0.00901905239059146,0.00873049444466295,0.0084348155244685,0.00810769399787077,0.00789946793172766,0.0076782615251981,0.00748076217260268,0.00735087012717148,0.0152995048674156,0.0204708864633341,0.0268555271797048,0.0356931927691297,0.0504660697070052,0.066960649789605,0.0878698865029529,0.119386310664411,0.151222661117155,0.187956464641265,0.237622249107031,0.282372554045709,0.328480405517289,0.382782563868598,0.424491557612409,0.460495715271503,0.49314018471436,0.509490716158952,0.514826107298893,0.50618681299904,0.487000915323538,0.458198366848596,0.413516933432113,0.370440786527412,0.324542530175757,0.268912828013646,0.224374013619418,0.183126177643319,0.139439753278577,0.10849048302883,0.0826233440787723,0.0579576971717657,0.0421696140317763,0.030061098977919,0.0195427514493152,0.0133902986423076,0.00903236545969235,0.000818412534694782,0.000681180200876678,0.000559918184339813,0.000431299686109917,0.000339453583868888,0.000250018223575588,0.000179803890976065,0.000133287001196487,9.66154651227731e-05,6.37546337384715e-05,4.37029098488701e-05,2.95025460009553e-05,1.7873236697213e-05,2.14765316385606e-07,1.41641027320441e-07,0,0,0,0,0,0,0,0,0,0,0,0,0,0,0,0,0,0,0
0,0,0,0,4.88697428686981e-07,9.37508177121368e-07,1.41196291035767e-06,2.20849813312759e-06,4.60494524855795e-06,1.07767569900389e-05,1.56603734119202e-05,2.38815446604468e-05,3.32013924182643e-05,4.52349225980957e-05,8.76254718536362e-05,0.000119897319665988,0.000161605543892975,0.000231631208360501,0.000303202922710659,0.000391121170775916,0.000520617901423541,0.000650099603710209,0.000802412380736052,NA,NA,NA,NA,NA,NA,NA,NA,NA,NA,NA,NA,NA,NA,NA,NA,NA,NA,NA,NA,NA,NA,NA,NA,NA,NA,NA,NA,NA,NA,NA,NA,NA,NA,NA,NA,NA,0.00840503642358551,0.00871842006225396,0.00905346381974544,0.00927085090117417,0.00943164230973695,0.00952747999544802,0.00950403633377792,0.00943989436254632,0.00928496544000583,0.00910916729544202,0.00887637645489281,0.00855739021393019,0.00828174436226263,0.00800112264957388,0.00769171499924736,0.00749613966974056,0.00729139361982262,0.00711151467418405,0.00699593109025936,0.0143239190103886,0.0190952080362018,0.0249829414347437,0.0331275723832223,0.0467391823024347,0.061932542070354,0.0811884751583999,0.110208201069618,0.13952107731375,0.173341571834575,0.219068774724474,0.260269727738151,0.302720319194651,0.352716936296467,0.391118596417632,0.424267165586436,0.45432159466742,0.469372477634388,0.474279868486906,0.466316328374472,0.448641243266892,0.422108592145323,0.380951531272886,0.34127374987793,0.298996251533971,0.247755912676682,0.206729992868959,0.168736473978012,0.128496490246609,0.0999881247964669,0.0761602863716556,0.0534380080960258,0.0388926611385199,0.027735398226851,0.0180430575546981,0.0123717675845526,0.00835317426832233,0.000781540169488032,0.000650551155294501,0.000534988398989238,0.000412290672786795,0.000324602290805175,0.00023955447629553,0.000172275262047379,0.000127708105212429,9.2575605090246e-05,6.10942922481897e-05,4.18085284872406e-05,2.82316185959073e-05,1.71093473819134e-05,2.76440575281413e-07,1.82316808574484e-07,0,0,0,0,0,0,0,0,0,0,0,0,0,0,0,0,0,0,0
0,0,0,0,5.94364960749769e-07,9.98139995699323e-07,1.49988473788147e-06,2.30462436210569e-06,4.94314708808016e-06,1.05994710435701e-05,1.53408920013471e-05,2.32858152758233e-05,3.22531889831051e-05,4.37870198635618e-05,8.70973409024928e-05,0.000119378834945946,0.000161270436920689,0.000231977385274943,0.000304634371125052,0.000394353805700573,0.000527288998094004,0.00066093461109065,0.000818385901419301,NA,NA,NA,NA,NA,NA,NA,NA,NA,NA,NA,NA,NA,NA,NA,NA,NA,NA,NA,NA,NA,NA,NA,NA,NA,NA,NA,NA,NA,NA,NA,NA,NA,NA,NA,NA,NA,0.0079523183741872,0.00825383449172697,0.00857934163467347,0.00879244568883392,0.00895111339914022,0.00904839222736756,0.00902805349540269,0.00896930959457963,0.00882311541036791,0.00865420108070371,0.00843035163792555,0.00812298448553259,0.00785849425377627,0.00759108637453204,0.00729733467412718,0.00711309508191635,0.00692379000186017,0.00676068641846478,0.00665902578283137,0.0133613917395699,0.0177293042907806,0.0231161487603498,0.0305622148673736,0.0430032103595253,0.0568849575016757,0.0744745106491779,0.100978059701295,0.127747781468678,0.158632924083135,0.200391757002371,0.238016731189585,0.27678267959902,0.322441460097805,0.357511005808292,0.387782640970962,0.415227107138619,0.428967970587724,0.433443226313295,0.426159110696819,0.410004525196275,0.385757448322405,0.348149365309305,0.311893849929343,0.273262722191421,0.226442922996582,0.188954923761377,0.154238989658133,0.117470127532361,0.0914202323104795,0.0696463865251472,0.0488815663010611,0.0355880535954932,0.0253891931791778,0.016528950351295,0.0113426009809916,0.00766615404270631,0.000742005767413513,0.000617678136709801,0.000508181034755481,0.000391811821611797,0.000308582976822691,0.000228190953107551,0.00016410204600054,0.000121653664916423,8.81931680668146e-05,5.82099837795077e-05,3.97506329615597e-05,2.68520517090767e-05,1.62809785727303e-05,3.52956874267582e-07,2.32780483890194e-07,0,0,0,0,0,0,0,0,0,0,0,0,0,0,0,0,0,0,0
0,0,0,0,7.17048544067503e-07,1.20416726751337e-06,1.8094777427833e-06,2.73676505246821e-06,5.82999578494807e-06,1.12882700840236e-05,1.62390708290079e-05,2.44716164188464e-05,3.36944701902322e-05,4.54764535231738e-05,9.0708162968875e-05,0.000124020664971992,0.000167227342800472,0.000240103032552937,0.000315101798681802,0.000407845620272239,0.000545548293928595,0.000684152264599441,0.000847399829278174,NA,NA,NA,NA,NA,NA,NA,NA,NA,NA,NA,NA,NA,NA,NA,NA,NA,NA,NA,NA,NA,NA,NA,NA,NA,NA,NA,NA,NA,NA,NA,NA,NA,NA,NA,NA,NA,0.00751388992986,0.00779916566630931,0.00811008319728434,0.00831512330301719,0.00846842781255184,0.00856427374729156,0.00854553263226527,0.00849138715824117,0.00835423273903832,0.0081932146143934,0.00797983707952964,0.00768668112865211,0.00743561648865301,0.00718356923206445,0.00690793352528985,0.00673697063541286,0.00656456749393855,0.00641959336963671,0.00633268222569107,0.0124155186473697,0.016384228494914,0.0212748996671461,0.0280289858207584,0.0393100906718419,0.0518921617175487,0.0678304745062518,0.0918405682602985,0.116090262117543,0.144066379646133,0.181892111506056,0.215972797366903,0.251086537706028,0.292445353093444,0.324211634696894,0.351631009107856,0.376487445456942,0.388928786834904,0.39297449431269,0.386362274730288,0.371713508932167,0.349730663443314,0.315638835869092,0.28277436308824,0.247756525316369,0.205317331619409,0.171335385200826,0.139867605301872,0.106538726971217,0.0829252524129529,0.0631870785552922,0.0443623236548706,0.0323095913374577,0.0230608329522059,0.0150253652337988,0.0103198822970464,0.00698282490492342,0.000700826625880193,0.000583417033246518,0.000480201792629593,0.000370408985774844,0.000291826900112289,0.000216247271191362,0.000155515295401202,0.00011529576629261,8.35935268671893e-05,5.51849824212375e-05,3.7586147432284e-05,2.54025432553626e-05,1.54117812150167e-05,4.47016666993055e-07,2.94814362988544e-07,0,0,0,0,0,0,0,0,0,0,0,0,0,0,0,0,0,0,0
0,0,0,0,8.58076745729946e-07,1.44100136423278e-06,2.16536353897414e-06,3.2415508382736e-06,6.85030464449325e-06,1.22458367447521e-05,1.75222052644394e-05,2.62344965418153e-05,3.59268856422687e-05,4.82291099269848e-05,9.56711528012206e-05,0.000130369727900715,0.000175289040890451,0.000250871647496837,0.0003286591035696,0.000424854465900531,0.00056776381799485,0.000711750945062345,0.000881066195540446,NA,NA,NA,NA,NA,NA,NA,NA,NA,NA,NA,NA,NA,NA,NA,NA,NA,NA,NA,NA,NA,NA,NA,NA,NA,NA,NA,NA,NA,NA,NA,NA,NA,NA,NA,NA,NA,0.00712285630850704,0.00739354064781387,0.00769314293723453,0.00789332115819339,0.00804509795561919,0.00814481343544651,0.00813217555249847,0.00808730377506914,0.00796437709156926,0.00781494400392079,0.0076149529531911,0.00733829650893663,0.00710140002671483,0.00686435003048987,0.00660514433958573,0.0064452221566109,0.00628660005658258,0.00615538479767479,0.00607903306183555,0.0115525438346795,0.0151258774284792,0.0195271257500773,0.025600550006687,0.0357429600663526,0.0470509699517885,0.0613721781285808,0.0829422028991888,0.104727263550835,0.129859440428849,0.163840524238876,0.194458085531412,0.226003638387824,0.263161716456517,0.291701164532241,0.31633428995882,0.33866248441512,0.349834094424559,0.353459602515046,0.347502654310061,0.334323322114727,0.314551079747127,0.283892275503972,0.254338713223171,0.222848845499226,0.184686920453183,0.154128314587102,0.125832114568542,0.0958621107260726,0.0746276348058419,0.0568771829006137,0.0399468416615125,0.0291057434477593,0.0207849080753714,0.0135548443687713,0.0093190930530063,0.00631366000765405,0.000659027982552854,0.000548632104158859,0.000451765172303006,0.000348636373529604,0.000274772818177825,0.000204050918802259,0.000146751959695677,0.000108811013340319,7.89054365264963e-05,5.21048802036194e-05,3.53737675985793e-05,2.39230142866359e-05,1.45261681161585e-05,5.61575305612088e-07,3.70367546042075e-07,0,0,0,0,0,0,0,0,0,0,0,0,0,0,0,0,0,0,0
0,0,0,0,1.01855836891168e-06,1.71050434178107e-06,2.57034020014388e-06,3.77646453494926e-06,7.93273806939777e-06,1.3359782843342e-05,1.90268153993271e-05,2.83256741031754e-05,3.86060780241875e-05,5.15789527133143e-05,0.000101303058522306,0.000137537584512632,0.000184323939514862,0.000262803287751431,0.000343500782235289,0.000443219605651209,0.000591320418695479,0.000740561370890537,0.000915734655119223,NA,NA,NA,NA,NA,NA,NA,NA,NA,NA,NA,NA,NA,NA,NA,NA,NA,NA,NA,NA,NA,NA,NA,NA,NA,NA,NA,NA,NA,NA,NA,NA,NA,NA,NA,NA,NA,0.00674438671869396,0.00699730914817295,0.00728067222342572,0.00747187797305547,0.00761785512190591,0.00771627758348334,0.00770552769831371,0.00766580400489244,0.00755240051749905,0.00741095175873276,0.00722106358172136,0.00695745214645642,0.00673219983940029,0.00650793538294134,0.00626310134383778,0.00611325033359977,0.00596783384787651,0.00585058924187164,0.00578572370031647,0.0106743095906372,0.0138700937058789,0.01780328141686,0.0232250402639752,0.0322757723090187,0.0423611293740097,0.0551293756441383,0.0743545404996083,0.0937700224239845,0.11616705349436,0.146449604482219,0.173734496372687,0.201845722451101,0.234960102905967,0.260393064693824,0.282343635099832,0.302237518153712,0.31218647884698,0.315407350490107,0.310081136112467,0.298316869634446,0.280673101651275,0.25331986103435,0.226954427624371,0.198861756928997,0.164818578427686,0.137556515457945,0.11231445450537,0.0855789122847944,0.0666353265855876,0.0507989924477239,0.035692942190691,0.0260186609633143,0.0185915418353005,0.0121370697710804,0.00835378856050155,0.00566786310274453,0.000617611837346283,0.000514169663011505,0.000423572714297654,0.000327039690710502,0.000257853666023206,0.0001919271946005,0.000138047655090122,0.000102375169573772,7.42571496102981e-05,4.90550221928781e-05,3.31722402184383e-05,2.24534440151465e-05,1.36486054732525e-05,6.99800909966481e-07,4.61529456783717e-07,0,0,0,0,0,0,0,0,0,0,0,0,0,0,0,0,0,0,0
0,0,0,0,1.19930025243807e-06,2.01403115570722e-06,3.02644379052918e-06,4.44659335029311e-06,9.24798442356853e-06,1.48746520477793e-05,2.11045781958202e-05,3.12730628132583e-05,4.24544876266505e-05,5.64925645602026e-05,0.000108903769371045,0.000147170809160906,0.000196368886775286,0.000278437296738747,0.000362602561767207,0.000466341674330359,0.000620075769312492,0.000774744525499103,0.000955765026447636,0.00120463550055543,0.00143814368212116,0.00168818732435093,0.00200217916693031,0.00226473699163272,0.00253313432587255,0.0028522979384167,0.00307226016241943,0.00325910401712308,0.00343338383974856,0.00354592593432367,0.00361915894175569,0.00367576186271777,0.0037100375846393,0.00374349765789922,0.00379503319112083,0.00386777426950669,0.0039615285309862,0.00410827401963035,0.00425325077207717,0.00441958859632768,0.00462367853271811,0.00480540483422374,0.0049433214258564,0.00508255827777497,0.00515575765217072,0.00520849188224214,0.00523463876780939,0.00524297790904244,0.00522971279274687,0.00525923922270307,0.00530792946836203,0.00538211282377328,0.00552311807094156,0.00568269682583129,0.00587351476217491,0.00615650724541599,0.00639307229565834,0.00662832460095223,0.00689548772283227,0.00707772368953108,0.00721806892441597,0.00731554478396541,0.00730716554767917,0.0072732428008956,0.0071701059466075,0.00703740662719234,0.00685847215676915,0.00660891615154334,0.00639618171530495,0.00618540654575664,0.00595560758939102,0.0058163824786633,0.00568427325866826,0.00558079109725831,0.00552684084409034,0.00985899275596943,0.0126949004064993,0.0161819046916369,0.0209827517555143,0.0289936205641338,0.0379148812852799,0.0492051064782679,0.0661992460388661,0.0833608601647314,0.103156902796731,0.129922674011773,0.154039155266127,0.178885538862503,0.208156012043249,0.230636266542003,0.250036971260891,0.267617039601966,0.276403898483109,0.279239994780629,0.274513270292553,0.264093880826431,0.248473183880791,0.224261669584806,0.200926376226359,0.176062610845775,0.145934113368493,0.12180528400781,0.0994661149707389,0.0758048237962569,0.0590387131485805,0.0450218088312498,0.031649936340729,0.023084977366915,0.0165077680396258,0.0107909460899819,0.00743827971075459,0.00505665132984803,0.000581613731700397,0.000485436809555494,0.000401363553985192,0.000311668851545101,0.000247280059071799,0.000186130937716888,0.000135571088573292,0.000101954122519452,7.53012911444297e-05,5.11890257124659e-05,3.56420641523745e-05,2.5118620258674e-05,1.62403971319629e-05,3.76871271986631e-06,2.96873050560163e-06,1.85064696511451e-06,1.45467904524262e-06,1.1179931959794e-06,7.91310607602167e-07,5.78790492161257e-07,4.13927388278312e-07,2.68725541737074e-07,1.82900185170553e-07,1.21716012856694e-07,7.24785436070033e-08,0,0,0,0,0,0,0,0,0
0,0,0,0,1.40072262440186e-06,2.35228751125024e-06,3.53473475908708e-06,5.19339831256483e-06,1.06972583242803e-05,1.66373027788253e-05,2.3533453612132e-05,3.47399974805487e-05,4.70074451626712e-05,6.23427921093396e-05,0.000117573325009463,0.00015810596006237,0.000209951314220647,0.000295865097796248,0.000383654151983735,0.000491479615778991,0.000650750601651682,0.000810571981293161,0.000996991331489105,0.00125306551779551,0.00149318484613043,0.00174991680355118,0.00207187668866537,0.00234086247121278,0.00261381412382913,0.00293947431994725,0.00316272294316357,0.0033511795215847,0.00352486354191234,0.00363474507801112,0.00370324952507744,0.00375169069165823,0.00377660476634097,0.00380065435552372,0.00383914106358128,0.00389957062742276,0.00398174682911399,0.00411529424004146,0.00424996841520927,0.00440668649308335,0.00459982533883981,0.00477185490363277,0.00490132172676479,0.00502896939950322,0.00509220049620261,0.00513465317355236,0.0051445435424753,0.00513715248469213,0.00510458450370879,0.00510984305022288,0.00513637903573637,0.00518649102315443,0.00529773748939728,0.0054329460149528,0.00560021360949993,0.00585498224742779,0.00607251301564624,0.00629186764735441,0.00654520216368702,0.00672085255828693,0.00685823535473625,0.00695827690593589,0.00695527366673906,0.00693002924049858,0.0068403694613397,0.00671853552247304,0.00655224701652027,0.006317827982837,0.00611741467573327,0.00591889206152567,0.00570134123053033,0.00556962259036718,0.00544663768695213,0.00535105742968255,0.00530254734984696,0.00910715011363382,0.0115988192292164,0.0146616609975534,0.0188746902366193,0.0259039401129158,0.0337285704685248,0.0436282585346989,0.0585254123526805,0.0735700587846928,0.0909242326979246,0.114389190002021,0.135532609036849,0.157315844437001,0.182980345022894,0.202690879288913,0.219700217394826,0.235110841577651,0.242808744621581,0.245285282215865,0.241122895408612,0.231966951570296,0.218246176703599,0.196984449906655,0.17649392490556,0.154661307123593,0.128207627984791,0.107020036822336,0.0874058504011029,0.0666300695008422,0.0519076939652688,0.0395984099840709,0.0278540540814684,0.0203301028120607,0.0145504462320382,0.00952556482265056,0.00657677270133225,0.00448045367467882,0.000544963693572443,0.000455352218443554,0.000377139194052012,0.000293614117369437,0.000233589947462312,0.000176861560604371,0.000129441554026508,9.78602479698932e-05,7.27619430704885e-05,4.99696845028552e-05,3.50168470488632e-05,2.50140738978797e-05,1.64843721925811e-05,4.83875925470714e-06,3.81996124204322e-06,2.40797293755937e-06,1.89275850003201e-06,1.45467904524262e-06,1.02961535302428e-06,7.53094386943079e-07,5.38582435157823e-07,3.4965276702238e-07,2.37980935568681e-07,1.58371029456941e-07,9.43055995277751e-08,0,0,0,0,0,0,0,0,0
0,0,0,0,1.62277600122635e-06,2.7251903087318e-06,4.09508823361551e-06,6.01669595366063e-06,1.22771373917463e-05,1.8635608603694e-05,2.62951141970541e-05,3.86972611592813e-05,5.2222896746858e-05,6.90704350638152e-05,0.00012720206565132,0.000170191366647004,0.000224865346967518,0.000314788847494332,0.000406265519509936,0.000518131513683401,0.000682680889683026,0.000847220865927088,0.00103840605895886,0.00130055412161071,0.00154606968191304,0.00180802090154314,0.00213601828905587,0.00240957775607569,0.00268528879564172,0.00301524725323101,0.00324025875185527,0.00342912305218712,0.00360134245527799,0.00370822916269855,0.00377218179650181,0.00381320002405635,0.00382985842825327,0.00384593427467453,0.00387322635698966,0.0039230738308339,0.00399534501970246,0.00411761768390176,0.00424350541591086,0.00439204493961371,0.00457611044410558,0.00473989025431074,0.0048625193583048,0.00498088100895179,0.00503622961161256,0.00507080378640349,0.00506748397955002,0.00504693132481857,0.00499806406210218,0.00498216853854357,0.00498895118875173,0.00501720056699629,0.00510096453487116,0.00521347052566676,0.00535856034103536,0.00558664880011497,0.00578620416803092,0.00599072374835812,0.00623148018429148,0.00640165423684064,0.00653725398927794,0.00664129436075848,0.00664483397299695,0.0066292308548884,0.00655395812145472,0.00644383809917091,0.00629048191064969,0.00607126765648016,0.00588289948001656,0.00569606558273981,0.0054898990049145,0.00536519600684283,0.00525068953973103,0.00516253863889125,0.00511929218377914,0.00843491689247815,0.0106079315538906,0.013277943769084,0.0169464645401338,0.0230658387429896,0.0298736300849212,0.0384836309967094,0.0514353431449601,0.0645157385696089,0.0796040534052137,0.100005568720372,0.118389644720791,0.137329708127698,0.159646997912441,0.176786395382162,0.19157554787763,0.204971634739979,0.211657774452816,0.213799261580293,0.210158735727836,0.202173550156092,0.190214192902089,0.171687613343496,0.153835156179415,0.134813579809767,0.11176800359687,0.093308170887353,0.0762211242473316,0.0581215777741067,0.0452946912794458,0.0345691452450628,0.0243342178635456,0.0177757330379501,0.0127358155526158,0.00835258827034727,0.00577836790967114,0.00394667243501564,0.000511602597039518,0.000428143011866442,0.000355382772009404,0.000277596277278061,0.00022162521624351,0.000168993249540576,0.000124461290135472,9.47347759096296e-05,7.10342353624523e-05,4.94020664935635e-05,3.49177477996162e-05,2.53437228544631e-05,1.70683214642186e-05,6.16622636093254e-06,4.87818843644559e-06,3.10786280447989e-06,2.4428986091824e-06,1.87748908081504e-06,1.32887841415231e-06,9.7198519008907e-07,6.95124223061137e-07,4.51281163572268e-07,3.07151333095491e-07,2.04402393431916e-07,1.21716012856694e-07,0,0,0,0,0,0,0,0,0
0,0,0,0,1.86486425279827e-06,3.13173844386756e-06,4.70599987500012e-06,6.9142760279043e-06,1.39803738306698e-05,2.07287664086084e-05,2.91750935448488e-05,4.27997327632397e-05,5.76001630231128e-05,7.59650873546635e-05,0.000136722414829065,0.000181981179041636,0.000239195355586232,0.000332592605143204,0.000427131891593573,0.000542212132338373,0.000710746342949363,0.00087865549303854,0.00107304063819293,0.00133905492495564,0.00158793288057809,0.00185293508625442,0.00218432318609728,0.00246044593820571,0.00273706365909235,0.00306929883476127,0.00329495470440694,0.00348353498207701,0.0036542462805535,0.00375863803418776,0.00381910838639925,0.00385452188514864,0.00386487626955351,0.00387519347196763,0.0038939002712604,0.0039353487832947,0.00399965515848194,0.00411263903185902,0.00423109142851946,0.00437255400470154,0.00454879565967039,0.00470517029196493,0.00482190070435792,0.00493253539871803,0.00498148035449086,0.00501011525381075,0.00499632055595498,0.00496515527234988,0.00490321001981719,0.00486979278390202,0.00485985403832511,0.00486924158576301,0.00492888694943776,0.00502133838490292,0.00514661067037056,0.00535073155014759,0.0055342731058511,0.0057259111179316,0.00595626021488095,0.00612273129869557,0.00625825488368368,0.00636827992077836,0.00637996871056935,0.00637532747244982,0.00631555189312606,0.00621778211013981,0.00607757570468871,0.0058732686397027,0.00569613222159389,0.00551961355875293,0.00532253152956724,0.00520273141223726,0.00509398148556252,0.00500968534278499,0.00496844681597023,0.00783268093189793,0.0097097292830283,0.0120163405258697,0.0151825807166277,0.0204641847829562,0.026337058182583,0.033762381104412,0.0449282415618927,0.0562064842455987,0.0692167406835765,0.0868091660038788,0.102663597621061,0.118997424384705,0.13824679629318,0.153029853594121,0.165784465270842,0.177334855191323,0.183094420429849,0.184929658435734,0.18176857662893,0.17485738404984,0.164513631920358,0.148495279877516,0.133061910969645,0.116617862822232,0.0966971947294403,0.0807384332130939,0.0659684844697537,0.0503225791043047,0.0392334970606945,0.0299599133221615,0.021108791499975,0.0154353996396392,0.0110736815244818,0.00727859346328875,0.00504772840805897,0.00345859761868681,0.000482245599462797,0.000404436583571631,0.000336640378847944,0.000264070158401578,0.000211771797827363,0.000162846873689341,0.000120889186647552,9.27925928557247e-05,7.02955137169267e-05,4.96260405077703e-05,3.54594641393458e-05,2.62003956869121e-05,1.80635559782867e-05,7.79903062726727e-06,6.18245609827416e-06,3.97881998370139e-06,3.12750414540834e-06,2.40364248484843e-06,1.7012874514657e-06,1.24437735559417e-06,8.89928006437019e-07,5.77749606353633e-07,3.93228382018421e-07,2.61684758584253e-07,1.55826088459435e-07,0,0,0,0,0,0,0,0,0
0,0,0,0,2.12577887310957e-06,3.56990242592143e-06,5.36442000865232e-06,7.881657810166e-06,1.57955687581312e-05,2.31708554443277e-05,3.25638995206358e-05,4.76819627802988e-05,6.40665543950845e-05,8.43512757391137e-05,0.000148093948117193,0.00019613528288613,0.000256470223898568,0.000354076336583404,0.000452307409178099,0.000571184538339428,0.00074425392821974,0.000915783871869608,0.00111338413187792,0.0013828227630007,0.00163428607955327,0.00190115136335996,0.00223399892389493,0.00251071136791401,0.00278608085403945,0.00311760219044856,0.00334156152901989,0.00352780596332876,0.00369488471637473,0.00379540686767331,0.00385155856244708,0.00388097548181813,0.00388528099634058,0.00389058309151509,0.00390187674612865,0.00393622965166238,0.00399383027057663,0.00409916495619158,0.0042115407246166,0.00434727380765189,0.00451744688732025,0.00466784193117933,0.00478020974016567,0.00488520738141104,0.00492969465117615,0.00495461212138255,0.00493314024869677,0.0048937315137517,0.00482156061929776,0.0047735877688518,0.00474903430373776,0.00474173557920541,0.00477960721653462,0.00485383410978725,0.00496086699292397,0.0051428599990984,0.00531163794847383,0.00549147882169458,0.00571255547297859,0.00587607015453546,0.00601208216759615,0.00612847959407901,0.00614836309506267,0.00615430199426119,0.00610907745252949,0.00602273480637917,0.00589451380748299,0.00570357468327253,0.00553630454035274,0.00536871052117093,0.00517915907485128,0.00506345582595977,0.00495963323022271,0.00487863092763296,0.00483904910227704,0.00729390315404567,0.00890249009389199,0.0108794339794109,0.0135901111343531,0.0181116616036512,0.0231363774281064,0.0294870309431939,0.0390328939925021,0.048676533319939,0.0598022232849082,0.074847016807746,0.0884075536255665,0.102378088989308,0.118845861616462,0.131492425878694,0.142402370400006,0.152279515152325,0.157199202893935,0.158756988490758,0.156030853787369,0.150093560232201,0.141214854161688,0.127470742867053,0.11423072411,0.100123692007761,0.0830362992473997,0.0693452027297918,0.0566760026475163,0.0432546125564842,0.0337410205074411,0.0257837507299699,0.0181871122206106,0.0133160640890064,0.00956916398235105,0.00630710942082251,0.00438742904045609,0.00301811198835231,0.000457483607940644,0.000384758339624411,0.000321376950063436,0.000253431300867167,0.00020437174778579,0.000158713975142438,0.000118966177898321,9.22378598942067e-05,7.07177985823105e-05,5.07805771567036e-05,3.67585085605438e-05,2.76799205089875e-05,1.95449559188223e-05,9.79013667459201e-06,7.77602926871003e-06,5.05276333574877e-06,3.97166454955343e-06,3.05242174047593e-06,2.16049052069416e-06,1.58025351836429e-06,1.13013295921921e-06,7.33692914026041e-07,4.99366636182957e-07,3.32317410467198e-07,1.97885893241273e-07,0,0,0,0,0,0,0,0,0
0,0,0,0,2.40364963549118e-06,4.03654151113716e-06,6.06562910259677e-06,8.9119071424205e-06,1.77069733165126e-05,2.57734037670549e-05,3.61758237943975e-05,5.28865338507178e-05,7.09610007101198e-05,9.32942296743321e-05,0.000159934890349232,0.000210790721724282,0.000274232721593492,0.000375906196080105,0.000477600661863949,0.000599893505658504,0.000776783617296535,0.000951081639120495,0.00115080467808199,0.00142197277234257,0.00167432041560345,0.00194110587305013,0.00227285533415661,0.00254793112568341,0.00281991594568924,0.00314805527356245,0.00336851138877789,0.00355097671494367,0.00371327619782801,0.00380943627476684,0.00386131017579564,0.00388530803542373,0.00388449707619011,0.00388607466294412,0.00389155383315539,0.00392027442516955,0.00397266797002605,0.00407195314726778,0.00417951244361168,0.00431076872443545,0.00447657259622151,0.00462254459872732,0.00473238800536865,0.00483457511822595,0.00487737939275524,0.00490192143899291,0.0048772833237065,0.00483369102577171,0.00475600381007023,0.00469875545525689,0.00466416513095034,0.004644440447798,0.00466527549940225,0.00472499075172755,0.00481713698063615,0.00498089530535112,0.00513787626769336,0.00530886802912003,0.00552428010458353,0.00568793780778978,0.00582767721141624,0.00595437110318904,0.00598578370621754,0.00600531722793934,0.00597768135359082,0.00590484669835323,0.00578994046920627,0.00561286020506271,0.00545478340626562,0.00529438205079667,0.00510895112203396,0.00499384425254161,0.00489048676975451,0.00480673049493709,0.0047634361102123,0.00684570366340731,0.00820694549265184,0.00988286277567866,0.0121799995051345,0.0160143381094782,0.0202743283719954,0.0256577094387833,0.0337472600830503,0.0419227737521332,0.0513569358896214,0.0641157087621419,0.0756186836436694,0.0874697515077787,0.101443165693714,0.112174363508895,0.121430712893367,0.129808327215195,0.133975682447274,0.135285455269574,0.132950254619723,0.127886897406565,0.120322670667835,0.10861860208104,0.097345934719774,0.0853350051660585,0.0707887247787542,0.0591314504179979,0.0483462700446626,0.0369197976738621,0.0288190470949933,0.0220421625051608,0.0155704135582682,0.011418780258432,0.00822316114345085,0.00543890924573122,0.00379814915467233,0.00262581442087311,0.000437774173178486,0.000369523546128774,0.000309969002159593,0.000246009814699681,0.000199718017667405,0.00015685222384655,0.000118911693429517,9.32611627365708e-05,7.24655215422091e-05,5.30020535125942e-05,3.89319108417901e-05,2.98801192700717e-05,2.15902375722319e-05,1.2197059401612e-05,9.70601055121864e-06,6.36481577931876e-06,5.00298777429529e-06,3.84504493243552e-06,2.72150568776739e-06,1.99059838363051e-06,1.42359489522789e-06,9.24211154583057e-07,6.29037307794589e-07,4.18610363742778e-07,2.49270977505618e-07,0,0,0,0,0,0,0,0,0
0,0,0,0,2.69591661587865e-06,4.5273567203295e-06,6.80316716795795e-06,9.99553270562636e-06,1.96944443525822e-05,2.85036032895634e-05,3.99642263750375e-05,5.8344169950044e-05,7.81892694295458e-05,0.000102668307597135,0.000172073525227577,0.000225728685720458,0.000292209619695603,0.000397729867399286,0.0005025893038351,0.00062784251324066,0.000807747700565851,0.000983886548285617,0.00118456613965733,0.00145569243611085,0.00170716614005898,0.00197188515827405,0.00229994108100334,0.00257113487925301,0.00283759889169911,0.00315967265414221,0.00337482035408169,0.00355206541337682,0.00370843823219347,0.00379974344607035,0.00384737327390059,0.00386651253126794,0.00386148903958816,0.00386061461540909,0.00386180207210647,0.0038863016359523,0.00393478982755077,0.00402946030012928,0.0041332818743596,0.00426108437265933,0.00442382879417631,0.00456655247290555,0.00467521373464825,0.00477666447857155,0.00481981478921894,0.00484646926769923,0.00482204959539866,0.00477735169525966,0.00469787170282784,0.0046355099216708,0.00459431339505541,0.00456560386344903,0.00457333413209785,0.00462174352522997,0.00470196981642667,0.00485103628311992,0.00499892073353995,0.00516368898654958,0.00537651496240706,0.00554275069588839,0.00568855460105315,0.00582805851334537,0.00587294558824271,0.00590754027300442,0.00589863025471306,0.00583991533764547,0.00573840958116609,0.0055746574252894,0.00542476386069449,0.00527001734723699,0.00508623335676447,0.0049695681894566,0.00486403241512789,0.00477409945615837,0.00472402153001454,0.0064720324469514,0.00760929017517317,0.00901430967906021,0.0109409128366449,0.0141612696316469,0.0177395151384305,0.0222617996079344,0.0290562208253432,0.0359271218618002,0.0438591079927137,0.0545882540836219,0.0642651727022467,0.074235553333728,0.0859960688311495,0.0950283155443286,0.102818084607402,0.109866224185065,0.11336696898846,0.114457593175104,0.112470316304602,0.108183104713006,0.101786045408701,0.0918928680482668,0.082366407542521,0.0722158386448056,0.0599247657763578,0.0500724834420992,0.0409592252751789,0.0313029894392677,0.0244559144617778,0.0187263960234444,0.0132527143354948,0.00973933640332083,0.00703280225587519,0.00467229790526548,0.00327886441849345,0.00228114423392243,0.000423436476074053,0.000359032466819851,0.000302699914227757,0.000242065998322433,0.000198050439740478,0.000157481600161364,0.000120920431136929,9.60367372995904e-05,7.56931629399144e-05,5.64223301884388e-05,4.20956232881782e-05,3.28994921956127e-05,2.42789255416053e-05,1.50810343617574e-05,1.20226845914107e-05,7.95288923817396e-06,6.2512740365861e-06,4.80441500959431e-06,3.40054355794585e-06,2.48726891894363e-06,1.77879343477072e-06,1.15480937703913e-06,7.85987247553135e-07,5.23057064371839e-07,3.11466119857708e-07,0,0,0,0,0,0,0,0,0
0,0,0,0,2.99932800050088e-06,5.0368871572515e-06,7.56882822664536e-06,1.11204778913893e-05,2.17335772190989e-05,3.1322992151949e-05,4.38747216405287e-05,6.39746221500848e-05,8.56428154270205e-05,0.000112329610788528,0.000184320955113009,0.000240711655982583,0.000310108721501278,0.00041917965465363,0.000526841493250564,0.000654535662575877,0.00083657826270569,0.00101357906507611,0.00121400545894351,0.00148328828234975,0.00173211829537851,0.00199279295743989,0.00231459121621432,0.00257969901213239,0.00283856370154532,0.00315169859479691,0.00335965680795811,0.00353010289936424,0.00367912616835341,0.00376474454413528,0.0038076969918583,0.00382178937806096,0.00381265732037958,0.00380965980238657,0.00380686053790191,0.00382736969050248,0.0038719723092504,0.00396196762311274,0.00406196510107707,0.00418632612290466,0.00434638496368857,0.00448661170949403,0.00459534143524844,0.00469849354222519,0.00474473087019613,0.00477702533172038,0.00475783079769546,0.00471668362180547,0.00464081048125095,0.00457952121738181,0.00453674601365442,0.00450402826377799,0.0045040987977725,0.00454543420403889,0.0046175106898291,0.00475612945652234,0.00489803029503793,0.00505949768593459,0.00527311918957331,0.00544459467079574,0.00559905048203637,0.00575423905458861,0.00581506523742784,0.00586656779841451,0.00587805746260401,0.00583455017542545,0.00574698247514577,0.00559648435584073,0.00545404260176159,0.00530356818099416,0.00511893865108698,0.00499837375870435,0.00488761440153169,0.00478757553313695,0.00472711553504155,0.0061769123107897,0.00711166809479464,0.00827395038684597,0.00987059062041055,0.0125465380328287,0.01552221819345,0.019284979970824,0.024938774687209,0.0306619658975699,0.0372736122432207,0.0462194828960643,0.0542928674785342,0.0626121200535064,0.0724303529997118,0.0799716822777645,0.0864746967411693,0.0923568670043548,0.0952733947926266,0.0961725772672137,0.0944917917250761,0.0908866091183575,0.0855149894814498,0.0772122752737155,0.0692193130241281,0.0607023769574367,0.0503915492197843,0.0421242077321321,0.0344789116281104,0.0263768748243926,0.0206304432312146,0.0158204054584547,0.0112228698953383,0.00826972736246532,0.00599248043721768,0.00400376701954924,0.00282728339821818,0.00198266538097127,0.000414650072503924,0.000353468496485999,0.000299757501848797,0.000241787505962013,0.000199552737776837,0.000160781154693664,0.000125159318667671,0.000100719649078934,8.05426810504642e-05,6.11665051288937e-05,4.63625419481948e-05,3.68355176252245e-05,2.76909688199917e-05,1.85058128314066e-05,1.47785534630493e-05,9.85703377156953e-06,7.74800420936243e-06,5.95472658853228e-06,4.21472897314759e-06,3.08279079448514e-06,2.20468642704334e-06,1.43130310108701e-06,9.74174618950572e-07,6.48291582287274e-07,3.86039836616922e-07,0,0,0,0,0,0,0,0,0
0,0,0,0,3.30996714627607e-06,5.55855545216068e-06,8.35272859847921e-06,1.2272221132614e-05,2.37960308404028e-05,3.41879571722172e-05,4.78459061772342e-05,6.96877743019963e-05,9.32003132095188e-05,0.000122118064133122,0.000196473718304112,0.000255486727814898,0.000327622977879267,0.000439877717309095,0.000549922035732065,0.000679484688496419,0.00086273507847264,0.00103959077691447,0.00123835830014492,0.00150388700275172,0.00174818283358783,0.00200267862481688,0.00231535789032264,0.00257184333652117,0.00282058364686499,0.00312172862425797,0.00332010774757033,0.00348160559369838,0.0036211412458964,0.00369969390361431,0.00373710504810599,0.0037457304800207,0.00373274316812362,0.00372852064891952,0.00372330554819611,0.00374169830529929,0.00378470392980014,0.003873185421142,0.00397231963848855,0.00409646460613432,0.00425800378915061,0.00439941574891778,0.00451196245296808,0.00462148221863222,0.00467467899147633,0.00471656501281097,0.00470724766991534,0.00467338966285089,0.0046051443549618,0.00454906615407774,0.0045078599465306,0.00447404191189376,0.00446959209278322,0.00450627747111915,0.00457228671014947,0.00470282290401834,0.00484050439766882,0.00500013130303596,0.00521623609284317,0.00539417839156143,0.00555842562973115,0.00573035125755332,0.00580775971237721,0.0058766167697078,0.00590854291554359,0.00588007187364842,0.0058058779857052,0.00566752056291118,0.00553123069052536,0.00538337393652882,0.00519546679562363,0.00506901617971878,0.00495064438069903,0.00483745656331605,0.00476397512569256,0.00595036705324682,0.00670385939341513,0.00765072332496769,0.00895632301942641,0.0111541244938024,0.0136023101680462,0.0167016036442294,0.0213606409096357,0.0260840752985937,0.0315467563585122,0.0389414481021371,0.0456209159264357,0.0525052683568022,0.0606361009438713,0.0668825275765253,0.0722681219162386,0.0771383125833139,0.0795482345119308,0.0802820968709959,0.0788688256926527,0.0758570631931021,0.0713774500498355,0.0644576624519388,0.057797920249067,0.0507011410718259,0.0421116545415806,0.0352220604727377,0.0288526743383553,0.0221014245109423,0.0173115514300328,0.0133005895443453,0.00946441477736723,0.00699805631795509,0.00509379397777864,0.00342796542545121,0.00243983213578789,0.00172805893282516,0.00041145697386622,0.000352898928354125,0.000301233580784574,0.000245287820351202,0.000204350360094737,0.000166886186578044,0.000131764530007918,0.000107442811281015,8.71406332732552e-05,6.73502606391303e-05,5.18400704303764e-05,4.1782505097724e-05,3.19049504511596e-05,2.25360499029899e-05,1.80270353645429e-05,1.21185251849668e-05,9.52562264879376e-06,7.32091477061357e-06,5.18171088712478e-06,3.79007303299556e-06,2.71050587937927e-06,1.75968583245324e-06,1.19767872647029e-06,7.97028604062435e-07,4.74608649098475e-07,0,0,0,0,0,0,0,0,0
0,0,0,0,3.62331105453372e-06,6.084765958995e-06,9.14345446009614e-06,1.34339927039789e-05,2.58500508504821e-05,3.68963146237392e-05,5.15766629955479e-05,7.5011282511189e-05,0.000100190194339075,0.000131098924137206,0.000207200060519139,0.000268289727470882,0.00034246603299384,0.000456706437462982,0.000567957598188668,0.000697976977845622,0.000880416131478843,0.00105517577798613,0.00125034586802288,0.00150941583702106,0.00174682581515628,0.00199280915040485,0.00229376877271838,0.00253972506227103,0.00277690688487215,0.00306465794688449,0.00325310889689246,0.00340598717915708,0.00353736372678775,0.00361066977441428,0.00364500845339421,0.00365170789127026,0.0036380933421164,0.00363614630229964,0.00363235982929123,0.00365157295080027,0.00369539074954155,0.00378449102174446,0.00388387380026441,0.00400837180109358,0.00417111483392404,0.00431332897836771,0.00442912755882076,0.00454417496422473,0.00460366344166405,0.00465470034486853,0.00465488420273486,0.00462822119685928,0.00456806250181389,0.00451744382097942,0.00447806756205712,0.00444343659743626,0.00443480722763539,0.00446731090334765,0.00452777445656011,0.00465131934159179,0.00478580998051117,0.00494519700123197,0.00516646513747048,0.00535355514579008,0.00553069257791048,0.00572346917990233,0.00582125506473137,0.00591108066824699,0.00596745998423849,0.00595716780989682,0.0058989506419483,0.00577507173424921,0.00564613691483529,0.00550135249446365,0.00530974751121809,0.00517660054326117,0.00504908596290533,0.00492031429552872,0.0048313608475053,0.00578645377148004,0.00637803583970113,0.00713449053888233,0.00818500179183354,0.00996571158519012,0.0119557920050607,0.014480558006471,0.0182800807310262,0.0221410361645094,0.0266137587943889,0.0326726721855909,0.0381527997733212,0.0438029775085783,0.0504830160197684,0.0556164664545976,0.060041854195474,0.0640430614569462,0.066018483794015,0.0666113650068576,0.0654296218244275,0.0629291592028697,0.059217874366579,0.0534886293747896,0.0479764391858105,0.0421019173191039,0.0349937479094722,0.0292898256653472,0.0240183178211983,0.018429291766247,0.0144624198290102,0.0111389347445935,0.00795774017494572,0.00591009996786807,0.00432664665032381,0.00293839949660187,0.00211212314877803,0.0015144301675847,0.000413766600081236,0.000357277968066625,0.000307125205506514,0.000252605788130524,0.000212508941045765,0.000175885696596962,0.000140838445581916,0.000116313750910932,9.55949151758594e-05,7.50767450852795e-05,5.86271773285121e-05,4.78289614112708e-05,3.69958590556453e-05,2.72352709280824e-05,2.1820812836782e-05,1.47786753768582e-05,1.16166020815474e-05,8.92793646134096e-06,6.31915368650187e-06,4.62203594532356e-06,3.3054918719073e-06,2.14595631779876e-06,1.46058244168444e-06,9.7198519008907e-07,5.78790492161257e-07,0,0,0,0,0,0,0,0,0
0,0,0,0,3.93432080629642e-06,6.60705662682856e-06,9.92829005910711e-06,1.45871100248942e-05,2.78611858252449e-05,3.97426527808818e-05,5.55197246544187e-05,8.06797639745615e-05,0.000107683703181953,0.000140797864570503,0.000218785486893325,0.000282216932283216,0.000358737034576156,0.000475425755956817,0.000588250241924286,0.000719074650634316,0.000901044840297334,0.00107388074232066,0.00126547591730402,0.00151786010668194,0.00174793180151432,0.00198471997554979,0.00227283411621988,0.00250710441076906,0.00273151459063781,0.00300397932465358,0.00318107003132123,0.00332396965827119,0.00344573845267233,0.00351275903104535,0.00354322811472056,0.0035472574056268,0.00353270365321816,0.00353293248211801,0.00353052851692485,0.00355065781996881,0.00359543424714409,0.00368548282022767,0.00378557095997505,0.0039111333604723,0.00407681739335852,0.00422166876316351,0.00434296469258767,0.00446728920586838,0.00453687909069235,0.00460158477954468,0.00461759790600606,0.00460390305565628,0.00455838436429169,0.00452100132610589,0.00448990322055625,0.0044609927396754,0.00445564217516882,0.00448985149756541,0.00455005232198184,0.00467227077430256,0.00480742818832354,0.00496975362246949,0.00519905257829814,0.0053967420388662,0.00558747228827099,0.00580089585773526,0.00591832251556943,0.00602759795375097,0.00610590325998696,0.00611138498980863,0.00606638478587029,0.00595338730498806,0.0058286516391563,0.00568364767021709,0.00548417740023472,0.00534113297677928,0.00520085471244155,0.00505229808608985,0.0049442410242722,0.00569607855336022,0.00614193539257669,0.00672952840899375,0.00755598674958204,0.00897366485665925,0.0105673637765051,0.0125969945134309,0.015658137186681,0.0187797748917979,0.0224056317080385,0.0273229585227678,0.0317794591783071,0.0363769633030262,0.0418204169933067,0.046005795534187,0.0496136436303683,0.0528758444718015,0.0544824916455698,0.0549568225499978,0.0539742672361618,0.05191089182096,0.0488559314898139,0.0441427830439889,0.0396096477462739,0.0347776946563728,0.0289327893013398,0.0242399831897662,0.0199044813665465,0.0153062324838551,0.0120409013236699,0.00930338712667111,0.00668040291357976,0.00498956100125561,0.00367944618490257,0.00252757564573364,0.00183915290776157,0.0013384403809736,0.000421363142350003,0.00036645161870837,0.00031733728828951,0.000263706004841644,0.000224033232166677,0.000187820008416513,0.000152446484202427,0.000127411072642788,0.00010599108293839,8.44329677586633e-05,6.6810933281348e-05,5.50544602935182e-05,4.30324163498934e-05,3.26634238174756e-05,2.62098348825117e-05,1.78773632356446e-05,1.40522888337452e-05,1.07998828713754e-05,7.6441090229477e-06,5.59115166790555e-06,3.99856396866878e-06,2.59590522173514e-06,1.76682701120055e-06,1.17578415248901e-06,7.00147178407274e-07,0,0,0,0,0,0,0,0,0
0,0,0,0,4.23756267748193e-06,7.11630239330031e-06,1.06935233492796e-05,1.57114267130653e-05,2.97931800277152e-05,4.24732684573477e-05,5.92969339226356e-05,8.60994792107109e-05,0.000114836069366587,0.000150038278066748,0.000229556233565395,0.000295050647917213,0.000373561550616992,0.000492115845381588,0.000605930506238522,0.00073685447155698,0.000917331917088419,0.00108723491872626,0.0012741032070899,0.00151824188150505,0.00173952698374137,0.00196559965498321,0.00223898919419062,0.00246002420844423,0.00267027789938821,0.0029256662209248,0.00309025903018067,0.00322228925255936,0.00333375229217906,0.00339420611496714,0.00342084519688967,0.00342254281665813,0.00340729738799673,0.00341035009639755,0.0034100199990045,0.00343164946864227,0.00347783776062577,0.0035692142701551,0.00367018616761353,0.00379690424990506,0.00396552969619384,0.00411314455184956,0.00424009722575953,0.00437413372464646,0.00445442155022554,0.00453373114035903,0.00456716178998874,0.0045681549635461,0.00453972258647515,0.00451858455373256,0.00449857092096375,0.00447852308236162,0.00448045253625492,0.00451997211373097,0.00458352860010531,0.00470895054101882,0.0048484545194692,0.00501733958739038,0.00525903784208866,0.0054707122445577,0.00567823260709787,0.00591570759185713,0.00605543547605278,0.00618627697673229,0.00628845745798434,0.00631099971246404,0.00627999459348953,0.00617819059475753,0.00605741318725096,0.00591163628564997,0.0057027007436085,0.00554768299390484,0.005392505986548,0.00522097797148157,0.00509070643640089,0.00566439394543933,0.00597859337838291,0.00641604470373927,0.00704569944841763,0.00814759354542207,0.00939915097485466,0.0110036962181391,0.0134337687280719,0.0159255634664709,0.0188320203061758,0.0227812318057121,0.0263715033919034,0.0300793076128612,0.0344790350207067,0.0378652709318005,0.0407848918031381,0.043426624460593,0.0447252421625611,0.0451029815116448,0.0442927844767688,0.0426015046927288,0.0401037881502561,0.0362516026728791,0.032547217425431,0.0285972553029968,0.0238204515907558,0.0199823628298415,0.0164377298556338,0.0126764255052696,0.0100036028143245,0.00776091291788674,0.00560922788183114,0.00421956823364034,0.00314015096626192,0.00218796311336008,0.0016155324715831,0.00119646058542523,0.000433914906208703,0.000380164102557292,0.000331686351412839,0.000278479888553403,0.000238866399375878,0.000202678505806743,0.000166613790698283,0.000140780624722095,0.000118388276725746,9.54857330032504e-05,7.64625580100815e-05,6.3526045221926e-05,5.00739871886094e-05,3.88740515890607e-05,3.12389995210659e-05,2.14513008415385e-05,1.6861539999581e-05,1.29589321128373e-05,9.17227446549991e-06,6.70890191679809e-06,4.79793342538511e-06,3.1148633684711e-06,2.12004070469695e-06,1.41084002418579e-06,8.40116495894828e-07,0,0,0,0,0,0,0,0,0
0,0,0,0,4.5273567203295e-06,7.60296470313208e-06,1.14248209369566e-05,1.67858834733811e-05,3.16090144381323e-05,4.50357317788401e-05,6.28356036086231e-05,9.11658306423657e-05,0.000121508895884814,0.000158640865443669,0.000239305819851759,0.000306545056161671,0.000386656161907636,0.000506459648783378,0.000620665004236702,0.000750985361068305,0.000928982758260238,0.00109500945021667,0.00127610225445523,0.00151061384454191,0.00172185282802235,0.00193591928579247,0.00219302025564542,0.00239955387506898,0.00259455054772134,0.00283142736371131,0.00298263778441874,0.00310312044344269,0.00320376637775544,0.00325747281591306,0.00328035932527738,0.00328004048731746,0.00326489453507306,0.0032716193549397,0.00327447335799458,0.00329872614239296,0.00334756439625629,0.00344198495151782,0.00354551993101399,0.00367536678900102,0.0038497028951781,0.00400293297180728,0.00413873947938662,0.00428684077321173,0.00438178299533198,0.00447988542363408,0.00453589023210802,0.00455581709593156,0.00454877110976871,0.0045481602439974,0.00454219729828164,0.00453346702933925,0.00454479932958811,0.00459089350900928,0.00465853900802868,0.00478772520010397,0.00493174764171863,0.00510729546979238,0.00536173869170223,0.00558770537567611,0.00581247054732136,0.0060746021642603,0.00623737241863018,0.00639035126879754,0.00651694220368126,0.00655694238793689,0.00654004763028182,0.00644918203511787,0.00633180707252594,0.00618410256140842,0.00596413757313199,0.00579636859755493,0.00562469574690794,0.0054281135485595,0.00527387100160492,0.00569310867999067,0.00589053728444068,0.00619715443623379,0.00665758262990162,0.00749069897135316,0.00845329684823104,0.00970063339107144,0.0116024131525232,0.0135680722502417,0.0158747444864862,0.0190171040916458,0.0218860991356011,0.024852991825563,0.0283832632045212,0.0311033580352264,0.0334486670439821,0.0355719862028549,0.0366122809926445,0.0369075551738441,0.0362383993482911,0.0348547833546177,0.0328195628552686,0.0296828017649906,0.0266677559855902,0.0234519223137488,0.0195645624501298,0.0164386865469125,0.0135531363723628,0.0104895446615171,0.00831082075139559,0.00648087084274583,0.00472238610677272,0.00358403489288278,0.00269714098654315,0.00191121024381093,0.0014356372206349,0.00108470784776075,0.000450985260519628,0.000398065545957074,0.000349905229132649,0.00029674734837664,0.000256889651266822,0.000220397500484333,0.000183321829376489,0.000156431435437344,0.000132814823437821,0.000108277195191947,8.76330590048419e-05,7.32942399787886e-05,5.81671361829806e-05,4.59111501261794e-05,3.69455686330158e-05,2.5532069483761e-05,2.00691796759884e-05,1.54241627388679e-05,1.09171537291477e-05,7.98516375136256e-06,5.71066391266023e-06,3.70741655919651e-06,2.52334471371117e-06,1.67922988885737e-06,9.99935290922067e-07,0,0,0,0,0,0,0,0,0
0,0,0,0,4.79794769885052e-06,8.05737856662186e-06,1.21076594380353e-05,1.77891418678447e-05,3.32720570023207e-05,4.73782728379243e-05,6.60641282534995e-05,9.57760882890488e-05,0.000127566625891194,0.000166430516857197,0.000247835990577066,0.000316466020398582,0.000397753650668008,0.000518164245946379,0.000632152399441941,0.000761177938483793,0.00093575847469862,0.0010970449351759,0.00127143256612472,0.00149513439440916,0.00169527555737015,0.00189629429901954,0.00213588163651434,0.00232695015103923,0.00250589043191143,0.0027231987071986,0.00286040968453893,0.00296889078602585,0.0030584049691715,0.00310528886142451,0.00312453999703148,0.00312249653047835,0.00310781239761639,0.0031187408838772,0.00312540082045773,0.00315286294141525,0.00320492657956261,0.00330310859549226,0.00340985836363544,0.00354356992854449,0.00372459945444487,0.00388456120577003,0.00403046927585487,0.00419440789230077,0.00430569722284456,0.00442447544114344,0.0045055817956496,0.0045466580842458,0.00456359364943404,0.00458631463600418,0.00459665803270937,0.00460147844268362,0.00462470018268786,0.00467938686621409,0.00475294908245002,0.00488805655751367,0.00503822927416241,0.00522200957373631,0.00549120495834496,0.00573299326339877,0.00597650833530533,0.00626493285478402,0.00645217146678685,0.0066284498218638,0.0067806224209539,0.00683896807873037,0.00683680561090063,0.00675727687641707,0.00664335546844572,0.00649345957058969,0.00626166695177371,0.00608028347115473,0.00589081669825326,0.00566733608024373,0.00548723236807419,0.00577210040662381,0.00586449613243172,0.00605564291560247,0.00636898684031622,0.00697147593528187,0.00768868682381042,0.0086348703298308,0.0100939499799363,0.0116204325608444,0.0134282856784136,0.0159007371456918,0.0181723469339434,0.0205262350101231,0.0233378411205009,0.0255077427968962,0.0273789150745676,0.0290748859784995,0.0299026747227806,0.0301307829276185,0.0295793437872844,0.0284506310870348,0.0267986497149618,0.0242541476423676,0.0218096305230561,0.0192013639824157,0.0160499574173675,0.0135135208815284,0.0111732792025565,0.00868698621098846,0.00691712703922301,0.00542874809170072,0.00399569166959885,0.00306534451129535,0.00233781550318271,0.00168946227191441,0.00129400794474623,0.000999362165617785,0.000472044883559482,0.000419720723271823,0.000371648607792692,0.000318259027809989,0.000277922238056059,0.00024085831749228,0.000202505004897439,0.000174331557804496,0.000149263662773347,0.000122820175846707,0.00010034859867116,8.43887900405909e-05,6.73419354745304e-05,5.380580880369e-05,4.3356394157389e-05,3.01439816252599e-05,2.36943183854252e-05,1.82102621364543e-05,1.28891424810226e-05,9.42754090297529e-06,6.74219330950635e-06,4.37709511595539e-06,2.9791418487516e-06,1.98255276355481e-06,1.18055573423747e-06,0,0,0,0,0,0,0,0,0
0,0,0,0,5.04369154684335e-06,8.47006568577718e-06,1.27277960062606e-05,1.87002756378401e-05,3.47472738634869e-05,4.94514966453444e-05,6.89143609262772e-05,9.98328085787697e-05,0.000132881064576951,0.00017324216775309,0.000254963341604012,0.000324598928502337,0.000406611974145541,0.00052697070373637,0.000640133563584475,0.000767194302602904,0.000937483997579128,0.00109325686568457,0.00126014006248059,0.00147206232222745,0.00166027376443624,0.00184746356531146,0.00206866326069843,0.00224361421402437,0.00240600650510078,0.0026030772860774,0.00272594429060992,0.00282219789837544,0.00290046575510239,0.0029405587752798,0.00295633220170883,0.00295283356246578,0.00293890519285584,0.00295443519196069,0.00296536508244149,0.00299647849935032,0.00305220770526048,0.00315471955440412,0.00326522645806565,0.00340343059539444,0.00359199784142771,0.00375967664015402,0.00391677644872797,0.00409807489711283,0.004227150157931,0.00436815926383314,0.00447646017304295,0.00454053804158453,0.00458341171363098,0.00463164949781685,0.00466001465776394,0.00468004621029748,0.00471691825554105,0.00478155128315778,0.00486215209784792,0.00500439087440588,0.00516148084797518,0.00535412165805755,0.00563885619561802,0.0058969182857531,0.00615950483508144,0.00647452564413399,0.00668660374635214,0.00688642320841719,0.00706446740461662,0.00714150806616726,0.00715437824010138,0.00708647905629675,0.00697620176870392,0.00682416700652718,0.00658033373867643,0.00638503334756669,0.0061771095058809,0.00592560625698249,0.00571838897212306,0.0058865698787639,0.00588441287513697,0.00597361020003403,0.0061592184863165,0.00656429751622807,0.00707397522614121,0.00776764012027843,0.00885822632973208,0.0100208284604446,0.0114172117633435,0.0133382950804597,0.0151196013913137,0.0169710253844888,0.0191942516468473,0.0209141395555747,0.0223977469660426,0.0237451204988696,0.0244001019178778,0.0245744361506925,0.0241208503308997,0.0232017465381831,0.0218648757548774,0.0198067471537731,0.0178304846524696,0.0157208312523268,0.013173209053994,0.0111204834824067,0.00922756873089849,0.00721488165638695,0.00578049638087149,0.00457241933863935,0.0034064661467526,0.00264687474567409,0.00205020592123089,0.00151480944794228,0.00118512798749609,0.000936663208699423,0.000496485062409151,0.00044461872390525,0.000396499362035768,0.00034269917418747,0.000301721932973245,0.000263885755526549,0.000224047502149259,0.00019440402818035,0.000167687805374205,0.000139093443652356,0.000114605781719571,9.68143065013731e-05,7.76081690377669e-05,6.25727643660595e-05,5.04850620766727e-05,3.53018471169096e-05,2.77485972351024e-05,2.13261770754684e-05,1.50945732050154e-05,1.10406651577295e-05,7.89583408070406e-06,5.12604952194323e-06,3.48889577334692e-06,2.32178268386319e-06,1.38255783728713e-06,0,0,0,0,0,0,0,0,0
0,0,0,0,5.25924912018728e-06,8.83205983001318e-06,1.32717572686901e-05,1.949948907108e-05,3.60024466413548e-05,5.12101013554127e-05,7.13239866735115e-05,0.000103247233643523,0.000137335857772491,0.000178926574657311,0.000260525840931698,0.000330756374630383,0.000413023005078522,0.000532663566484908,0.000644401263041941,0.000768857219975074,0.000934055444320412,0.00108364021248343,0.00124235755510845,0.00144175047318219,0.00161742498142409,0.00179026748815614,0.0019925572287461,0.00215104801408444,0.00229670503382391,0.00247325453983719,0.00258170158454945,0.00266572609585449,0.00273282977551342,0.00276626827530468,0.0027787613694108,0.00277405638553692,0.00276111243449564,0.00278150678774248,0.00279701515184571,0.00283207898755892,0.0028917770539081,0.00299903134269069,0.00311371735380506,0.00325691645484181,0.00345369969756583,0.00362991595307336,0.00379910076381064,0.00399891619840407,0.00414688067698464,0.00431124942277353,0.00444826211813576,0.00453665580037338,0.00460723736571661,0.00468270452094331,0.00473050564564358,0.00476722001478476,0.00481949297852286,0.00489562187062488,0.00498483145626473,0.00513628883057688,0.00530211089735391,0.00550556829208809,0.0058085531238656,0.00608516540981714,0.00636930182248894,0.00671374501339976,0.00695308659102471,0.0071786347748994,0.00738489469812672,0.00748234907813198,0.00751158319780381,0.00745637428703727,0.00735021262905075,0.00719609465783854,0.00693976050416889,0.00672984430394486,0.00650234887215977,0.00622112826270426,0.00598508138601867,0.0060509849095521,0.00596235596680311,0.00596035943588672,0.00603386892261693,0.00626870283527083,0.00660207219347132,0.0070834861947412,0.00786733287924841,0.00872891275560066,0.00978694373400769,0.0112559482980741,0.0126370984331545,0.0140792347740418,0.0158239894292392,0.0171784196104193,0.0183475354589419,0.0194127080952849,0.0199282139153904,0.0200597613507308,0.0196866668648472,0.0189382492579533,0.0178581525237064,0.0161957411801147,0.0146004105081822,0.0128963724515783,0.0108397288629948,0.00918048961781512,0.00765130623355932,0.00602378203240259,0.00486229325424477,0.00388229704474679,0.00293376493411353,0.00231322779028132,0.00182318237574537,0.00137984857914942,0.00110379566124606,0.000892987421672142,0.000523631857121594,0.000472183463740813,0.000423975703795745,0.000369689246159184,0.000327986169947639,0.00028924714097768,0.000247780598506417,0.000216523205275948,0.000187996090256967,0.000157037212264627,0.00013036710483742,0.000110546028982017,8.89516167126174e-05,7.22070286724337e-05,5.83290860653536e-05,4.1008743039157e-05,3.22344349275226e-05,2.47737664490799e-05,1.75347616174372e-05,1.28254988736221e-05,9.1722744654999e-06,5.95472658853228e-06,4.05291059659742e-06,2.69712202763755e-06,1.60606211052686e-06,0,0,0,0,0,0,0,0,0
0,0,0,0,5.43977806816988e-06,9.13522905307043e-06,1.37273235145256e-05,2.01688283945755e-05,3.70093372431531e-05,5.26145170539785e-05,7.32387781986967e-05,0.000105942506895327,0.000140830710554951,0.000183355730776519,0.000264388923501582,0.00033478529794998,0.000416820600244717,0.000535079502454785,0.000644808869970324,0.000766058227456028,0.000925446318879258,0.00106827284421075,0.00121830413952882,0.00140463855006232,0.00156739167540457,0.00172562592946811,0.00190882485415785,0.00205081164966661,0.00217983749890926,0.00233595199177169,0.00243015911374422,0.00250216634271129,0.00255837496931264,0.00258539440018779,0.0025948419361928,0.00258916090279095,0.00257736964012671,0.00260275838972952,0.00262300480619194,0.00266189464896641,0.00272558032150459,0.00283756602309136,0.00295640946555624,0.00310454205612604,0.00330934542857935,0.00349398396193682,0.00367500220143214,0.00389294894622309,0.00405932911424295,0.00424640738577495,0.00441137896476353,0.0045234763023045,0.00462137402205062,0.0047236155060626,0.00479072823856347,0.00484436844549714,0.00491280784988894,0.00500155992729986,0.00510089965081375,0.00526398010449354,0.00544084198278838,0.0056576601016854,0.00598228357733419,0.00628017199330103,0.00658839686183234,0.00696503761291916,0.00723376153622963,0.00748676072904672,0.00772286624600183,0.00784177590263221,0.00788803786667947,0.00784585365763566,0.00774377906078861,0.00758724477349355,0.00731765883848618,0.00709225333744534,0.00684418898897855,0.00653151861552431,0.00626503600627793,0.00624073905159695,0.0060725405956842,0.00598866758161415,0.00596368782660158,0.00605195811485402,0.00623613753098516,0.00654031299822065,0.0070709519644491,0.00768579340471937,0.00846841631538615,0.00957069261439981,0.0106288462490025,0.0117413164730611,0.0131013470935468,0.0141623486407737,0.0150791810488405,0.0159186644046724,0.0163231132608988,0.0164213620573198,0.0161142985950287,0.0155038385891699,0.0146313945087779,0.0132884724976809,0.0120004353796142,0.0106236171590598,0.00896286712818434,0.00762107554092493,0.00638519187433139,0.00506833926998341,0.00412706134013886,0.00333120074347629,0.0025583122086399,0.00205020065582301,0.00164644607753978,0.00127769012031973,0.00104513679053336,0.000864906870528582,0.000552760979735013,0.00050178500200168,0.000453539201453971,0.000398792414001877,0.000356354056300311,0.000316652239814588,0.000273480748856994,0.000240511803209373,0.000210049554920659,0.000176549154368221,0.000147556851397525,0.00012552596064916,0.000101330632502936,8.26807758404e-05,6.68673038394816e-05,4.72539046598143e-05,3.71433699729279e-05,2.85465271815703e-05,2.02051048702414e-05,1.47786753768582e-05,1.05691067559063e-05,6.86156320912074e-06,4.67012243568396e-06,3.10786280447989e-06,1.85064696511451e-06,0,0,0,0,0,0,0,0,0
0,0,0,0,5.58111325044978e-06,9.37257867417707e-06,1.40839839787627e-05,2.06928506987571e-05,3.77447416787786e-05,5.36323827095537e-05,7.46146202701356e-05,0.000107856542923471,0.000143285133192398,0.000186427648133843,0.000266450841134111,0.000336573200690852,0.000417887563387008,0.000534114627416895,0.000641277597183328,0.000758764154102068,0.000911712108358822,0.00104731744179804,0.00118828331710561,0.00136124513370549,0.00151090701853589,0.00165451664898487,0.0018187652824049,0.00194448332604613,0.00205725209029894,0.00219336176582525,0.00227374488621064,0.002334142706949,0.00237989683795632,0.0024008230315486,0.00240749330161676,0.00240105008289483,0.00239052556162416,0.00242091125669315,0.00244591642028594,0.00248901908189619,0.00255691606859751,0.00267405727101321,0.00279760708438008,0.00295140863261118,0.00316535702023471,0.00335974064491779,0.00355412391496246,0.00379233507433264,0.00397915722627182,0.00419104354622775,0.00438678761782388,0.00452502305235585,0.00465256441480389,0.00478418317480117,0.00487249232711178,0.00494461789049557,0.00503046163388149,0.00513228861057091,0.00524162981457848,0.00541547925473864,0.00560203742112778,0.00583042064370956,0.00617422070042627,0.00649098525624627,0.006820974008711,0.00722695548135655,0.00752302577723808,0.00780175105032888,0.00806626302961958,0.00820604994152762,0.00826926992643152,0.0082406820874912,0.00814371564839255,0.00798614985605909,0.00770535994956751,0.00746629664254653,0.00719919647255104,0.00685713223497279,0.00656161161017402,0.00645961212599267,0.00622003301149147,0.00606358653041534,0.00595250117367322,0.00591454211798832,0.00597192530922455,0.00612746119124854,0.00644830472562222,0.00686026428846907,0.00741827381072415,0.00822281804557994,0.00902025040409858,0.00986733391142143,0.0109182332258489,0.0117437383603449,0.0124580953098454,0.0131166430219785,0.0134319055619554,0.0135031198890377,0.0132483467062705,0.0127474400622535,0.0120408779718014,0.0109531916367608,0.00991102227894249,0.00879634437433793,0.00745291198111949,0.00636601745979491,0.00536575525783294,0.00429889111994658,0.00353515446108555,0.00288805205278468,0.00225742948160336,0.0018406614285586,0.00150725252768424,0.00119954617334163,0.00100278295170345,0.00084784453356128,0.000582177927316604,0.000532094665521623,0.000484152549973338,0.000429240103155733,0.000386227129213175,0.000345754314966296,0.000300868770104088,0.00026613896004258,0.000233658759894833,0.000197481258268247,0.000166057740397857,0.0001416596528434,0.000114673252960116,9.39406910270647e-05,7.60576437042799e-05,5.40108681757912e-05,4.2454600813518e-05,3.26284722411867e-05,2.30942874135162e-05,1.68919181036718e-05,1.20804118905878e-05,7.84271667358833e-06,5.33791586228511e-06,3.55226450490468e-06,2.11527597544191e-06,0,0,0,0,0,0,0,0,0
0,0,0,0,5.67992633661617e-06,9.53851929974278e-06,1.4333339592958e-05,2.10592156778157e-05,3.81913780913719e-05,5.42397844854982e-05,7.54191975659316e-05,0.000108944402406832,0.0001446415194939,0.000188070257320384,0.000266646973549339,0.000336053097729141,0.000416161103571785,0.000529730065035819,0.000633801795189338,0.000747021603435305,0.000892992862176328,0.00102102157502813,0.0011526796387811,0.00131215892707765,0.0014487606649849,0.00157795476029404,0.00172368656457878,0.00183362309782564,0.00193075032903888,0.00204759391309538,0.00211477829818413,0.00216414786931408,0.00220003903448138,0.00221527677514287,0.0022194662506183,0.0022124601115132,0.00220326908989488,0.00223853475430299,0.00226819324775215,0.00231540408435086,0.0023874183246764,0.00250963862677986,0.00263789496504439,0.00279738746847136,0.00302048658595901,0.003224730995248,0.00343253473439951,0.00369077723637313,0.00389785561282271,0.00413411594697489,0.00436010340953053,0.00452394425763861,0.00468079017529416,0.0048410679874673,0.00494998822674615,0.00504008789576691,0.00514279990003475,0.00525735019991913,0.00537648974782751,0.00556112976577348,0.00575757577990707,0.00599793836545949,0.00636184714135819,0.0066984235769453,0.00705135486707087,0.0074882706937265,0.00781326609743116,0.00811938154524334,0.00841438657050947,0.00857678680399041,0.00865856032515826,0.00864521103739273,0.00855449242359609,0.00839674727785392,0.00810546192135194,0.00785293610622997,0.00756667392660779,0.00719473942165866,0.00686954761962553,0.00657948326900019,0.00619594902064118,0.00587862567830754,0.00555982459302902,0.00519405651038942,0.00490054630511854,0.00462322344519441,0.00430608468286884,0.00408242383326262,0.00391643097957633,0.00374763886781497,0.00367552640330692,0.00362949056610281,0.00363128887378115,0.00365200935125018,0.00367158442346654,0.00370128449700346,0.0037008941543911,0.00366844217859146,0.0035782035526749,0.00344319701567186,0.00328962426364612,0.00305941243246659,0.00284463040429896,0.00261212115217476,0.00233772257845613,0.00210747792424908,0.0018998842062593,0.001672947538867,0.00150426775884119,0.00135442607486961,0.00119772056741106,0.0010839794726949,0.000982373360909556,0.000875476753786206,0.000795670485349534,0.000723013344940344,0.000613203238990426,0.000563885981475584,0.000516204326519576,0.00046112291927446,0.000417547785693383,0.000376152614232626,0.000329610452821299,0.000293119686902052,0.000258582415307286,0.000219637860869798,0.000185708646756252,0.000158813925066762,0.000128875079419005,0.000105905988866653,8.5835434268938e-05,6.12360022631913e-05,4.81338315658612e-05,3.69932435357768e-05,2.61836531069638e-05,1.91515813420997e-05,1.36964310120808e-05,8.89185144016411e-06,6.05197877508154e-06,4.02745752121231e-06,2.39824036891696e-06,0,0,0,0,0,0,0,0,0
0,0,0,0,5.73385605708879e-06,9.62908555871723e-06,1.44694316744176e-05,2.12591685552951e-05,3.83385615971504e-05,5.44221893172393e-05,7.56332558800402e-05,0.000109180045325009,0.000144867393349193,0.000188244216874034,0.000264952851494887,0.000333206904371071,0.000411636453617111,0.000521955375399493,0.000622451925136091,0.000730959011044142,0.000869513402644726,0.000989715650969489,0.00111195367460313,0.00125802918630995,0.00138178466464492,0.00149697353245918,0.00162487978340958,0.00171974123167864,0.00180204989265313,0.00190063194685387,0.0019554207190042,0.00199448951154866,0.00202123590138019,0.00203125534835265,0.00203328208638256,0.0020258990552624,0.00201806820416961,0.00205798751672235,0.00209208252816424,0.00214319257046884,0.00221911764802356,0.00234619346368322,0.00247901957028999,0.00264406153421479,0.00287595197298548,0.0030898542950296,0.00331074205127812,0.0035886707798115,0.00381546988791014,0.00407529714764535,0.00433061875091486,0.00451930901410518,0.00470473218072143,0.0048928165016318,0.00502189453616095,0.00512976420216181,0.00524941042173304,0.00537695603737561,0.00550640925584141,0.00570269389808048,0.00590978316962193,0.00616286773376345,0.00654773121631654,0.00690453129987637,0.00728060342040168,0.00774831420763045,0.00810191238860066,0.00843493693729827,0.00875979499502734,0.00894430990872582,0.00904421393808098,0.00904579549857196,0.00896134856100321,0.00880368807210703,0.00850253494532947,0.00823720887608247,0.00793253525910178,0.00753169412330725,0.00717758904220572,0.00685547592011511,0.00642989478035525,0.00607590345050911,0.00572048819331194,0.00531117269670973,0.00498364122406638,0.00467544223888932,0.00432680239081881,0.0040805033196808,0.00389820342533429,0.00371389041637307,0.00363611516619287,0.00358797213937639,0.00359113188618137,0.00361546191792714,0.00363967037053336,0.00367728665846916,0.00368365241189205,0.00365745836028301,0.00357383986155292,0.00344182756590416,0.00329270666728207,0.00306598395171216,0.00285349525298362,0.00262317318236761,0.00235028847660192,0.00212180907853709,0.00191515654765169,0.00168942984607015,0.00152199368421873,0.00137359388564292,0.00121882518202446,0.00110680562234055,0.00100715834505248,0.000902219505893581,0.000823968816461998,0.000752689720778489,0.000643841338229419,0.000595589840132052,0.000548458107584053,0.000493505298558722,0.000449567699699939,0.000407396542559873,0.000359318900361822,0.000321116018962775,0.000284527636826699,0.000242775174751238,0.000206303696206176,0.000176815795152497,0.000143798169799749,0.000118467302187697,9.61124248747161e-05,6.88675633723496e-05,5.41325294467907e-05,4.16035412076573e-05,2.94468012773483e-05,2.15383547751705e-05,1.5403354168116e-05,1.00000019583432e-05,6.80620903418398e-06,4.52938101477365e-06,2.69712202763755e-06,0,0,0,0,0,0,0,0,0
0,0,0,0,5.74160199009422e-06,9.64209360267557e-06,1.44889785983831e-05,2.12878878139826e-05,3.81826291526695e-05,5.41750228836253e-05,7.52513679861814e-05,0.00010855736700234,0.000143956701176878,0.00018694447943682,0.000261385706173606,0.000328067045184927,0.000404368402248587,0.000510889583987539,0.00060737492909215,0.000710786001095677,0.000841580914682231,0.000953808522981287,0.00106663515926841,0.00119955529007446,0.00131083956931018,0.00141260671401497,0.00152359656880218,0.001604271666215,0.00167275426103844,0.00175429739812824,0.00179763667970029,0.00182724865264347,0.0018456681545799,0.00185098975743768,0.00185118584119268,0.00184359949050037,0.00183712248547333,0.00188137172918915,0.00191959099563391,0.00197429985835228,0.00205382768225948,0.00218539632104815,0.00232251987142218,0.00249280405775875,0.00273317933453494,0.00295642851047231,0.00318997275855441,0.00348690091288864,0.00373275320907839,0.00401521410569933,0.00429888453271412,0.00451166781364455,0.00472494271903606,0.0049403366792629,0.00508937628903308,0.00521510116904377,0.00535210566959971,0.00549314872125156,0.00563361140949856,0.00584200043503727,0.00606019678921305,0.00632625204647253,0.00673201218679944,0.00710848423233998,0.00750674556870116,0.00800348842767695,0.00838381836205126,0.00874158751016019,0.00909344221231325,0.00929755816311143,0.00941303911158827,0.00942658955039655,0.00934621296856782,0.00918675927235515,0.00887434826773325,0.00859541040300171,0.0082720889043705,0.00784289404411384,0.00746101911512167,0.00710828770715573,0.00664321445928316,0.00625500646719378,0.00586575471138592,0.00541638269285574,0.00505767540394519,0.00472123814406029,0.0043439380791004,0.00407678119478892,0.00387935309781561,0.00368027135577,0.00359676157692367,0.00354605514287571,0.00354930919198778,0.00357576530728431,0.00360292458030512,0.00364625851365068,0.0036578079196274,0.00363621898304473,0.00355765364948245,0.00342771754271608,0.00328253902797113,0.00305923354942511,0.00284933300876355,0.00262181149794283,0.00235138178313783,0.00212558785492151,0.00192086069492891,0.00169756946083654,0.00153236519068656,0.00138634181019478,0.00123454531870471,0.00112503536495505,0.00102797007716287,0.000925820502732934,0.000849740459312656,0.000780399244411346,0.000673335109953119,0.000626496343564249,0.000580253751393232,0.000525788969047334,0.000481740436394877,0.00043899171252415,0.000389558839005583,0.000349740136828687,0.000311152110300839,0.00026660258519933,0.000227593000404333,0.000195452862444383,0.000159271149913859,0.000131486619563737,0.000106776666675926,7.68253980168972e-05,6.03876907612627e-05,4.64109437836439e-05,3.28494594214882e-05,2.40271703717047e-05,1.71832537237098e-05,1.11555294393924e-05,7.59268503824147e-06,5.05276333574877e-06,3.00878182887169e-06,0,0,0,0,0,0,0,0,0
0,0,0,0,5.70297668372543e-06,9.57722863640266e-06,1.43915073284659e-05,2.11446784466008e-05,3.77270908618147e-05,5.35038598798557e-05,7.42821616265388e-05,0.000107090459432231,0.000141930078466716,0.000184200527640518,0.000256004436410176,0.000320716159776335,0.000394470602435121,0.000496699667280841,0.000588791852361643,0.000686789901905188,0.00080957979153431,0.000913780659763332,0.00101731424300342,0.00113747542025939,0.00123680074630116,0.0013258724375856,0.00142103011275736,0.00148855071938319,0.00154432937281419,0.00161022364642634,0.00164316596070976,0.00166425027043481,0.00167523210566456,0.00167641070162791,0.001675114064072,0.00166748567950089,0.00166232985927649,0.00171050121499921,0.00175245354896015,0.00181038321342445,0.00189311608174311,0.00202868644491894,0.00216970411570673,0.00234475993547117,0.00259290381222137,0.00282484090413232,0.00307018416942043,0.00338478686349754,0.00364837887193346,0.00395176569064573,0.0042617466009606,0.00449688350745189,0.00473615955924807,0.00497684706534336,0.00514439258945334,0.00528675288047079,0.00543995773149438,0.00559366035813214,0.0057445416232127,0.00596507866002613,0.00619424118271362,0.00647322522335857,0.00689995772912924,0.00729620926394305,0.00771694057122713,0.00824329325862619,0.00865118884394986,0.00903499495248064,0.00941607692375959,0.00964220368132292,0.0097761266911917,0.00980557144530419,0.00973283536658916,0.00957522765285735,0.00925593851662534,0.00896647217339816,0.00862708028068289,0.00817175101981224,0.00776321866120747,0.00737995931466023,0.00687479277831008,0.00645118786982849,0.00602636448132524,0.00553436900903109,0.00514193605636632,0.00477455052754539,0.00436524320570409,0.00407425049934438,0.00385853208703429,0.00364093795992572,0.00354852518851,0.00349217520921975,0.00349186258954406,0.00351756608501488,0.00354511120014008,0.00359147093343438,0.00360617369125164,0.00358805896352683,0.00351386636168114,0.00338602325975089,0.00324529208125013,0.00302665059760715,0.00282076654869605,0.00259778836871901,0.00233208906439433,0.00211095380239417,0.00191014089319422,0.00169161137593153,0.00153045285096837,0.00138847824743773,0.00124145783569303,0.00113579097590366,0.00104247346545349,0.000944368620462701,0.000871397436096608,0.000804784593737908,0.00070056064968683,0.000655630514278614,0.000610738241759997,0.000557240314184328,0.000513414796397598,0.00047040798017959,0.00041985305797766,0.000378559645904779,0.000338068368848105,0.000290785925438371,0.000249285236217888,0.0002144753333449,0.000175090710234394,0.000144798413025293,0.000117693374071768,8.50113935122648e-05,6.68221951999982e-05,5.13561804704113e-05,3.6349675935699e-05,2.65873433549406e-05,1.90141851761848e-05,1.23441873064069e-05,8.40171027110938e-06,5.59115166790555e-06,3.32937729773305e-06,0,0,0,0,0,0,0,0,0
0,0,0,0,5.61891319618561e-06,9.43605758051536e-06,1.41793724445135e-05,2.08329999124413e-05,3.69824990080969e-05,5.24242155626668e-05,7.27479962910935e-05,0.000104813082342108,0.000138834074184711,0.000180075264672891,0.000248907971035124,0.000311284884925022,0.000382112639419851,0.000479616489486448,0.000566992722081646,0.000659329435598442,0.000773963763575886,0.000870174908283224,0.000964630882765179,0.00107255437935324,0.00116054490894339,0.001237758684855,0.00131829961292866,0.00137380092003141,0.00141789552759698,0.00146951878291854,0.00149302758711368,0.00150634570846372,0.00151044938200442,0.00150763765543381,0.00150464456171199,0.00149629919008741,0.00149156818350073,0.00154219815194006,0.00158607642085364,0.00164554557317191,0.0017297100124358,0.00186711261323138,0.00201026488629585,0.00218836645143048,0.00244228003272425,0.00268140404653421,0.00293710585180821,0.00326799577249355,0.00354818934173777,0.00387127403050175,0.00420634258253091,0.0044631443801548,0.00472777811092938,0.00499346989321557,0.00517964382038699,0.00533906383826623,0.00550931312207561,0.00567643291765026,0.00583865727960661,0.00607236497340199,0.00631312117974094,0.00660534566271154,0.00705284684118361,0.00746814537893916,0.00791017613112847,0.00846415665873596,0.00889773934373574,0.00930550566154364,0.00971345645052687,0.00995986715385596,0.0101108571397622,0.0101551505354694,0.0100897894767022,0.0099343109688727,0.00960938674268462,0.00931068410627501,0.00895689371286565,0.00847791744392333,0.00804498919898185,0.00763327129101267,0.00709072841025423,0.00663391933568208,0.00617554229404506,0.00564312182237525,0.00521862521483497,0.0048214565214984,0.00438140785544994,0.00406728673718145,0.00383334822723837,0.00359702979464912,0.00349513921375742,0.00343239692870672,0.00342712780473002,0.00345090326259848,0.00347771617791926,0.00352574827107652,0.00354263494526835,0.00352720358797524,0.00345667746755649,0.00333054563603619,0.00319394166406664,0.00297970997188867,0.00277761102945604,0.0025589322276514,0.00229754666699508,0.00208063384159664,0.00188329639779306,0.00166905390800414,0.00151164425308779,0.00137358145782004,0.00123146259442095,0.00113002904656718,0.0010411065615254,0.000948196357898519,0.000879495580402038,0.000816992485686693,0.000717621520266448,0.000676011522262031,0.000633884332745425,0.000582951285216804,0.000540546634244799,0.000498264969061386,0.000447659213544022,0.00040559876002859,0.000363758374220871,0.000314232390356913,0.000270555166837346,0.000233264552125812,0.000190821698608389,0.000158212045600959,0.000128706843861753,9.33107470038851e-05,7.33458033440151e-05,5.63698977863367e-05,3.98983627344007e-05,2.91829690915531e-05,2.08704709940324e-05,1.35493054651612e-05,9.22193872041781e-06,6.13699549189269e-06,3.65441230726828e-06,0,0,0,0,0,0,0,0,0
0,0,0,0,5.49142763072816e-06,9.22196615494258e-06,1.38576615992298e-05,2.03603272297923e-05,3.59660416138394e-05,5.09609494200378e-05,7.06841056497722e-05,0.000101777371651712,0.000134739373650298,0.000174662617689541,0.000240232092692477,0.000299947799117532,0.000367514966595626,0.000459928327437535,0.000542328841160736,0.000628825758449305,0.000735245496688075,0.000823585031210452,0.000909262531247447,0.00100557064639874,0.00108293689912778,0.00114921025358283,0.00121643794652932,0.00126111963100702,0.00129503067583039,0.0013341155617279,0.00134954487922107,0.00135637919658473,0.00135501610640885,0.00134931400114283,0.00134562067606701,0.0013377193999122,0.00133439576300646,0.00138817977556991,0.00143517055229503,0.00149723338060866,0.00158391130080332,0.00172438722181471,0.00187057185879132,0.00205231776568739,0.00231215120385712,0.00255805337165686,0.00282304817811859,0.0031678423379566,0.00346198985649137,0.00380124843511187,0.0041569389747467,0.00443126413454464,0.00471675016179212,0.00500231757054984,0.0052031599919649,0.00537605847442386,0.00555964809945065,0.0057374357603856,0.00590879698224066,0.00615349250090703,0.00640431348787645,0.00670843715985137,0.00717516647482311,0.00760826541001532,0.00807041762916205,0.00865064308874498,0.00910870392971085,0.00953963157852484,0.00997380514385648,0.010239992986432,0.0104079481229826,0.010467323029561,0.0104098420588147,0.0102572452012568,0.00992810456651713,0.00962090334023386,0.00925372989462055,0.00875233131336396,0.00829595852421767,0.00785630098745517,0.0072769566232571,0.00678715294793339,0.0062951178553733,0.00572179705258457,0.00526450895493162,0.00483663693421239,0.00436434916228176,0.00402553108543386,0.00377170149172397,0.00351479097064551,0.00340184114170517,0.0033313861165119,0.00332015746329274,0.00334153098120263,0.00336775724831112,0.0034183119156429,0.00343881313776848,0.00342814730233559,0.00336459050339444,0.00324356663136588,0.00311482203624748,0.00290993544213505,0.00271588915704967,0.00250581915876681,0.0022537376500403,0.00204490654782665,0.00185471067648231,0.00164837435605813,0.00149718698763772,0.00136497795813873,0.00122938028835588,0.00113296115926984,0.00104890853058965,0.000960964543684224,0.00089601409465658,0.000836882105034314,0.000741528219844099,0.000702190026088145,0.000661828033734117,0.00061235870924876,0.000570569783179898,0.00052832476701744,0.000476999016001739,0.000433737522409253,0.000390213829457339,0.000338154007973415,0.000292158414436585,0.000252260628575484,0.000206662254276279,0.000171515484293354,0.00013964345673062,0.000101594082346633,7.9856820612545e-05,6.13739383882323e-05,4.3440200397986e-05,3.17735851464467e-05,2.27231740915381e-05,1.47520976882755e-05,1.00405840896196e-05,6.68178581121318e-06,3.97881998370139e-06,0,0,0,0,0,0,0,0,0
0,0,0,0,5.32353876571289e-06,8.94002391057993e-06,1.34339927039789e-05,1.9737852991796e-05,3.47008823925159e-05,4.91473129771163e-05,6.81372515712414e-05,9.80518543212125e-05,0.000129738114615956,0.000168083981548014,0.000230144874304342,0.000286917717491481,0.000350941936462091,0.000437972257024403,0.000515202804945402,0.000595751184088945,0.000693984002307713,0.000774642345855595,0.000851910408497197,0.000937302863763731,0.00100481680664999,0.00106111716611033,0.00111638230157551,0.00115147199034952,0.00117646443458066,0.00120459621163059,0.00121309469003879,0.00121443475574718,0.00120852111818902,0.00120046967546484,0.00119635209500518,0.00118896928389804,0.00118692696025332,0.00124323720457557,0.00129273428030108,0.00135679602281542,0.0014453298566503,0.00158800287299028,0.00173641483016374,0.00192084548600098,0.00218518800916197,0.00243648109976397,0.00270908426103604,0.00306538001633131,0.00337118270069802,0.00372376839686314,0.00409673480415114,0.00438578666983136,0.00468909832669268,0.0049913749963681,0.00520458360480836,0.00538896864826254,0.00558392554355752,0.00577082714190028,0.00595007477724907,0.00620432898985758,0.00646395805134304,0.00677857677349534,0.00726244557230569,0.00771134611127405,0.00819145838265887,0.00879516639019208,0.00927538606235297,0.00972741861572511,0.010185828576112,0.010470913110424,0.0106553541053522,0.0107301181445408,0.0106815557286438,0.0105335853882995,0.0102034718422098,0.00989124327928839,0.0095145129920444,0.00899602485599455,0.00852118785538045,0.0080586791354294,0.00744922415471962,0.00693218314845969,0.00641223880197112,0.00580477665937022,0.00531998216624862,0.00486618605240521,0.00436661773238132,0.00400631232073714,0.00373465930706237,0.00345849521344742,0.00333430395412644,0.0032550289082151,0.00323526811053677,0.00325130360750921,0.00327357548642267,0.00332207380570311,0.00334231537405929,0.00333269278774233,0.00327206390537867,0.00315335809389624,0.00303015567023184,0.00283256360179198,0.002645424237419,0.00244331626063731,0.0022003023124846,0.00199969705140728,0.00181694106542629,0.00161940807781108,0.00147533750592361,0.00134998109904241,0.00122221052622484,0.00113195997276493,0.00105373458613727,0.000972297066793474,0.000912319530165469,0.000857697512754708,0.000767794210646528,0.000731484561223421,0.000693508875475235,0.000646018738251326,0.000605071870067885,0.000562909716674152,0.000510706480482979,0.000465967270597159,0.000420386812516557,0.000365266704595326,0.000316511603270364,0.000273539089270013,0.0002242674861482,0.000186204167737384,0.00015164062560065,0.000110658156107895,8.69303213828544e-05,6.6773654626075e-05,4.72333570640148e-05,3.45318426370266e-05,2.46849990789254e-05,1.6017981755986e-05,1.0843711089238e-05,7.21624900008283e-06,4.29707813751091e-06,0,0,0,0,0,0,0,0,0
0,0,0,0,5.11914925311127e-06,8.59678472135886e-06,1.29182141322618e-05,1.89800468913167e-05,3.32152825160869e-05,4.70236927052626e-05,6.51639615781712e-05,9.37188752022318e-05,0.000123940438925349,0.000160483690958574,0.000218840954641748,0.000272438615167674,0.000332693258725569,0.000414123794334219,0.000486056678502829,0.00056061605916447,0.000650770339988309,0.000724000924328667,0.000793284760146857,0.000868516039387255,0.0009269875725534,0.000974304483620214,0.00101896746459244,0.00104568762140964,0.00106298381514829,0.00108171033622732,0.00108437998958569,0.00108116054200731,0.0010715378384182,0.0010616075629754,0.00105725821092194,0.00105036520369112,0.00104938359562401,0.00110746732049303,0.00115871421133347,0.00122403940006173,0.00131361627670735,0.00145740503908885,0.00160705174117077,0.00179301063750752,0.00206021161460146,0.00231529505125932,0.00259361092978328,0.00295877215231279,0.00327374861439232,0.00363680049717691,0.0040236300233081,0.00432462500835607,0.00464277142411802,0.00495879513137428,0.00518234352675966,0.00537659486241217,0.00558152816330369,0.0057765546015661,0.00596309183484029,0.00622632385294499,0.00649422752859483,0.00681863125942915,0.00731824200641869,0.00778141584034776,0.00827764274147553,0.00890222748898019,0.00940216547044901,0.00987293299061234,0.0103529638320369,0.010655052288429,0.010854516344008,0.0109436181709209,0.0109037505400766,0.0107608068842091,0.0104312840963169,0.0101155961132361,0.00973140767842898,0.00919893058513349,0.00870859709470984,0.00822617974900576,0.0075905131749987,0.00704950797836206,0.00650480864555334,0.00586677096714949,0.00535710913135379,0.0048796241915615,0.00435486652294191,0.00397436840842872,0.00368543946064198,0.0033902360868122,0.00325428309276971,0.00316536687642051,0.00313568717585682,0.00314509674414554,0.00316223285238169,0.00320726931540705,0.00322636203879856,0.00321722079553991,0.00315932520140307,0.00304329170790955,0.00292608749101841,0.00273680007138438,0.00255758503224296,0.00236455920439555,0.00213198311924714,0.00194064830901821,0.00176632407492171,0.00157858955790703,0.00144228841439066,0.00132428108678672,0.00120475183353382,0.00112089465713332,0.00104864541939031,0.000973839686234599,0.000918932757501483,0.000868943192050749,0.000784909793259265,0.000751798927889873,0.000716497675586767,0.000671466963025128,0.000631863774697901,0.000590363674808791,0.000538055162395808,0.000492521766978043,0.000445581023521149,0.000388223287416647,0.000337381736015691,0.000291931054651081,0.000239627367434185,0.000199110677453391,0.000162251184310427,0.000118760940784003,9.32839979629886e-05,7.16457426241788e-05,5.06731446208446e-05,3.70429428074941e-05,2.64775927180857e-05,1.71794160932432e-05,1.16166020815475e-05,7.7305907973262e-06,4.60335455509533e-06,0,0,0,0,0,0,0,0,0
0,0,0,0,4.88289491244633e-06,8.20003369774909e-06,1.23220244117666e-05,1.81040969546407e-05,3.15415507349632e-05,4.46361144550373e-05,6.18284425825115e-05,8.88715709111417e-05,0.000117470460080478,0.000152023756999679,0.000206534939561732,0.000256777528499068,0.000313094300627304,0.000388785279189116,0.000455358875190983,0.000523954369348128,0.000606212203487142,0.000672321921525338,0.000734089604986606,0.000799947831385647,0.000850203287451379,0.000889523531145009,0.000924921472842436,0.000944460543103628,0.000955295550781986,0.000966144774501605,0.000964081242257349,0.000957250764649791,0.000944814848178883,0.000933559437645124,0.00092928911628792,0.000923063918326915,0.000923142853126443,0.000982495084846102,0.00103507919601947,0.0011012348126576,0.00119134111805386,0.00133549239225779,0.00148560270470572,0.00167209215945825,0.00194058982114616,0.00219782663396308,0.00247982705952985,0.00285094708923604,0.00317229879778748,0.00354248220910042,0.00393919279916258,0.00424883116701289,0.00457823664749046,0.00490437293248354,0.00513567010808851,0.0053375956194383,0.00555042389008266,0.00575197924518778,0.00594459176925496,0.00621544371458324,0.00649041092142017,0.00682318642177546,0.00733624033898649,0.00781144151080203,0.00832125574549203,0.00896335738907346,0.00948006787405774,0.00996681167954762,0.0104655445185538,0.0107826391419836,0.0109956913271721,0.0110982820854036,0.0110671624412853,0.0109300095655284,0.0106031734759055,0.0102860790400848,0.00989704847246374,0.00935433068537849,0.00885202150676226,0.00835322412297184,0.00769593768289422,0.00713482137235059,0.00656910206145768,0.00590474322053395,0.0053734144887723,0.00487501718069125,0.00432781138336795,0.00392890077155572,0.00362368734623058,0.00331017466459163,0.00316229206722124,0.0030632275766755,0.00302258062418882,0.00302431725253539,0.00303534207442851,0.003075688045961,0.00309284362700247,0.00308367983391018,0.00302833718599673,0.00291532686305108,0.00280456830022114,0.00262451718440387,0.00245417202925482,0.00227127446370591,0.00205045867827095,0.00186943297639897,0.00170457311545155,0.00152775137321258,0.00140003692891025,0.00129010106100148,0.00117957472012419,0.00110267859190667,0.00103693079705692,0.000969351062675805,0.000919990790590213,0.000875097047307515,0.000797659328593875,0.000768103827089982,0.000735846527698183,0.000693707003036156,0.000655788375016909,0.000615269091147698,0.0005632061906898,0.000517144958820044,0.000469088085141738,0.000409758926230513,0.000357050214208105,0.000309298484135525,0.000254156113859503,0.000211330487322108,0.000172303639715258,0.000126477546009569,9.93301780920947e-05,7.62786832279491e-05,5.39414508606595e-05,3.9427369390272e-05,2.81787650236674e-05,1.82809017396992e-05,1.23441873064069e-05,8.21478261211716e-06,4.89167748598035e-06,0,0,0,0,0,0,0,0,0
0,0,0,0,4.61997024105751e-06,7.75849415941859e-06,1.16585318981246e-05,1.71292625934798e-05,2.9714876338525e-05,4.20345867830703e-05,5.82002784605726e-05,8.36105460569968e-05,0.000110461852900006,0.000142878136022069,0.000193454256451146,0.000240215832071943,0.000292485700113404,0.000362373551278667,0.000423590344713675,0.000486308724530923,0.000560918053802302,0.000620257668777576,0.000675007542424541,0.000732295342935072,0.000775158449306194,0.000807444583063983,0.000834863372483779,0.000848351735224295,0.00085385818946294,0.000858249191349217,0.00085244951386973,0.000842854346186989,0.000828376688317427,0.000816243260103149,0.000812248336247461,0.000806732117259243,0.000807749920824011,0.000867732671864508,0.00092106700645327,0.000987460384787112,0.00107741098046175,0.00122095460850752,0.00137057029507366,0.00155641278068069,0.00182445117603262,0.00208167654235712,0.00236501918873797,0.00273876098838629,0.00306325005876788,0.00343669568130095,0.00383849162235436,0.00415261905295094,0.00448862652876413,0.00481971295277547,0.00505466958888394,0.00526039132891159,0.00547683065173912,0.0056813927631966,0.00587696027296968,0.00615193478773462,0.00643120795772622,0.00676970139408808,0.00729287975307124,0.00777751272815703,0.00829849000147314,0.00895547133430086,0.00948700680386504,0.00998828365668444,0.0105046665188627,0.0108364636597535,0.0110633959257275,0.0111806453053156,0.0111598834099139,0.0110306967019335,0.0107101226457945,0.0103947265913266,0.010004372646334,0.00945607938888271,0.00894597044222718,0.00843493628875004,0.0077612765352311,0.00718441810285807,0.00660212239005787,0.00591620147515198,0.0053668495600701,0.0048507671454785,0.00428438420099988,0.00386930150307098,0.00354923082165784,0.00321865637113092,0.00305904575914469,0.00294966391040424,0.00289737635612751,0.00289066702388402,0.00289484059462093,0.00292947936927635,0.00294403274909223,0.00293441515760572,0.00288146588393522,0.00277182034158023,0.00266787054751971,0.00249784302399598,0.00233716433554305,0.00216526548742971,0.00195732284530798,0.00178746654284094,0.0016329292604805,0.00146793425902524,0.00134946693835622,0.0012481782901114,0.00114725401272299,0.00107776183350603,0.00101892479768924,0.00095903666721227,0.000915600157126761,0.000876174004395856,0.000805934376901769,0.000780226398860887,0.000751323174650567,0.000712446432710309,0.000676514187235618,0.000637266659562205,0.000585782393212548,0.000539457549392994,0.000490537345724237,0.000429525620136139,0.000375192577464278,0.000325350360309279,0.000267606029460503,0.000222652484054225,0.00018162217213052,0.0001336712008932,0.000104960565959016,8.05886816899412e-05,5.69785236084157e-05,4.16411684622714e-05,2.97569160858963e-05,1.93018043560708e-05,1.30115222109589e-05,8.65887917629742e-06,5.1561247960525e-06,0,0,0,0,0,0,0,0,0
0,0,0,0,4.33593929471663e-06,7.28151003975996e-06,1.09417775306307e-05,1.60761734152617e-05,2.77721037660224e-05,3.92713663563375e-05,5.43520266292341e-05,7.80404172406752e-05,0.000103053283779622,0.000133226813536952,0.000179831808839499,0.000223040311460786,0.000271212787103896,0.000335307495595541,0.000391230706606332,0.000448215400488544,0.000515481491394912,0.000568436200031589,0.000616685219959925,0.000666202886659554,0.00070247847872998,0.000728651096588164,0.000749302869010086,0.000757793866309101,0.000759017579239676,0.000758259064435255,0.000749632573714166,0.000738040194960287,0.000722216019272861,0.000709604852811014,0.00070604767998425,0.000701268835802167,0.000703109086964441,0.000763107914502413,0.000816634393496327,0.000882696848931412,0.000971825241209481,0.00111380092117901,0.00126195516167343,0.00144585464435091,0.00171157976338167,0.00196736140755808,0.00224998845272733,0.00262356662452546,0.00294864003653125,0.00332244122721591,0.00372611824889549,0.00404221504276307,0.00438226831898576,0.00471626424494418,0.00495384117205605,0.00516287336335916,0.00538302225082904,0.00559079733622581,0.00578980760791096,0.0060692808465017,0.0063527041462088,0.0066960866572743,0.0072270015468146,0.00771814919523832,0.00824651830319167,0.00891288368071106,0.00945403449844906,0.00996455322288343,0.0104924581731989,0.0108343206605832,0.0110712249047537,0.0111996926910414,0.0111875498519937,0.0110656906014473,0.0107523061426618,0.0104401029078876,0.0100508149483775,0.00950079482292594,0.0089867423406015,0.008467581425014,0.00778302191437833,0.00719506026345627,0.00660053238254744,0.00589851007947114,0.00533533058560429,0.00480531185186264,0.00422360437638549,0.00379507188428822,0.0034621052866298,0.00311621464670143,0.00294544814065003,0.0028259267610681,0.00276171984400188,0.00274608596907001,0.00274292240723613,0.00277107389011038,0.00278249929149406,0.00277207987281095,0.00272138974596742,0.00261543532272437,0.00251856575850687,0.00235918874877382,0.0022088080975002,0.00204858554662977,0.00185439720009933,0.00169637581157293,0.00155282886609701,0.00140035804775655,0.00129163050588768,0.00119940935909752,0.00110851533042791,0.00104673926338827,0.0009951008296454,0.000943234696712441,0.000905994210954408,0.000872309348461435,0.00080973517800727,0.000788095763495916,0.000762789890747032,0.00072747772359102,0.000693786339660946,0.000656065419379947,0.00060546531213701,0.000559131338800885,0.000509602114008913,0.000447211495704804,0.000391514472079516,0.000339820580009965,0.000279748896026001,0.000232881156489889,0.000190043260853773,0.000140213231487703,0.000110073135755406,8.44966944863657e-05,5.97279205460666e-05,4.36427771745748e-05,3.11821361202872e-05,2.02225725432789e-05,1.36042914237023e-05,9.05335392793337e-06,5.39102367925837e-06,0,0,0,0,0,0,0,0,0
0,0,0,0,4.03654151113715e-06,6.7787197978227e-06,1.01862448263139e-05,1.4966109283406e-05,2.57505082029873e-05,3.63992290805322e-05,5.03568290082215e-05,7.22663897832288e-05,9.53838985323932e-05,0.000123249982418572,0.000165898775340406,0.000205534447014883,0.000249615301038189,0.000307996023411871,0.000358744951898974,0.000410190098842951,0.000470466543085651,0.000517446861617595,0.000559720048566694,0.000602251174231187,0.000632711796804956,0.00065363560273407,0.000668641701234857,0.000673097758770108,0.000670984757306619,0.000666258552884984,0.000655616238325856,0.000642706480916356,0.000626146814709541,0.000613406789289136,0.000610413639114945,0.000606386395824346,0.000608937816851621,0.000668372118790522,0.000721568627284999,0.000786763701278042,0.000874433157736463,0.00101390895783551,0.00115964739663191,0.00134054252188665,0.00160225473017725,0.00185484399368389,0.00213469031796437,0.00250529896035265,0.0028283509952494,0.00319951206945035,0.00360165069377796,0.0039171762996638,0.00425840001218592,0.00459275392251076,0.00483134955484494,0.005042528415832,0.00526556952161967,0.00547597107351693,0.0056781628351155,0.00596178437357929,0.00624883849035497,0.00659621257668535,0.00713283481434521,0.00762831180226246,0.00816139060551703,0.0088333496491054,0.00938054196469139,0.00989671907460354,0.010431982609345,0.0107807061457787,0.0110248156921835,0.0111619631130352,0.0111570190445735,0.0110417935397585,0.0107360195686524,0.0104278217712314,0.0100411424626706,0.00949212789641327,0.00897706263007878,0.00845306793103652,0.00776211935316506,0.00716718430144042,0.00656466661180874,0.00585163114861728,0.00527868829689682,0.00473848128924118,0.00414543049958394,0.0037063827615739,0.00336257190402755,0.00300356847988784,0.00282257392290715,0.00269343138872589,0.00261742305318918,0.00259268776936048,0.00258196222038529,0.00260309658412265,0.00261101684704275,0.00259953706396237,0.00255099980076688,0.00244904156513692,0.00235942791826995,0.00221115789280775,0.00207153208804013,0.00192346068986928,0.00174366306136097,0.00159793841662555,0.00146585062199317,0.00132637726819243,0.00122771007884651,0.00114481849564977,0.00106421012491066,0.00101033075334469,0.000966056548697984,0.000922406263861148,0.000891527389382976,0.000863756758806664,0.00080917381642696,0.000791748871136542,0.000770211772929388,0.000738689005011188,0.000707438929132948,0.000671456241028164,0.000622009407057903,0.000575903508251855,0.000526013596204693,0.000462553848956681,0.000405763759993312,0.000352478773668301,0.00029038513544302,0.000241844370432266,0.000197422130431127,0.000145988086218542,0.000114576087702955,8.79314739036769e-05,6.213866743996e-05,4.5394604198917e-05,3.24273369685932e-05,2.10254733088211e-05,1.41093160055959e-05,9.38943657566488e-06,5.59115166790555e-06,0,0,0,0,0,0,0,0,0
0,0,0,0,3.72750184916327e-06,6.25973757773286e-06,9.40638076466071e-06,1.3820296378659e-05,2.36866283572527e-05,3.34698259160846e-05,4.62861459113509e-05,6.63910216440547e-05,8.75890701241668e-05,0.000113122574686809,0.000151877873146902,0.000187970293727502,0.00022801785576325,0.000280827009577509,0.000326571283745216,0.000372715029994978,0.00042639447880566,0.000467827597503064,0.000504648700358191,0.000540948347289798,0.000566323747543293,0.000582797364911095,0.000593176605827692,0.000594460235392742,0.000589848844270067,0.000582199856340392,0.000570248435692904,0.000556608801337506,0.000539836399527661,0.000527262742754145,0.000524923342028824,0.000521647085393835,0.000524803360037575,0.000583135502464947,0.000635521820988615,0.000699352601212138,0.000784966510578279,0.000921056801530812,0.00106345848655929,0.00124019563120967,0.00149616431918543,0.0017437632900363,0.00201868720880533,0.00238339833653868,0.00270167687448687,0.0030670268499073,0.00346391336344166,0.00377585295218863,0.00411489816383753,0.00444637656964748,0.00468370767122775,0.00489508981247855,0.00511916754098534,0.00533068413098893,0.00553483099529456,0.00582108368842481,0.00611030326670069,0.00645987375223137,0.0069991834878905,0.00749611015777615,0.0080306480848111,0.00870392865667309,0.00925332743688807,0.00977150628429475,0.0103100967113456,0.0106627706366223,0.0109117640862822,0.0110557629321853,0.0110572931112913,0.0109487690074082,0.0106519592105832,0.0103493739263923,0.00996760233475641,0.00942315587786226,0.00891062294290885,0.00838559474939699,0.00769337102182573,0.00709594734308962,0.00648999303797132,0.00577136289879571,0.00519296696347441,0.00464654131281787,0.00404636060559566,0.00359991529512387,0.00324758009583696,0.00287778984230624,0.00268756514826615,0.00254936622140121,0.00246172193161409,0.00242773985290741,0.00240925339331383,0.00242289061727763,0.00242699381751829,0.00241429125230547,0.00236796450651995,0.00227050078988473,0.00218853147490065,0.0020521180946352,0.00192397282774736,0.00178881832957684,0.00162436807257917,0.00149165657468879,0.00137172561110229,0.00124595728682086,0.00115782739584812,0.00108464653700789,0.00101467377159087,0.000968912957395682,0.000932179750549298,0.000896919186499661,0.000872528906625405,0.000850792287571352,0.000804473509765541,0.000791332623972353,0.000773661499890419,0.000746071581014749,0.00071740440489586,0.00068332262630947,0.00063525392430994,0.000589588859317887,0.000539573065629019,0.000475350730877874,0.00041774140122697,0.000363140113587077,0.000299352186000211,0.000249400517154049,0.000203638706004527,0.000150898039187601,0.000118391556513737,9.08324263879377e-05,6.41672877130997e-05,4.68645178524032e-05,3.34693187600866e-05,2.16952862916543e-05,1.45150390650232e-05,9.65943626468363e-06,5.75192906912936e-06,0,0,0,0,0,0,0,0,0
0,0,0,0,3.41435384314869e-06,5.73385605708879e-06,8.61614926392288e-06,1.26592511455147e-05,2.16152062061348e-05,3.05321931037322e-05,4.22077083383582e-05,6.05113096969376e-05,7.97965825193173e-05,0.00010300937153056,0.000137977363923443,0.000170601289819873,0.000206721539663668,0.000254157631173516,0.000295110582310944,0.00033622783044326,0.000383732675134561,0.000420054404621019,0.000451937832467904,0.000482723192732172,0.000503692595035928,0.000516441892448572,0.000523103760082444,0.000521973053407509,0.000515590586242355,0.000505922664799563,0.000493262920577553,0.000479387608097091,0.000462836385819017,0.000450670521637376,0.000449039067421667,0.00044649839894082,0.000450158012452618,0.000506901087170684,0.000558043690191689,0.000620059087867144,0.000703070289176464,0.000834952482059675,0.000973149881484946,0.00114464075949588,0.0013932296036203,0.00163413659805871,0.00190211176292446,0.00225817730455941,0.0025691051071535,0.00292569321739998,0.00331388825738489,0.00361946860934813,0.00395322890840453,0.00427888620544913,0.00451288575104455,0.00472271452990345,0.00494616065799558,0.00515741424366491,0.00536238341528127,0.00564982597404129,0.00593978352419369,0.00628976948810779,0.00682873221017085,0.00732421306290891,0.00785692713379079,0.00852720296949326,0.00907499495771403,0.00959147308386679,0.0101292933902035,0.01048295534836,0.0107344665852385,0.0108834601369678,0.0108907394028052,0.0107890194310943,0.0105026029812464,0.010207384824701,0.00983301418871823,0.00929698729800374,0.00879080743891355,0.00826899767367444,0.00758105913060574,0.00698601228385369,0.00638155102460562,0.005663184579807,0.0050840006353232,0.00453567299087186,0.00393299502283063,0.0034826487178411,0.00312453121262837,0.00274683940704186,0.00254888505977597,0.00240271866325283,0.00230425066282498,0.00226138535153429,0.00223537027332169,0.0022414100596355,0.00224153702462648,0.00222742625943727,0.00218309149991373,0.00209019580184524,0.00201565828241835,0.00189095008275416,0.00177416050717899,0.00165173780962934,0.00150252586796369,0.00138268727018448,0.0012748089876989,0.00116259539006251,0.00108486322270743,0.00102124868856512,0.000961743532337723,0.000923974504224932,0.000894673705908616,0.000867701343420972,0.000849740459347477,0.000834001293228448,0.000795913203965497,0.000787101954863106,0.000773320107224715,0.00074972361389321,0.000723719301395662,0.000691648082387799,0.000645131652914951,0.000600089225600566,0.000550161503359955,0.00048547036663231,0.00042731045484782,0.000371673527868371,0.000306531600900933,0.000255444619973505,0.000208602734584902,0.000154867303079409,0.000121458862300555,9.315212391062e-05,6.57795900859484e-05,4.80271593275458e-05,3.42897128674404e-05,2.22199186640478e-05,1.48119648330503e-05,9.85703377156954e-06,5.86959295889485e-06,0,0,0,0,0,0,0,0,0
0,0,0,0,3.10228291216437e-06,5.20978331007213e-06,7.82863577064865e-06,1.15021993365839e-05,1.95682744737174e-05,2.76314736239463e-05,3.8183766102e-05,5.47162072856624e-05,7.21233917791686e-05,9.30608703170089e-05,0.000124386023072199,0.000153656256920734,0.000185996955510712,0.000228306453365299,0.000264717867835542,0.0003011127047898,0.000342885914951742,0.000374533325823933,0.000401977361406015,0.00042792078492717,0.000445107748159158,0.000454782351621969,0.000458524593812191,0.000455632681113765,0.000448096162761579,0.000437173136617385,0.000424301950393418,0.000410594093172668,0.000394611593148256,0.000383042809638608,0.000382140273375714,0.000380305749314437,0.000384371918674196,0.000439095967018375,0.000488611679757344,0.000548411559416641,0.00062833038615131,0.00075525989908334,0.000888457225575798,0.0010537029799774,0.00129340717270426,0.0015260555885314,0.00178521681207612,0.00213012970810473,0.00243135950357639,0.00277651555717268,0.00315292245616124,0.0034496645418352,0.00377533434736081,0.00409256479748815,0.00432141663099686,0.0045281494908673,0.00474950761374467,0.00495927492281374,0.00516404430277522,0.00545133529078514,0.00574066741700719,0.00608933692185736,0.00662487476804197,0.0071160103010751,0.00764358458437561,0.00830644536502203,0.00884864482582467,0.00935949831901994,0.00989206061415342,0.0102433077526665,0.0104944129976164,0.0106457195565883,0.0106572048421584,0.0105614736257427,0.0102856497908514,0.00999852033180706,0.00963300852278249,0.00910806986160633,0.00861118034736874,0.00809615033597656,0.00741742848102322,0.00682933366340003,0.00623123384331918,0.00551922346568765,0.00494435661524111,0.00439908280244101,0.00379953038604719,0.00334975609489447,0.00298968659415253,0.00260835083037609,0.00240533065436077,0.00225342168918639,0.00214624431257642,0.00209585224078292,0.00206341024513259,0.00206263073923316,0.00205918701260558,0.00204388650256758,0.00200159662674469,0.00191340249290122,0.00184604771594219,0.00173261669645269,0.00162673720070977,0.0015165034174507,0.00138191024489266,0.00127437577946296,0.00117802763539575,0.00107875376637339,0.00101093320992836,0.000956434831132841,0.00090691550000052,0.000876790499239941,0.000854624195752913,0.000835645493148391,0.000823916399106658,0.000814015519078331,0.000784033721596371,0.000779413706985559,0.000769473484170667,0.000749849534494696,0.000726525782511974,0.000696519459213048,0.00065167390441175,0.000607399378968256,0.000557746040885716,0.00049285777683056,0.00043440261132352,0.000378007793551096,0.000311854422330087,0.000259913019814061,0.000212257758170654,0.00015784530326998,0.00012373710939671,9.48583193453619e-05,6.69521092194963e-05,4.88650044034471e-05,3.4875746508286e-05,2.25909053394655e-05,1.49930279367165e-05,9.97752724746816e-06,5.94134351531145e-06,0,0,0,0,0,0,0,0,0
0,0,0,0,2.79599563648695e-06,4.69542327841453e-06,7.05571737785451e-06,1.03665913347195e-05,1.7574421726454e-05,2.48078912845126e-05,3.4269687782955e-05,4.90846510313278e-05,6.4673064493206e-05,8.34100339798443e-05,0.000111269226840711,0.000137334773541179,0.000166078907857698,0.000203547493964641,0.000235696007792169,0.000267694043828523,0.00030419036615985,0.000331595201810286,0.000355076473275551,0.000376800678090108,0.000390770270284488,0.000397942854454367,0.000399452847906519,0.000395350704995224,0.000387150586991507,0.000375587958025585,0.000362886517826926,0.000349639505841656,0.000334452241538617,0.000323576136164543,0.000323336293199136,0.000322078187269479,0.000326369237348638,0.000378600990298852,0.000426015563862789,0.000483122789622391,0.000559385442010673,0.000680542165320621,0.000807900198199969,0.000965895404285262,0.00119526197707104,0.00141819089938184,0.0016668425783401,0.00199839616456242,0.0022879001340055,0.00261935837158449,0.00298140100475903,0.00326728435542916,0.00358254048308016,0.00388928459497245,0.00411158540630316,0.00431404203178651,0.00453222328545981,0.00473955191728998,0.00494330861470072,0.00522930999656702,0.00551679575677108,0.00586254141944504,0.00639193357674944,0.00687606153955525,0.00739545986912372,0.00804690965420798,0.00857996568628855,0.00908175968008287,0.00960527392400534,0.00995139004298243,0.0101999480235189,0.0103519485811181,0.0103670677633552,0.0102775367398004,0.0100137296033751,0.00973644010749066,0.00938218461837671,0.00887193203976145,0.00838781488338991,0.00788338531231404,0.00721875030656214,0.00664178705643615,0.00605421456880108,0.00535344305292408,0.00478673698705569,0.00424803886266372,0.00365537584293186,0.00320905365861823,0.00284931308402277,0.00246681407550458,0.00226004329533785,0.00210339801955035,0.00198837364371672,0.00193094352598515,0.00189245313149001,0.00188498271183653,0.00187798969440871,0.00186146734141557,0.00182113567736991,0.00173777750540793,0.00167735531392747,0.00157503106990365,0.00147988241265708,0.00138158656274493,0.00126136406558992,0.00116587512719114,0.00108082515590156,0.000994190595100029,0.000936020648879292,0.000890375059072439,0.000850531328737646,0.00082780277892112,0.000812537242774128,0.000801292847535132,0.000795597999536397,0.00079135512537617,0.000769281351492227,0.000768716338980288,0.000762504483056906,0.000746754926708227,0.000726068644344918,0.000698125818770038,0.00065501122154004,0.000611608908553424,0.000562382678311796,0.000497538094159645,0.00043902177994485,0.000382135077722042,0.00031530446185733,0.000262786324509944,0.000214583676257192,0.000159808902360811,0.000125206967841722,9.59353391694057e-05,6.76731099371075e-05,4.93691083685206e-05,3.52207824058904e-05,2.28037643079914e-05,1.50538728275969e-05,1.00180181715957e-05,5.96545474883932e-06,0,0,0,0,0,0,0,0,0
0,0,0,0,2.4996188587297e-06,4.19770632803639e-06,6.30780820592112e-06,9.26772805467134e-06,1.56582531423914e-05,2.20960021045048e-05,3.05129453655132e-05,4.36841416567496e-05,5.75339497944424e-05,7.41699915470956e-05,9.87662408267344e-05,0.000121804017313977,0.000147162843507668,0.00018010637766359,0.000208291779482995,0.000236232624297671,0.000267910328852701,0.000291493249664658,0.000311462408451681,0.000329537644041794,0.000340795626457006,0.000345963532389718,0.000345822730699512,0.000340964673036412,0.000332537710868441,0.000320855734753157,0.000308651761738116,0.000296132591103259,0.000281981498831501,0.000271949435017097,0.000272409098540218,0.000271783494384474,0.000276324163586171,0.000325890167375181,0.000371106874546687,0.000425397881777705,0.000497819754862283,0.000612857578785473,0.000733932282777335,0.00088406130035849,0.00110207848587237,0.0013141634829931,0.00155091046110168,0.00186721128112369,0.00214317324994009,0.00245886688052032,0.00280412914986895,0.00307721959956049,0.00337981761953868,0.00367404568019629,0.0038883790394366,0.00408533818520547,0.0042991855076149,0.0045030855275934,0.00470496679393077,0.00498850327396007,0.00527292012309712,0.005614163017242,0.0061346659500314,0.00660917939385497,0.00711741624234045,0.00775349280507315,0.00827381161528024,0.00876301857953909,0.00927344252002216,0.0096113664437698,0.00985475241570088,0.0100050610508213,0.0100224546721769,0.00993843353696926,0.00968684102405945,0.0094201195066831,0.00907849707386853,0.00858537496492623,0.0081166641465103,0.00762598813767323,0.00697972043884103,0.00641779694886223,0.00584485169194871,0.00516038070479371,0.00460602073673984,0.00407790507100316,0.00349662205253075,0.00305731019982406,0.00270091888854131,0.00232061073324263,0.00211212581904936,0.00195242023112936,0.00183114326880185,0.00176769531784945,0.00172397104369281,0.00171036851987442,0.00170010925547274,0.00168250929254582,0.00164415615465917,0.00156577234800512,0.00151204871690204,0.00142051673306452,0.00133577627934112,0.001249007736073,0.00114271209562067,0.00105885448204146,0.000984721316475309,0.000910265625258822,0.000861369286000168,0.000824212072305365,0.000793629199001542,0.000777973048168027,0.000769304557800628,0.000765455947670046,0.00076553346144859,0.000766704100065607,0.000752237378847222,0.000755535671427691,0.000752880738247135,0.000740836850034701,0.000722687643736132,0.00069675262324835,0.000655369531805437,0.00061289975093803,0.000564214937797922,0.00049961623460318,0.000441244403632329,0.000384111624431229,0.000316919224064348,0.000264090394740817,0.000215597706966388,0.000160763417915215,0.000125871514010363,9.63847585996757e-05,6.79430878963371e-05,4.95394850736604e-05,3.53245984208782e-05,2.28581843289457e-05,1.49930279367165e-05,9.97752724746816e-06,5.94134351531145e-06,0,0,0,0,0,0,0,0,0
0,0,0,0,2.2166305302931e-06,3.72247311682497e-06,5.59368489305756e-06,8.21850454548034e-06,1.38400530951476e-05,1.95242308791993e-05,2.69524932732024e-05,3.85698905544382e-05,5.07780977930689e-05,6.54327027317421e-05,8.69887233062565e-05,0.000107197086471907,0.000129403050071552,0.000158158572913581,0.000182694268020075,0.000206924353832008,0.000234237690880804,0.000254403386040753,0.000271281916036306,0.000286224824426041,0.000295218515383086,0.000298807225640595,0.000297497989220829,0.000292249185537958,0.000283914865306304,0.000272501353217897,0.000261018365817556,0.000249392423968455,0.000236400538019792,0.000227168141221873,0.000228215853813689,0.000228061917219264,0.000232652272436246,0.000279154114184807,0.000321691848436423,0.000372654477974108,0.000440599304859275,0.000548554748033192,0.0006623376027036,0.000803401425059186,0.0010083655453957,0.00120795093433677,0.00143094393583362,0.00172970613027347,0.00199013842042668,0.00228802708823871,0.00261433436181884,0.00287308968046289,0.00316137949146846,0.0034419305988262,0.00364771573718818,0.0038388575983254,0.00404834076264171,0.00424879091682067,0.00444885877606199,0.0047298098019001,0.00501075636125253,0.00534667840100861,0.00585640908638369,0.00631935025550866,0.00681402692247553,0.00743139314650282,0.00793585009797068,0.00840931265494333,0.00890294550282215,0.00922981345430411,0.00946551527995025,0.00961182044694942,0.00963003944318784,0.00955068012348346,0.00931119280420546,0.00905549733342865,0.00872756611275638,0.00825358673388092,0.0078025255163749,0.0073283780560229,0.00670427310910456,0.00616089810092471,0.00560629516633792,0.00494275562829401,0.00440460575806796,0.00389079985403182,0.00332511985204219,0.00289620316751703,0.00254609313935697,0.00217127188936491,0.00196314192777261,0.0018021191074507,0.00167631081567532,0.00160798966608936,0.00155995600477702,0.00154091752719081,0.00152776007908995,0.00150927698363739,0.00147293156866491,0.00139961186517694,0.00135228788977735,0.00127111013981504,0.001196333507727,0.00112054777932631,0.00102757033747116,0.0009548005528481,0.000891079387587261,0.000828212081466144,0.000788119943334455,0.000759007832409355,0.000737191293626429,0.000728226144472676,0.000725798870765092,0.000728948301077529,0.000734487363042516,0.000740777096814774,0.000733532385115859,0.000740457084479548,0.000741138507281323,0.000732569799119302,0.000716805263951152,0.000692771276577614,0.000653061705099414,0.000611539283576947,0.000563468331340637,0.000499272780157735,0.000441216351516729,0.00038405544082763,0.000316788338949565,0.000263895246757521,0.000215353643572964,0.000160742342495331,0.000125756058524567,9.62253036432079e-05,6.77747271845832e-05,4.93850910761325e-05,3.51933863001128e-05,2.27580313803554e-05,1.48119648330503e-05,9.85703377156954e-06,5.86959295889485e-06,0,0,0,0,0,0,0,0,0
0,0,0,0,1.94982234587008e-06,3.27441184531831e-06,4.92039230317618e-06,7.22927145205991e-06,1.21356445109578e-05,1.7114685107042e-05,2.36185299535169e-05,3.378451315962e-05,4.44608971328344e-05,5.72685481322994e-05,7.60203921546904e-05,9.3612732953306e-05,0.000112912525618728,0.000137829596859556,0.000159035460256082,0.000179901395952277,0.000203293896752376,0.000220427077983501,0.000234605144004236,0.000246879052010489,0.000253999537358395,0.000256367547506091,0.000254281676793373,0.000248927042629492,0.000240924315441736,0.000230043777823543,0.000219421648859026,0.000208775803141194,0.000196979441938561,0.000188653464553809,0.000190233548369557,0.000190521980757741,0.00019514315767918,0.000238496800575003,0.000278353903708654,0.000326019395844277,0.000389547590237674,0.000490520468402798,0.00059708928074939,0.00072916116725357,0.000921114337575945,0.00110814482618491,0.00131721305456442,0.00159817509553372,0.0018426905333039,0.0021222020384449,0.00242878926736364,0.00267248985571058,0.00294532807198026,0.00321111365358572,0.00340742156355819,0.00359174942203443,0.0037956851361337,0.00399154018627658,0.00418862665986211,0.00446539859244683,0.00474133116150789,0.00507010550032772,0.00556622852724472,0.00601504341376522,0.00649334156866233,0.00708836554339763,0.00757373308467648,0.00802828248872305,0.00850144156352889,0.00881441843178127,0.00903993259206461,0.00917976033154138,0.00919730293380965,0.00912162699986416,0.00889384799726485,0.00864937208298579,0.00833586694297022,0.00788259158175511,0.00745100608495907,0.00699574337339775,0.00639705430318663,0.00587527992075617,0.00534228534376783,0.00470379221172775,0.00418531946637084,0.00368919365887677,0.00314297857605937,0.00272758792882235,0.00238652641165755,0.00202033768114711,0.00181459824497784,0.00165400741203568,0.00152544883192428,0.00145347458188407,0.00140212395994177,0.00137844483873694,0.00136281979458067,0.0013436845115838,0.00130937966994269,0.00124116485454554,0.00119988980338482,0.00112852710732716,0.00106317143252923,0.000997717588430704,0.00091731778983223,0.000854990752153585,0.000801080538208846,0.000749112090310531,0.000717286450847686,0.0006957197366916,0.000682120026251444,0.000679426223970129,0.000682850093803568,0.000692560658207509,0.000703217223089719,0.000714296503942122,0.000713824607005629,0.000724104763397125,0.000727863061683346,0.000722487739642018,0.000708910283613558,0.000686624315497231,0.000648474735459069,0.000607869146539018,0.000560440761492028,0.000496756147233584,0.000439146436138785,0.000382141008289839,0.000315049511756343,0.000262311871669925,0.000213939401009144,0.000159805749887997,0.000124906947828831,9.54919689118612e-05,6.71923064106941e-05,4.8923408408016e-05,3.48394647175869e-05,2.25111705882059e-05,1.45150390650232e-05,9.65943626468363e-06,5.75192906912936e-06,0,0,0,0,0,0,0,0,0
0,0,0,0,1.70129251265881e-06,2.85704611376557e-06,4.29322527894317e-06,6.30780820592111e-06,1.05564301889418e-05,1.48832247891485e-05,2.05326114527492e-05,2.93582237242031e-05,3.86213698978102e-05,4.97267626714466e-05,6.59177488041367e-05,8.1116372984521e-05,9.77643543533815e-05,0.00011919698298668,0.000137392794956899,0.000155235402315183,0.000175134122475643,0.000189596392446865,0.000201431623983315,0.000211448001176193,0.000217033369737025,0.000218478023308677,0.000215926367330587,0.000210680252934746,0.000203178148003517,0.00019305568837308,0.00018339943284789,0.0001738067590281,0.000163261460797531,0.000155872512867741,0.000157955122256676,0.00015869843986572,0.00016337047041759,0.000203573771847533,0.000240789625094808,0.000285193069581038,0.000344327011369344,0.000438299132840965,0.000537561241361441,0.000660477403202418,0.000839090250855118,0.00101314325224538,0.00120771644230531,0.00147013092542982,0.00169796742868638,0.00195824950051608,0.00224411493218763,0.00247197155644033,0.00272833463803017,0.00297855683615123,0.00316484496242569,0.00334186493971582,0.00353980069390346,0.00373063352984398,0.00392431454852195,0.00419624001120831,0.00446639444038396,0.00478696553893273,0.00526758428963288,0.00570046093719537,0.00616026417076096,0.00673009443776681,0.00719373777349319,0.00762668611754668,0.00807621078675824,0.00837279326706974,0.00858584753692847,0.00871693133924538,0.00873228171811397,0.00865921208541278,0.00844248637597529,0.00820917311813475,0.00791051165479933,0.00747904679515871,0.00706833352977963,0.00663386702551009,0.00606326607486533,0.00556564679038818,0.0050570292709766,0.00444711511867039,0.0039513287663661,0.00347583288707118,0.00295250451309173,0.00255344747080408,0.00222396904293824,0.00186932481979607,0.00166791655217309,0.00150945557232657,0.00137992302160335,0.00130554333667817,0.00125189507823766,0.00122443147008435,0.00120680925789201,0.00118727531513113,0.00115504242594569,0.00109192504938174,0.00105630958784004,0.00099414468527257,0.000937592410536655,0.000881740879123965,0.000813079700607655,0.000760476551062742,0.000715707124824032,0.000673879522768213,0.000649737842526272,0.000635181976050629,0.000629218242881414,0.000632355970791649,0.000641223600954014,0.000657038365409086,0.000672450312349242,0.000687968973235786,0.000693776706572757,0.000707118758449272,0.00071366635631696,0.000711162891788918,0.000699537764586648,0.000678806806210725,0.0006420530292474,0.000602290213891717,0.000555489217617983,0.000492371337601398,0.000435296804000845,0.000378591222017159,0.000311882146822074,0.000259487094965074,0.000211472948382513,0.000158037449561612,0.000123389386643428,9.42343863771073e-05,6.62305773181368e-05,4.81796430515022e-05,3.42807184972754e-05,2.21291111194447e-05,1.41093160055958e-05,9.38943657566488e-06,5.59115166790555e-06,0,0,0,0,0,0,0,0,0
0,0,0,0,1.47246558395384e-06,2.47276822944119e-06,3.71577869200452e-06,5.45939656131499e-06,9.10959343131015e-06,1.28397556806615e-05,1.77080715317561e-05,2.53094651536235e-05,3.32830349839366e-05,4.28365955827727e-05,5.63680730849351e-05,6.92116818433605e-05,8.31935847704867e-05,0.000101019651067405,0.00011596305538624,0.000130371668409369,0.000146001491166255,0.000156865605245415,0.000165142926795225,0.00017104444345958,0.000173243710812974,0.00017164767543831,0.000165846767324507,0.000158296263273168,0.000148919579595297,0.000136984989441671,0.000126480565085707,0.000116574131032502,0.000106360193568406,9.98088557655538e-05,0.000102864158202236,0.000105407048951889,0.000111808172817504,0.000150930604108799,0.000188304605412427,0.000231889050261515,0.000289032667379556,0.000378677247301728,0.000472566906991884,0.000587958862994256,0.000754738626142108,0.000916677177616327,0.00109728019391674,0.00134151102713792,0.0015527090849159,0.00179366515310895,0.00205861926387435,0.00227047372941441,0.00251023516751616,0.00274469889104753,0.0029209211275997,0.0030906180498718,0.0032826436689538,0.0034684816427695,0.00365874639921743,0.00392563952974152,0.00418965236924108,0.00450137498150421,0.00496514831346086,0.00538074538328323,0.00582041891041154,0.00636278615241053,0.00680254875971184,0.00721166779540363,0.00763484933986921,0.00791284120958356,0.00811139124649766,0.00823161738784243,0.00824330342140476,0.00817169935582885,0.00796515129488435,0.00774271560788945,0.00745901431911323,0.00705002235005125,0.00666114951596472,0.00624893491908888,0.00570849410788674,0.00523706235908841,0.00475506198006735,0.00417663099700293,0.00370603829770577,0.00325365401445452,0.00275613210969762,0.00237583720606689,0.00206018703239107,0.0017196948660996,0.00152440926621441,0.00136967300965396,0.00124087890243454,0.00116532428520037,0.00111038639414556,0.00108001862879374,0.00106088771488106,0.00104121790896208,0.00101108215603693,0.000953008237668089,0.000922637284180718,0.000868997652167442,0.000820579836922216,0.000773549411445939,0.000715721847404135,0.000672076684867104,0.000635734667799792,0.000603250212320662,0.000586186914730487,0.000578092310928818,0.000579173785515981,0.000587699337054898,0.000601601237848459,0.000623060515656041,0.000642861506265796,0.000662462255917629,0.000674031849769925,0.000690130768037595,0.00069916288181606,0.000699182140923935,0.000689246302877893,0.000669844743624954,0.000634278528028552,0.000595244378265025,0.000549013362290026,0.000486465781579065,0.000429970641654359,0.000373666933302013,0.000307498944588587,0.000255596719481043,0.000208096821557566,0.000155541027409375,0.000121284387645653,9.2514525250882e-05,6.49331714590653e-05,4.71855790596972e-05,3.35397921248242e-05,2.16264919580262e-05,1.36042914237023e-05,9.05335392793337e-06,5.39102367925837e-06,0,0,0,0,0,0,0,0,0
0,0,0,0,1.26413521480733e-06,2.12291100787546e-06,3.19005533723964e-06,4.68697911853719e-06,7.79842972437456e-06,1.09887058098042e-05,1.51506923728071e-05,2.16458929471498e-05,2.84552322843182e-05,3.66090567463323e-05,4.8149404042653e-05,5.90938502455122e-05,7.09976070331894e-05,8.61468905481008e-05,9.88315122135664e-05,0.000111040299973904,0.00012424854295059,0.0001333927326512,0.00014031625938486,0.000145174296785221,0.000146889307297405,0.000145377543442707,0.000140261198297096,0.00013369645749274,0.000125592215517939,0.000115252157162512,0.00010619932484467,9.76621042464799e-05,8.88434997682671e-05,8.31569470048066e-05,8.6385521885659e-05,8.88739470071485e-05,9.47629302660608e-05,0.000130144372084843,0.000164051991016504,0.000203658894830555,0.000255685299680065,0.000337462489907855,0.000423298431826717,0.000528817661025143,0.000681404137068158,0.000829623971107723,0.000994951975093862,0.00121989200365061,0.00141376198091604,0.00163493459527305,0.00187863903849975,0.00207435530063843,0.00229699257114349,0.0025158545187788,0.00268213383238843,0.00284455447996111,0.00303071232519385,0.0032114982726458,0.00339819505391842,0.00365969697935922,0.0039170913593943,0.00421926184738114,0.00466491685951552,0.00506202225938187,0.00548013339909026,0.00599309197137294,0.00640713836573033,0.00679052900470473,0.00718486749033268,0.00744226055025704,0.00762435537764236,0.00773155745818016,0.00773788652676542,0.00766626400613906,0.00746834848960476,0.0072557917401738,0.0069862787683774,0.00659914295703489,0.00623185968939443,0.0058420375059729,0.0053321601968393,0.00488754748134651,0.00443305428513745,0.00388753604132947,0.00344360231966203,0.00301599046097437,0.00254654420870268,0.0021871736401506,0.00188762587552193,0.00156420934565102,0.00137736744939964,0.00122862769050312,0.00110322595946929,0.00102855734762063,0.000974146152438033,0.000942684308723958,0.000923220117965352,0.000904267380665999,0.000876826514294712,0.000824082112577662,0.000798827988800675,0.000753275876800881,0.000712454614914393,0.000673553243446735,0.00062571266030199,0.000590379409195474,0.000561731901939242,0.000537779161322535,0.000527184944718739,0.000525004243248386,0.000532548601278484,0.000546028157020816,0.00056456555275222,0.000591221546940526,0.00061505294326099,0.000638383206626133,0.000655190061163976,0.000673739659627332,0.00068494474267562,0.000687122125815152,0.000678593578046468,0.000660271455451255,0.000625648606988266,0.000587194023271678,0.000541436805997477,0.000479412971066774,0.000423497810810288,0.00036765462039136,0.000302135897898218,0.000250837301753104,0.00020397149743168,0.000152434979250769,0.000118685007924088,9.0403843644255e-05,6.33506187828396e-05,4.59781487872262e-05,3.26430802114229e-05,2.10204358452179e-05,1.30115222109589e-05,8.65887917629742e-06,5.1561247960525e-06,0,0,0,0,0,0,0,0,0
0,0,0,0,1.0765250029944e-06,1.80784994543348e-06,2.71661946542452e-06,3.99138490132716e-06,6.62277795459042e-06,9.32964062997363e-06,1.28595639988664e-05,1.83656242004378e-05,2.41347898777643e-05,3.10390967490535e-05,4.08038953132153e-05,5.00568394852578e-05,6.0112017846744e-05,7.28866861260684e-05,8.35705483227222e-05,9.38356155817751e-05,0.000104911942934927,0.000112549929302787,0.000118297190258492,0.000122264934475419,0.000123585011494019,0.000122183538471371,0.000117717636634927,0.000112062101353916,0.000105118901512451,9.62430079619409e-05,8.85096605467128e-05,8.12176169648777e-05,7.36731998029694e-05,6.8785400268322e-05,7.21237709254004e-05,7.45588522671916e-05,7.99747949153438e-05,0.000111773361211413,0.000142377339459225,0.000178168775988759,0.000225254647946164,0.000299383645337032,0.000377332948903299,0.00047315717455648,0.000611760760874863,0.000746422914140207,0.000896621745365808,0.00110253559904804,0.00127928423991166,0.00148096019994615,0.00170376746818886,0.00188366870279781,0.00208941458324785,0.00229311435659844,0.00244980953538976,0.00260523706688288,0.00278585347910381,0.00296180052635533,0.00314504293602303,0.00340114279260756,0.00365176518857681,0.0039440419681028,0.00437083740875587,0.00474870775409517,0.00514432029437439,0.00562654144105146,0.00601355524124856,0.00636980997079587,0.00673371821199044,0.0069690789699753,0.00713334795084101,0.00722607862653948,0.00722602882882806,0.00715362635710102,0.00696377740109534,0.00676109174679633,0.00650612712375058,0.00614177455421964,0.00579724821400787,0.00543145989883976,0.00495436212025624,0.00453863335044308,0.00411380894447951,0.00360381829782608,0.0031886216986476,0.00278765317082042,0.0023482190830126,0.00201114695493757,0.00172879956833647,0.00142346377354554,0.00124553381380519,0.0011030323039775,0.000981147293654691,0.000907343870403069,0.000853286799723521,0.00082039523438758,0.000800207905489722,0.000781481048470659,0.00075601150550325,0.000707980758562687,0.000687037199634199,0.000648519125194193,0.000614386949262812,0.000582659457484102,0.000543739711934064,0.000515752647081193,0.000494067964795745,0.000477844065193269,0.000473122115524635,0.000476324340292345,0.000489772393637912,0.000507792821823796,0.000530587614065063,0.000562015851095817,0.000589536199922435,0.000616257798309557,0.000637785852157256,0.000658487803910646,0.00067155709363981,0.000675524175114089,0.000668111376842212,0.000650603167897832,0.000616652853269245,0.000578600223034947,0.000533187028645562,0.000471594729296921,0.00041621916264609,0.000360852835434519,0.000296041215907254,0.000245416997741863,0.00019926798234476,0.000148847199424645,0.000115692075159065,8.79800456586276e-05,6.15380850706473e-05,4.4597796416666e-05,3.16195694265296e-05,2.03298062848196e-05,1.23441873064069e-05,8.21478261211716e-06,4.89167748598035e-06,0,0,0,0,0,0,0,0,0
0,0,0,0,9.09362261896719e-07,1.52712710896303e-06,2.29478294969425e-06,3.37160288137791e-06,5.57951866122219e-06,7.85797091635003e-06,1.08280689937307e-05,1.54586608062219e-05,2.03079144526784e-05,2.61080661380225e-05,3.4305468769294e-05,4.20669262060484e-05,5.04940859683494e-05,6.11230645420308e-05,7.0020338481706e-05,7.85392352082121e-05,8.76780875360433e-05,9.39182506437678e-05,9.85328661729759e-05,0.000101558945846811,0.000102361138287719,0.000100845287326912,9.66440953182056e-05,9.14903479186056e-05,8.52395212695237e-05,7.69122387220538e-05,6.98209980490737e-05,6.30524573531793e-05,5.58705437049206e-05,5.09884162879121e-05,5.35825174085122e-05,5.49008706994484e-05,5.88916428874438e-05,8.62033467789713e-05,0.000112239305203223,0.000143097878452342,0.000184089891497029,0.000249193446650369,0.000318165906596129,0.000403360105112007,0.000527154958745692,0.000647892930658201,0.000782948700959174,0.000970430789206531,0.00113099218552715,0.00131459145220947,0.00151862293759326,0.00168477085557802,0.0018758039767854,0.00206714510299901,0.00221654460090938,0.00236711354155547,0.00254447671944585,0.00271725670546203,0.00289841267959436,0.00315037507006112,0.00339497132522536,0.00367779836716164,0.00408586855054269,0.00444441078492845,0.00481719906118519,0.00526804765506737,0.0056274432189679,0.00595559917266006,0.00628777169296162,0.00649992269369812,0.00664514148100523,0.00672194183574744,0.00671431119470449,0.00664000527135709,0.00645694140931114,0.00626332588737011,0.00602227069098781,0.00568017433516678,0.00535817459633667,0.00501653453231046,0.00457249485898592,0.00418608485762189,0.00379152047894457,0.00331796351327696,0.0029323846807835,0.00255900303471493,0.00215080703712301,0.001837153486985,0.00157319585615426,0.00128740085605936,0.00111953862308023,0.000984380364072507,0.000867319138655477,0.000795395450220649,0.000742532335731001,0.000709032332716664,0.000688592712709787,0.000670348543757041,0.000646867800500702,0.000603397195351478,0.000586355399151178,0.000554170223176138,0.000526035850115024,0.000500692818828619,0.00046976470595635,0.000448360619852089,0.00043292555743563,0.000423654275110742,0.00042423299969267,0.000432314287496241,0.000451140651466684,0.000473317056893406,0.000500018653690803,0.000535825855527131,0.000566717617843429,0.000596513939922467,0.000622268104682608,0.000644839307300114,0.000659475100803521,0.000664870322487972,0.000658281344370054,0.00064131498092781,0.000607749930221232,0.000569900813341212,0.000524675011001166,0.000463383063473612,0.00040847037332903,0.000353558157473259,0.000289463773843304,0.000239545973138606,0.000194160015939826,0.000144909126061326,0.000112409636972992,8.53236207368667e-05,5.95529513447582e-05,4.30867236985252e-05,3.04995947294551e-05,1.95744078558447e-05,1.16166020815475e-05,7.7305907973262e-06,4.60335455509533e-06,0,0,0,0,0,0,0,0,0
0,0,0,0,7.61959605194338e-07,1.27958814411324e-06,1.92281116516612e-06,2.82508446634723e-06,4.66310788569731e-06,6.56570912491627e-06,9.04493149846212e-06,1.29083997221726e-05,1.69521904917697e-05,2.17863066812884e-05,2.86137114347492e-05,3.50729537391959e-05,4.20803412506924e-05,5.09089124833873e-05,5.82892475117224e-05,6.53448585501976e-05,7.28967593934014e-05,7.80357871178419e-05,8.18156093482956e-05,8.42571223865605e-05,8.48548554805139e-05,8.35314010819307e-05,7.99703228070463e-05,7.56382560099294e-05,7.0404703905975e-05,6.34521995458981e-05,5.75436162313044e-05,5.19117560187701e-05,4.59428018821549e-05,4.18884090050593e-05,4.46610736292331e-05,4.61635486480464e-05,4.99760910298688e-05,7.43503027020236e-05,9.77896676057341e-05,0.000125529327497763,0.000162361843298777,0.00022084533451094,0.000282820012326558,0.00035927941156009,0.000470287164643468,0.000578464658351933,0.000699366521446681,0.00086911380282603,0.00101356401853886,0.00117883463888317,0.00136320984058802,0.00151450343523512,0.0016894758148605,0.00186669474703697,0.00200724519353316,0.00215132425540896,0.0023236690577497,0.0024919973534875,0.00266988988364757,0.00291651846297653,0.00315426915393035,0.00342693969182691,0.00381556147294684,0.00415429104091348,0.00450378556496087,0.00492270223639966,0.00525370699676056,0.00555323981894544,0.00585287550442966,0.00604101837313112,0.00616628702607484,0.00622599239601871,0.00620974819422092,0.00613250436101441,0.00595492730123913,0.00576950337879269,0.00554156545309186,0.00522092231971768,0.00492091915163005,0.00460318353634364,0.00419198803759091,0.00383487790777745,0.00347068358682177,0.00303386606302931,0.00267828235841988,0.00233294394383822,0.0019566525592515,0.00166708933583596,0.00142232572723435,0.0011570936586293,0.00100018230857216,0.000873241841338147,0.000762088391706718,0.000692913141092497,0.000641962473651888,0.000608583880880712,0.000588310076846738,0.000570770145817046,0.000549272051590736,0.000510172360474703,0.000496634280293204,0.000470096636924426,0.000447289250596763,0.000427571599296427,0.000403738741475893,0.000388185420961702,0.00037831878022817,0.000375264188197836,0.000380606322371356,0.000393097114983299,0.000416816760818753,0.000442796716490608,0.000473085653704954,0.000512913929045861,0.000546887317691037,0.000579467804316937,0.000608983129653747,0.000633161182431834,0.000649083565960579,0.000655561622937161,0.000649512723039244,0.000632818520497052,0.000599345764328107,0.000561489515949573,0.000516275679738779,0.000455122587900644,0.00040056618263033,0.000346051418449625,0.000282641719171082,0.000233426901345966,0.000188816315175947,0.000140749864449548,0.000108940382304209,8.25143538193243e-05,5.74523665758526e-05,4.14871127609342e-05,2.9313576939762e-05,1.87741727817307e-05,1.0843711089238e-05,7.21624900008283e-06,4.29707813751091e-06,0,0,0,0,0,0,0,0,0
0,0,0,0,6.33299556185487e-07,1.06352436302767e-06,1.59813650123568e-06,2.34805720215036e-06,3.86611792606359e-06,5.44223389802135e-06,7.49527506815398e-06,1.0693151450741e-05,1.40385849363396e-05,1.80357422882198e-05,2.36773034187272e-05,2.90105616819379e-05,3.47916851893231e-05,4.20674846694375e-05,4.81418043767725e-05,5.39400849470785e-05,6.01323079230717e-05,6.43318499944045e-05,6.74039747301659e-05,6.93579540005887e-05,6.97950643589959e-05,6.86523432562793e-05,6.56597294148018e-05,6.20480245507008e-05,5.77012150894965e-05,5.19423172926531e-05,4.70576259535725e-05,4.24079041958371e-05,3.74852016314701e-05,3.41438226359343e-05,3.69957846850956e-05,3.8607406881099e-05,4.2206263249092e-05,6.37950927391586e-05,8.47455103295717e-05,0.00010950315877036,0.000142359692328871,0.000194513009971889,0.000249787057301283,0.00031789668259895,0.000416692951652582,0.000512884780516026,0.000620292623959438,0.00077326139482611,0.000902468202800284,0.0010504550843007,0.00121639015516966,0.00135382640443484,0.00151374416422332,0.00167797561189858,0.00181044985791717,0.00194868022648086,0.00211663520352565,0.00228097315857368,0.00245589887522604,0.00269742964967983,0.00292845345042469,0.00319100404060017,0.00356017320059258,0.00387905250671674,0.00420513933953951,0.00459190598523244,0.0048942211995538,0.00516472899880677,0.00543119131407026,0.00559467583189453,0.00569925087032819,0.00574088782605433,0.00571516988925444,0.00563412790577276,0.0054609302733029,0.00528298227627726,0.00506750891007927,0.0047676377550722,0.00448915233146707,0.00419506819470488,0.00381641419398685,0.00348844110220477,0.00315452355658118,0.00275443710849289,0.00242892031328216,0.00211175725538403,0.00176762751046127,0.00150247257246247,0.0012773884807987,0.0010333592734727,0.000888034855933755,0.000770001406486147,0.000665607591429513,0.00059989377445026,0.000551444805623386,0.000518815043583207,0.000499065896652296,0.000482413142182207,0.0004628686270617,0.000427920815183856,0.000417505666699689,0.000395958430345962,0.000377839368994923,0.000363030874964304,0.000345444529592447,0.000335051964962608,0.000330114305851243,0.000332589996657968,0.000342198152371275,0.000358666957129099,0.000386837804334657,0.00041630240018916,0.00044989087730263,0.00049341834243265,0.000530212315610539,0.000565314256420401,0.000598161709337126,0.000623708394808379,0.000640660261231168,0.000647899914464559,0.000642123272344861,0.000625442478777573,0.000591774247127908,0.000553697261975261,0.000508310241775725,0.000447114484822247,0.000392785901875447,0.000338584957718122,0.00027579185698021,0.000227246066758631,0.000183393279398514,0.000136490608953221,0.000105381282960584,7.96279943549782e-05,5.52909046941329e-05,3.98394206310672e-05,2.80908085454375e-05,1.79483766223501e-05,1.00405840896196e-05,6.68178581121318e-06,3.97881998370139e-06,0,0,0,0,0,0,0,0,0
0,0,0,0,5.22117961754485e-07,8.76812824636826e-07,1.31756885739271e-06,1.93583404329848e-06,3.17976031812083e-06,4.47502812478451e-06,6.16164196900084e-06,8.78759949416107e-06,1.1533369554641e-05,1.48123575135868e-05,1.94372867830101e-05,2.38062078248269e-05,2.85382359661441e-05,3.44874578947342e-05,3.94478899084393e-05,4.41758648400683e-05,4.9213898408234e-05,5.26192210576819e-05,5.50968654309333e-05,5.66480485537011e-05,5.69609299398612e-05,5.59848408953509e-05,5.34914386934051e-05,5.05048486449287e-05,4.69234058857988e-05,4.21908607093496e-05,3.8184223428169e-05,3.4375175731395e-05,3.03465978514731e-05,2.76138251571442e-05,3.04619575780501e-05,3.21194256789492e-05,3.54782409434178e-05,5.44563943806759e-05,7.30477957564354e-05,9.49858283434874e-05,0.00012408421555148,0.000170253366392236,0.000219186305147148,0.00027940741330751,0.000366678647726048,0.00045156863503072,0.000546264813514138,0.000683551452564906,0.000798508257002143,0.000930389576791313,0.00107923375676262,0.00120389766039626,0.00134987687964538,0.00150231890096392,0.0016276461323475,0.00176074588927031,0.00192504856631735,0.00208599980022771,0.0022584446585164,0.0024954458857877,0.00272024901932285,0.00297322610349657,0.00332375344641123,0.00362354795664733,0.00392702929505281,0.0042826406019243,0.0045570334867941,0.00479917950120671,0.00503303907570711,0.00517210123058953,0.00525596690829939,0.00527916863438814,0.00524338336899028,0.00515771526584172,0.0049875184279524,0.00481588726918541,0.00461160451277074,0.00433089489878155,0.004072566499752,0.00380093407705025,0.00345336030961195,0.00315340655176719,0.00284875306701258,0.00248435455257416,0.00218818634101125,0.00189862170339652,0.00158615157147127,0.00134515928970244,0.00113976519533934,0.000917070171322272,0.000783646923304138,0.00067487121450372,0.000577857180665521,0.000516159094663531,0.000470669758328765,0.000439308135657191,0.000420379809537528,0.000404757119138197,0.000387115663560737,0.000356076969507523,0.000348425974376041,0.000331249768333309,0.000317221159159874,0.000306657371438232,0.000294526892786815,0.000288654810013747,0.000288054591906398,0.000295428735816218,0.000308847652193848,0.000328901661696699,0.000361123582362557,0.000393785604299583,0.000430415234804991,0.000477353386079386,0.000516734017308366,0.000554121823877878,0.000589910777698051,0.000616613568201639,0.000634363867751801,0.000642074021901135,0.000636324422356208,0.000619417122089281,0.000585281525532634,0.000546776752628465,0.000501031387686243,0.000439602888477038,0.000385360986821589,0.000331371600968348,0.000269100389946304,0.000221165552465168,0.000178028546707056,0.000132239662369501,0.000101819686882673,7.67332596710266e-05,5.31184482107743e-05,3.81808338496603e-05,2.68583502384373e-05,1.71149231414488e-05,9.2219387204178e-06,6.13699549189269e-06,3.65441230726828e-06,0,0,0,0,0,0,0,0,0
0,0,0,0,4.26982719444843e-07,7.17048544067503e-07,1.07749431162055e-06,1.5831052458413e-06,2.59437118854087e-06,3.65036280619354e-06,5.02493599504616e-06,7.16414724449377e-06,9.39989139347387e-06,1.20684751339207e-05,1.58300607459779e-05,1.93808437969814e-05,2.32237440277076e-05,2.80501796354159e-05,3.20693780914788e-05,3.58946334055153e-05,3.99618573843322e-05,4.27018490721424e-05,4.46846206714347e-05,4.59061064203481e-05,4.6124499298611e-05,4.52994588993387e-05,4.32396926363741e-05,4.07901424808277e-05,3.78629097697952e-05,3.40045324959306e-05,3.07438491391776e-05,2.76477398095268e-05,2.43763052271271e-05,2.21583451033065e-05,2.49352404483761e-05,2.65866006136971e-05,2.96876124370217e-05,4.62458472990338e-05,6.26253755581731e-05,8.19256080405056e-05,0.000107509763614277,0.000148083399399022,0.000191082411187653,0.000243933872186,0.000320449723883433,0.000394802990544743,0.000477660546030703,0.00060045690169106,0.000702243589891294,0.000819286146799852,0.000952470744825651,0.00106549466425956,0.00119871674043282,0.001340585473428,0.00145961222621355,0.00158824123996055,0.00174951982561763,0.0019075814463677,0.00207789994043664,0.00231076581250323,0.00252970190091415,0.0027735031754028,0.00310605754513948,0.00338741132384811,0.00366898259010746,0.00399432925912435,0.00424150889578816,0.00445588010555048,0.00465768634559491,0.00477257511494428,0.00483575704209269,0.00484023577094833,0.0047938846199836,0.00470286811429335,0.00453441181319267,0.00436802276500129,0.00417370460144301,0.00391053502638366,0.00367092385104001,0.00342038590329845,0.00310216065114524,0.00282882099540145,0.0025520937971543,0.00222192951251608,0.00195406198361977,0.00169123444361921,0.00140964494019576,0.00119240453297134,0.00100663446002032,0.000805387906707077,0.000684267806446133,0.000585280293877989,0.000496460035560216,0.000439519550177307,0.000397644462571267,0.000368313330353876,0.00035069327542298,0.000336420201714734,0.00032082194070071,0.000293568566718577,0.000288454010930508,0.000275167211036609,0.000264732885232062,0.000257845991467573,0.00025047689145755,0.000248585493019592,0.000251781940937871,0.000263478633810396,0.000280294545798309,0.000303577558790859,0.000339488344619352,0.000375088045532615,0.000414525271626262,0.000464613612875509,0.000506370209053671,0.00054583247771384,0.000584210197798061,0.000611881927512442,0.000630227203065049,0.000638151189403426,0.000632211506789417,0.000614863646199999,0.000580014766494684,0.00054089112159076,0.000494612185463851,0.000432764439608913,0.000378465349766603,0.000324575955665293,0.00026271550428976,0.00021531692269998,0.000172835736595588,0.0001280883111538,9.8330063441629e-05,7.3889324653163e-05,5.09784044253397e-05,3.65439598055751e-05,2.56400923877305e-05,1.62897331183075e-05,8.40171027110938e-06,5.59115166790555e-06,3.32937729773305e-06,0,0,0,0,0,0,0,0,0
0,0,0,0,3.46365142149263e-07,5.81664338118362e-07,8.74055209762847e-07,1.28420296312226e-06,2.09984431690461e-06,2.9539063114161e-06,4.06526103117439e-06,5.79411332550532e-06,7.60014089956407e-06,9.75476909490317e-06,1.27900214274246e-05,1.56531462423951e-05,1.87494630712919e-05,2.26343421351357e-05,2.58654784580247e-05,2.89362884878538e-05,3.21943254832306e-05,3.43819564442884e-05,3.59564498323056e-05,3.69105543509319e-05,3.70583735688718e-05,3.63681344222376e-05,3.46810448913127e-05,3.26883284987965e-05,3.03149509314339e-05,2.7194147358671e-05,2.45613373023077e-05,2.20643133883164e-05,1.94282338836551e-05,1.76418658743366e-05,2.02949881627131e-05,2.18990149756984e-05,2.47323488849622e-05,3.90713060057788e-05,5.33983620876263e-05,7.02561296156576e-05,9.25880469298795e-05,0.000127984391966012,0.000165490013700211,0.000211530306551181,0.000278060415739268,0.000342665983871234,0.000414573711604412,0.000524047024100785,0.000613701487903178,0.000717096874236024,0.000835893423719805,0.000938211718044981,0.00105962805803627,0.00119175102517386,0.00130493461582969,0.00142931888906115,0.00158763495392366,0.00174283064662385,0.00191092206158662,0.00213957334958216,0.00235269735988302,0.00258754294808736,0.00290278765693006,0.00316649364799613,0.00342715140735423,0.00372367015921205,0.00394493349977485,0.00413289753261883,0.00430415271176435,0.00439595755487564,0.00443933790012992,0.00442582431957043,0.00436924575917542,0.00427297416484066,0.00410594837598584,0.00394450186793138,0.0037596838941156,0.00351332872841735,0.00329171979110989,0.00306159987718094,0.00277174310400863,0.0025241474841787,0.00227447085861032,0.0019773880585392,0.00173684590412747,0.00149979644493522,0.0012479340387851,0.00105351681624482,0.000886636664206862,0.000705963895658198,0.000596651470760083,0.000507038080803524,0.000426083195477396,0.000373725209210508,0.000335269205546468,0.000307835569515282,0.00029137882394382,0.00027825136726442,0.000264348559574832,0.000240438483409133,0.000237421568420133,0.000227381611787135,0.000219971291985207,0.000216165067440506,0.000212859167538986,0.000214359210528332,0.000220862368487322,0.000236359868938343,0.000256197525275533,0.000282385722198278,0.000321654696836393,0.000359953732379783,0.000401983467519116,0.000454982036781952,0.000498921496574448,0.000540266295026628,0.000580914868340521,0.000609391814329218,0.000628156166532788,0.000636074265396377,0.000629759658553315,0.000611789000762407,0.000576016036727584,0.000536107333319987,0.000489139274535361,0.000426701571738066,0.000372208921272468,0.000318308474123231,0.000256742178613513,0.000209796716196338,0.000167900637996925,0.000124107758623967,9.49715577073138e-05,7.1143916967238e-05,4.89063375255797e-05,3.49558151127869e-05,2.44560241835725e-05,1.54862645542494e-05,7.59268503824148e-06,5.05276333574877e-06,3.0087818288717e-06,0,0,0,0,0,0,0,0,0
0,0,0,0,2.78702120423884e-07,4.68035216831034e-07,7.03307032621286e-07,1.03333172228564e-06,1.68600240524558e-06,2.37124588610926e-06,3.26263761983246e-06,4.64875073724827e-06,6.096086143936e-06,7.82197338041726e-06,1.02517962434037e-05,1.25422445064533e-05,1.50174083787615e-05,1.81199018547915e-05,2.06972006153417e-05,2.31431678541644e-05,2.57327702210728e-05,2.74659028695141e-05,2.87065382472111e-05,2.94457786850913e-05,2.95419377415467e-05,2.89702605288771e-05,2.76001272242112e-05,2.59922454316119e-05,2.40833359028094e-05,2.15790877493015e-05,1.94699284218742e-05,1.74717614130978e-05,1.5364065124838e-05,1.39363236411878e-05,1.6426824970748e-05,1.79521742748248e-05,2.05149902171146e-05,3.28395698643177e-05,4.52811250606634e-05,5.98997281951373e-05,7.92519597402608e-05,0.000109906534187074,0.00014237920672342,0.000182189581486884,0.000239662115836141,0.00029540788813418,0.000357386382731934,0.000454893458921986,0.000533674838154876,0.000624896675054673,0.000731004690485236,0.000823994973995431,0.000935111053520506,0.00105907540538733,0.00116759954235027,0.00128876764621792,0.00144520457736185,0.00159843097981831,0.00176504355638913,0.00199033498974456,0.00219836300455531,0.00242499542034304,0.00272401461199177,0.00297100139732711,0.00321169140681303,0.00348052749847933,0.00367676702966317,0.00383911153760335,0.00398055346468944,0.0040496686621193,0.00407341128841966,0.00404176860800119,0.00397459660753329,0.00387247518919055,0.00370576433458451,0.00354829470224998,0.00337184434780237,0.00314076356480127,0.00293574925693783,0.00272465705490302,0.00246133961505356,0.00223792735688758,0.00201368431566643,0.00174786432832173,0.00153319741917295,0.00132059855043679,0.00109700106555178,0.000924343317957493,0.000775603034963235,0.000614731054969137,0.000516926777642782,0.000436530669433957,0.000363467888206933,0.000315828306631002,0.000280908255703695,0.000255597493431629,0.000240432267788573,0.000228492523977784,0.000216196395471245,0.000195358915990089,0.000194165493153385,0.000186901282479187,0.000182066898197258,0.000180855978984178,0.000181023307798468,0.000185439904218132,0.000194808421820942,0.000213634970053584,0.000236152903399562,0.000264949098335244,0.00030726913843817,0.000348043309520338,0.000392461445450628,0.000448141979522846,0.000494081967940001,0.000537130866953953,0.000579762142880705,0.000608900839372826,0.000627934543836704,0.000635664862913152,0.000628825646638077,0.000610086504114969,0.000573221650130116,0.000532394679996368,0.000484610719275844,0.000421439869108625,0.000366634776335882,0.000312622566779175,0.000251239455322263,0.000204663953688291,0.000163279010879816,0.00012034725023905,9.17864582727579e-05,6.85320976169902e-05,4.69290725988822e-05,3.34371517456457e-05,2.33217393993122e-05,1.47151829423934e-05,6.80620903418398e-06,4.52938101477365e-06,2.69712202763755e-06,0,0,0,0,0,0,0,0,0
0,0,0,0,2.2244803921721e-07,3.7356556925479e-07,5.61349408236766e-07,8.24760913672919e-07,1.34290185659449e-06,1.88831502610084e-06,2.59758907641829e-06,3.70007838071817e-06,4.85075891892405e-06,6.22226958736758e-06,8.15205218122448e-06,9.96992141762249e-06,1.19329770431434e-05,1.43912176312283e-05,1.64309146464349e-05,1.83640014271359e-05,2.0406338879951e-05,2.17687916698318e-05,2.27388174601112e-05,2.33069605033795e-05,2.3366160314441e-05,2.28973403652481e-05,2.17940209344951e-05,2.05072145632202e-05,1.89841741623129e-05,1.69905884849621e-05,1.53141990450476e-05,1.37277004108963e-05,1.20555232050804e-05,1.09231642726597e-05,1.32244606713357e-05,1.464865940785e-05,1.6944198555971e-05,2.74586025556611e-05,3.81848980022728e-05,5.07705353456506e-05,6.74193446601929e-05,9.37737990273199e-05,0.000121681623955468,0.000155850862486258,0.000205130004393207,0.000252871713078625,0.000305890758136516,0.000392668693107496,0.000461704055490961,0.000542043709809227,0.000636866546426194,0.00072158614506379,0.000823532463886381,0.000940362792244301,0.00104486989065406,0.0011632602038807,0.00131814251693463,0.00146965538859791,0.0016349207636977,0.00185704679561966,0.00206025062408621,0.00227910220598649,0.00256282731705359,0.00279407649934344,0.00301597403803512,0.00325876655201914,0.00343144747936804,0.00356964734572429,0.00368294008094696,0.00373057248595659,0.00373565213590869,0.00368666609008767,0.00360923811557767,0.00350129256578522,0.00333440551936666,0.00318035372844505,0.00301144858893249,0.00279435469206752,0.00260464773248133,0.00241122992363675,0.002172594397392,0.00197172514631379,0.00177123012830063,0.00153464787025215,0.00134421815104756,0.00115455646238489,0.000957520580317953,0.000805355206925918,0.000673809098895457,0.000531733276666686,0.000444971471349762,0.000373483866358009,0.00030817405646429,0.000265266064810986,0.000233898684975241,0.00021084302757097,0.000197042874997199,0.000186299511365456,0.000175508420666687,0.000157470460440921,0.000157851563929125,0.000152941089546808,0.000150283570877431,0.000151239836595808,0.000154354554471808,0.000161263046915961,0.000173100285970811,0.000194828237365371,0.000219712917612962,0.000250839933250005,0.000295918690475179,0.000338950160384471,0.000385555605179611,0.00044369212381452,0.000491453681932068,0.000536035102563352,0.000580384287591565,0.000610057451803443,0.00062923450646782,0.000636632396856513,0.000629155606356757,0.000609542244930607,0.000571467022839627,0.000529628444103675,0.000480938607709246,0.000416929594125506,0.000361719925840393,0.000307514863626135,0.00024622026399903,0.000199939739069091,0.000158996069842566,0.000116833450216847,8.87996256988582e-05,6.60757633520235e-05,4.50642976693027e-05,3.20021401846601e-05,2.22481926400872e-05,1.39841906774173e-05,6.05197877508154e-06,4.02745752121231e-06,2.39824036891696e-06,0,0,0,0,0,0,0,0,0
0,0,0,0,1.76116118681668e-07,2.95758588665372e-07,4.44430435758418e-07,6.52978068350547e-07,1.00580504811043e-06,1.4064070542312e-06,1.92281116516612e-06,2.71661946542452e-06,3.53473475908708e-06,4.49689996964123e-06,5.8275010012554e-06,7.05571737785451e-06,8.35272859847921e-06,9.92829005910712e-06,1.11857233439308e-05,1.23220244117666e-05,1.34339927039789e-05,1.40839839787627e-05,1.44369120514452e-05,1.44369120514452e-05,1.4172343547844e-05,1.35704026282963e-05,1.25450004918902e-05,1.15133302726485e-05,1.03989164253961e-05,9.05833988604886e-06,8.02041480163688e-06,7.11707150835657e-06,6.27031879392327e-06,5.79088340972439e-06,8.29661980614966e-06,1.00704982369863e-05,1.24590060891641e-05,2.16732559854071e-05,3.11675174427989e-05,4.2136691782402e-05,5.65259468128584e-05,7.91732804022838e-05,0.000103076167640075,0.000132257060418255,0.000174255451069509,0.000214869970432287,0.000259945247692388,0.000337184938147231,0.00039756413318638,0.000468262376382768,0.00055313133877589,0.000630566793359319,0.000724403510272309,0.000835016095534075,0.00093605140910294,0.00105200604912189,0.00120553527526204,0.00135548718206794,0.00151944082868024,0.00173849404072959,0.00193707767796157,0.00214853866809557,0.00241789561306651,0.00263441322187674,0.00283875487923238,0.00305715595500087,0.00320782835404938,0.00332345111769796,0.00341036088831578,0.00343777560165488,0.00342518147652777,0.00335956922591367,0.00327208059808502,0.00315810113509787,0.0029901397915611,0.00283849317590342,0.00267577277040226,0.00247064910569268,0.00229431782378479,0.00211656786571898,0.00190003595164108,0.00171955613719557,0.00154072401159372,0.00133105832565653,0.0011631493457872,0.000994997989874484,0.000823098785144301,0.000690521418200143,0.000575676713815994,0.000452007345201047,0.0003763697368767,0.000314023430209256,0.000256932750156832,0.00021921846260488,0.000191818193883325,0.000171549015176911,0.000159460356879571,0.000150147674000713,0.0001409798799333,0.000125609571871212,0.000127441081899661,0.000124592948519432,0.000123805773990398,0.000126637960436022,0.000132234024115716,0.000141255656183539,0.000155204704924314,0.000179443703849439,0.000206403193260253,0.000239596989397639,0.000287148084386493,0.000332217722097376,0.000380804623022492,0.000441164206881291,0.000490564417212098,0.000536506873710854,0.000582325450899867,0.000612417424178563,0.000631632337984508,0.000638588577172377,0.000630398285507782,0.000609846938747098,0.000570496758555444,0.000527598493039645,0.000477956202625329,0.000413051235410741,0.000357379656059254,0.000302928533607543,0.000241653732906588,0.000195608907639682,0.000155047616608864,0.000113571052351867,8.60188699908842e-05,6.37838633664032e-05,4.33206594663e-05,3.06584070271632e-05,2.1241704653855e-05,1.32980149655293e-05,5.33791586228511e-06,3.55226450490468e-06,2.11527597544191e-06,0,0,0,0,0,0,0,0,0
0,0,0,0,1.383094467734e-07,2.32268386806364e-07,3.49024996457671e-07,5.12803916329597e-07,7.89889879514627e-07,1.10449505170234e-06,1.51004320612208e-06,2.13344546864481e-06,2.77593676649047e-06,3.53155492894211e-06,4.57651716145256e-06,5.54107355093614e-06,6.55965666375015e-06,7.79699391378812e-06,8.78449524688744e-06,9.6768676954562e-06,1.05501308611261e-05,1.10605891558912e-05,1.13377545104818e-05,1.13377545104818e-05,1.11284978793691e-05,1.06549686724286e-05,9.84823590293784e-06,9.03627746541867e-06,8.15869368328731e-06,7.10195403243024e-06,6.28249150116699e-06,5.56761623405545e-06,4.8945154979097e-06,4.50989921599419e-06,6.70384561248328e-06,8.24025352322969e-06,1.02963783816299e-05,1.80149228568654e-05,2.60530219566254e-05,3.53414128108335e-05,4.75262316764969e-05,6.66995251580806e-05,8.69321293817877e-05,0.000111603789423669,0.000147077641455889,0.000181341661391631,0.000219320680465897,0.000288144170543701,0.000340899855963722,0.000402917234961651,0.000478931013768916,0.000549812617932572,0.000636274712667426,0.000741069343053232,0.000838630441451186,0.0009518259142327,0.00110322094784754,0.00125078617023393,0.0014123523157658,0.00162693740702847,0.00181977384201388,0.00202287413568778,0.00227720064814122,0.00247877737813392,0.00266576256275766,0.0028607471731935,0.00299065600517571,0.00308535802404215,0.00314831627729996,0.0031578047445143,0.00312996426821385,0.00305065938105128,0.00295550415166122,0.00283772911529018,0.0026709691450649,0.00252344972101696,0.00236829490979532,0.00217630894575112,0.00201389299526609,0.00185201661296924,0.00165724537732119,0.00149643774271035,0.00133818527992664,0.00115371197496202,0.00100660108319179,0.000858105686998674,0.00070903574122242,0.000593892195327515,0.00049379853071326,0.000386237746451742,0.000320179157639951,0.000265618997098585,0.000215434470514507,0.000182047508102869,0.000157876582799591,0.00013977804706095,0.000128987544378599,0.000120745684854844,0.000112799036214498,9.96599946955284e-05,0.000102613332856165,0.000101394636967048,0.000102111797279665,0.000106390795590896,0.000114056463901992,0.000124853273888695,0.00014059142253993,0.000166981292068031,0.000195738972792286,0.000230742106393825,0.0002804769996495,0.000327357445790955,0.000377708198374898,0.000440042678857077,0.000490887968689569,0.000538013758842044,0.000585062385590066,0.000615464490616624,0.000634628634436671,0.000641066633525442,0.000632123117960083,0.00061061259638938,0.000569979385567976,0.000526022286372387,0.000475429187366166,0.000409624692719073,0.000353475091363799,0.000298759392635939,0.000237469778966363,0.000191623554948391,0.000151402691800477,0.000110544535113744,8.34362097222e-05,6.16532808565493e-05,4.16983197876432e-05,2.9407403866499e-05,2.03042008087738e-05,1.26585444137201e-05,4.67012243568396e-06,3.10786280447989e-06,1.85064696511451e-06,0,0,0,0,0,0,0,0,0
0,0,0,0,1.0774243769605e-07,1.80936029881219e-07,2.71888904282978e-07,3.99471947103891e-07,6.15320667645911e-07,8.60396683449978e-07,1.17631687386116e-06,1.66194443579823e-06,2.16244227049641e-06,2.75106542451229e-06,3.56508630925663e-06,4.3164714034977e-06,5.10994307250388e-06,6.07382323167792e-06,6.84308233391794e-06,7.53823646246502e-06,8.21850454548033e-06,8.61614926392288e-06,8.83205983001318e-06,8.83205983001318e-06,8.61614926392288e-06,8.21850454548034e-06,7.53823646246502e-06,6.84308233391794e-06,6.07382323167792e-06,5.10994307250388e-06,4.3164714034977e-06,3.56508630925663e-06,2.75106542451229e-06,2.16244227049641e-06,3.74521586249547e-06,4.63725421233179e-06,6.01448093772702e-06,1.20476047870354e-05,1.8359933713365e-05,2.58358269141016e-05,3.58011702697556e-05,5.16772673577789e-05,6.85740589710518e-05,8.9270583459709e-05,0.000119125490239313,0.000148008542167725,0.0001800362036226,0.000241874678537792,0.000288336940646621,0.000343396633594501,0.000412308908771962,0.000478008043986065,0.000558580658693468,0.000659046257271709,0.000754244361792858,0.000865704807119422,0.00101614639798825,0.00116244358806376,0.00132278293803104,0.00153453200406738,0.00172323790527609,0.00191986320597843,0.00216193925480465,0.00235102047786943,0.00252320245393253,0.00269783787203786,0.00280939015674761,0.00288530478538142,0.00292635034773898,0.00291907689455195,0.00287661554700544,0.00278362381762456,0.0026802597563641,0.00255768191912432,0.0023903004050228,0.00224518027499542,0.00209562665040666,0.00191420523122733,0.00176344370428428,0.00161518198844678,0.00143938396317752,0.0012959356781762,0.0011559878435948,0.000994067658704525,0.000865668661966091,0.000734943330395793,0.000606377576465049,0.000507129248645467,0.00042055738227821,0.000327761984418542,0.000270554653801099,0.000223223918600291,0.000179518290078689,0.000150246106286892,0.000129141781668423,0.000113168053380347,0.000103647234159129,9.64289617421444e-05,8.95970469206268e-05,7.84438519980355e-05,8.23418686036559e-05,8.24692818987842e-05,8.44239013609963e-05,8.98726661549157e-05,9.92444086096735e-05,0.000111513832369339,0.000128747001997302,0.000156950941255909,0.000187239808544722,0.000223795720708906,0.000275416861318354,0.000323866825136211,0.000375746383010179,0.000439785563658986,0.000491866155002606,0.000539985986774479,0.000588027965664279,0.000618634150974651,0.000637671979893812,0.000643544282376956,0.000633842163661038,0.000611393087971154,0.000569525901509282,0.000524561524136069,0.000473070314419902,0.000406421507268737,0.000349823471730684,0.000294864372509769,0.000233565637678338,0.000187908173759525,0.00014800753112488,0.000107720906704195,8.10298961154284e-05,5.9670293055668e-05,4.01899139041769e-05,2.82450660704239e-05,1.94336541214061e-05,1.20650964191171e-05,4.05291059659742e-06,2.69712202763755e-06,1.60606211052686e-06,0,0,0,0,0,0,0,0,0
0,0,0,0,8.32537807901062e-08,1.39811284122406e-07,2.10091582485767e-07,3.08676419683454e-07,4.75465128460637e-07,6.64838093589051e-07,9.08953140937985e-07,1.28420296312226e-06,1.67094321057643e-06,2.12577887310957e-06,2.75478187087224e-06,3.33538549617144e-06,3.94850988621875e-06,4.69331081327954e-06,5.28772588349873e-06,5.82487921575082e-06,6.35052993493757e-06,6.6577944346972e-06,6.82463093221788e-06,6.82463093221788e-06,6.6577944346972e-06,6.35052993493757e-06,5.82487921575082e-06,5.28772588349873e-06,4.69331081327954e-06,3.94850988621874e-06,3.33538549617144e-06,2.75478187087224e-06,2.12577887310957e-06,1.67094321057643e-06,3.06790225119645e-06,3.87221149872499e-06,5.077770703913e-06,1.00870273300383e-05,1.53927722808164e-05,2.166062340327e-05,3.00010916188027e-05,4.32667837171623e-05,5.73685052115095e-05,7.46116247663177e-05,9.94489118457237e-05,0.000123441426295044,0.000150007154519132,0.000205308944075855,0.000245896048960578,0.000294486577236892,0.000356721886035084,0.000417476598163174,0.000492487877231861,0.000588695532918057,0.000681418602946354,0.000790888438900665,0.000939903967635386,0.0010845500067203,0.00124321097123353,0.00145167985886177,0.00163605547123982,0.00182624992533005,0.00205662533230137,0.00223402721379207,0.0023925406097188,0.00254858785724356,0.00264351482546492,0.00270252579357798,0.00272398548008514,0.00270182848458611,0.00264647116453047,0.00254152980477605,0.0024311032340914,0.00230452895759376,0.00213692882210426,0.00199426381017312,0.00185001102060344,0.00167835853053158,0.00153826037754951,0.00140241461624871,0.00124382629739854,0.00111608381830764,0.000992671804750916,0.000851104632947195,0.000739584321432844,0.000624923818120868,0.000514849983376003,0.000429942749850169,0.000355631240754599,0.000276214985086306,0.000227084630785409,0.000186377499274084,0.00014865920913241,0.000123234416158397,0.000104990422303133,9.10476158205604e-05,8.27395605945933e-05,7.64814619718076e-05,7.06556006759387e-05,6.12546587424881e-05,6.59369497751941e-05,6.71638144970809e-05,7.01237349593319e-05,7.65025881892739e-05,8.72588806876177e-05,0.000100728475471675,0.000119186009784897,0.000148884581618238,0.000180442497157713,0.000218291017111466,0.000271486737401468,0.000321246919121156,0.000374398805061346,0.000439845701533448,0.000492931613550873,0.000541840565430833,0.000590636389562395,0.000621339480522798,0.000640184905810306,0.00064546923887411,0.000635034738083248,0.000611707468487246,0.000568711069551323,0.000522841462297432,0.00047055657685941,0.000403179378919601,0.000346210488847778,0.000291071795410715,0.000229813890597378,0.000184366041321264,0.000144790542467589,0.000105053233717971,7.87670456065863e-05,5.78124935827833e-05,3.87818320022664e-05,2.71627054825711e-05,1.86246940084549e-05,1.15147910184501e-05,3.48889577334692e-06,2.32178268386319e-06,1.38255783728713e-06,0,0,0,0,0,0,0,0,0
0,0,0,0,6.38121456374481e-08,1.07162196593453e-07,1.6103046049744e-07,2.36593515162346e-07,3.64433299423968e-07,5.0958340691321e-07,6.96692086013271e-07,9.84312612989924e-07,1.28074029183164e-06,1.62936157080807e-06,2.11147818483688e-06,2.55649777125818e-06,3.02644379052918e-06,3.59731690616981e-06,4.05292265367994e-06,4.46463857026669e-06,4.867537993318e-06,5.10304930369694e-06,5.23092571695284e-06,5.23092571695284e-06,5.10304930369694e-06,4.867537993318e-06,4.46463857026669e-06,4.05292265367994e-06,3.59731690616981e-06,3.02644379052918e-06,2.55649777125819e-06,2.11147818483688e-06,1.62936157080807e-06,1.28074029183164e-06,2.49919750840822e-06,3.21336928460103e-06,4.25746008129157e-06,8.38523496644629e-06,1.28111217842886e-05,1.80269310216371e-05,2.49557621544341e-05,3.59585262598796e-05,4.76407264852819e-05,6.19011699866852e-05,8.24123446522159e-05,0.000102195864649169,0.000124068881779414,0.000173692089939668,0.000209214002512065,0.000252221804814307,0.000308676265859009,0.000365090451725163,0.000435183875573487,0.00052752313343097,0.000617868968871445,0.000725256919682357,0.00087250634387984,0.00101517558423917,0.00117173445295129,0.00137647474530483,0.00155629279859837,0.00174006036603378,0.00195926255176464,0.00212573050925696,0.00227165231909038,0.00241082451569841,0.00249083944197964,0.00253483532636693,0.00253907354630387,0.00250396868766894,0.00243751904463941,0.002322483228462,0.00220625340776405,0.00207661029553289,0.00190935473555717,0.0017693215392532,0.00163018778790041,0.00146764458091023,0.00133732535959646,0.00121278808289945,0.00106975194669699,0.000956141405305514,0.000847568107269523,0.00072422888063287,0.000627806706755777,0.000527555283724391,0.000433995468585501,0.000361896665706453,0.000298532932536662,0.000231070490429719,0.00018917878861837,0.000154401843150773,0.000122034137812354,0.000100031911396872,8.42579381364775e-05,7.19785726856665e-05,6.45598816148846e-05,5.88984854439358e-05,5.3571112244695e-05,4.53343417273989e-05,5.02658617899167e-05,5.19051838444186e-05,5.52912047075776e-05,6.20514725871074e-05,7.35729727034714e-05,8.78004092121848e-05,0.000107124567524352,0.000138010834455768,0.000170682998207173,0.000209752512584513,0.000264527884238433,0.000315659991755313,0.000370181856501812,0.000437183390970497,0.000491411740383212,0.000541255646117715,0.000590958550691905,0.000621936273109186,0.00064077507820923,0.000645708560579645,0.000634751096465095,0.000610762762519693,0.000566900189633569,0.000520338329608973,0.000467459082731853,0.00039956521168935,0.000342403921605734,0.000287192809548505,0.000226071475321277,0.00018088643931432,0.000141667972268577,0.000102484710350625,7.66066963821431e-05,5.6051039979906e-05,3.74557302780511e-05,2.61480708088426e-05,1.78693347669933e-05,1.10030023275011e-05,2.9791418487516e-06,1.98255276355481e-06,1.18055573423747e-06,0,0,0,0,0,0,0,0,0
0,0,0,0,0,0,0,0,0,0,0,0,0,0,0,0,0,0,0,0,0,0,0,0,0,0,0,0,0,0,0,0,0,0,1.27620325048716e-06,2.12015555173765e-06,3.15737017956467e-06,6.64353401291973e-06,1.04047094816947e-05,1.47701165939943e-05,2.0524536061202e-05,2.96160327583906e-05,3.92709663100891e-05,5.09780502116652e-05,6.77922225859372e-05,8.39852510587737e-05,0.000101862003198509,0.000146555977252096,0.000177728289626015,0.000215930999798787,0.000267372521006141,0.000319946222590074,0.000385651154617885,0.000474387293943286,0.000562357571526858,0.000667486802901853,0.000812532294938697,0.000952814025294659,0.00110676978621058,0.00130724026219379,0.00148219472319112,0.00165946065464039,0.00186791299775255,0.00202411017062868,0.00215844202084937,0.00228237510607141,0.0023491430177903,0.00237998271788078,0.00236935637837477,0.00232325779801949,0.00224755991706688,0.00212436003978724,0.00200366673186397,0.00187197576598982,0.00170576172381059,0.00156864231225012,0.00143455475826622,0.00128059357666205,0.00115927888845287,0.00104504378770423,0.00091602622434422,0.000815073359736741,0.000719737094391073,0.000612608118972463,0.000529585349802618,0.000442165262989711,0.000363213160358629,0.000302442103570504,0.000248862422557035,0.000192039422805009,0.000156652002372353,0.000127248143790875,9.98146111973482e-05,8.10585818219404e-05,6.7696057465227e-05,5.72237732207062e-05,5.09082902636576e-05,4.61217153604276e-05,4.16848782566212e-05,3.48678289567342e-05,4.04004729328632e-05,4.28557166025545e-05,4.69623872308802e-05,5.43484037416482e-05,6.67956986237001e-05,8.1797727682033e-05,0.000101883812365105,0.000133659847835243,0.000167052933313677,0.000206825891818321,0.000262418798890255,0.000314198567381846,0.000369317471920682,0.000436929909231981,0.000491541386331277,0.000541619859187659,0.000591477466916939,0.000622253390252432,0.000640723666319423,0.000645025456510863,0.000633430621535964,0.000608760615292098,0.000564104324753346,0.000516966915340311,0.000463639067426756,0.00039541594960931,0.000338167759239263,0.000283033295687492,0.000222189125264688,0.000177352257684234,0.000138549904359089,9.9953005482677e-05,7.45030893950019e-05,5.43530781044837e-05,3.61901706086879e-05,2.51865039634109e-05,1.71577739549476e-05,1.052385627737e-05,2.52334471371117e-06,1.67922988885738e-06,9.99935290922068e-07,0,0,0,0,0,0,0,0,0
0,0,0,0,0,0,0,0,0,0,0,0,0,0,0,0,0,0,0,0,0,0,0,0,0,0,0,0,0,0,0,0,0,0,1.06645435533575e-06,1.77169986150466e-06,2.6384442902168e-06,5.46176054118965e-06,8.54533271378763e-06,1.21202172475298e-05,1.68274547698796e-05,2.42551288126946e-05,3.21329039291005e-05,4.16732077531134e-05,5.53555116661197e-05,6.85123170357697e-05,8.30155078496957e-05,0.000123424059537946,0.000150869986584559,0.000184939394929461,0.000232013800206794,0.000281150466461202,0.000342889321236091,0.000428075683619743,0.000513534145962789,0.000616076943869112,0.000758262884317708,0.000895514295521755,0.0010460871879752,0.0012413244356806,0.00141067125010143,0.00158083743938225,0.00177820870576735,0.00192408310119622,0.00204704751908925,0.0021563910531101,0.00221075061313911,0.00222950401671576,0.00220553097894528,0.0021498305203319,0.00206632764988473,0.00193666222846216,0.001812872942912,0.00168038413307429,0.00151643828499871,0.00138311868358511,0.00125473168346717,0.00110980520756701,0.000997580220306682,0.000893123512578812,0.000777330172777106,0.000688015117996788,0.00060457587999525,0.000511644384917801,0.000440028888128244,0.000363272279220035,0.00029588797713531,0.000243669329720234,0.000197028182341262,0.000147202003646372,0.000115386353171059,8.85300848945103e-05,6.27258588156549e-05,4.47307668139484e-05,3.16301242295315e-05,2.10239289574746e-05,1.47552396160782e-05,1.03445559039882e-05,6.95074255613814e-06,2.18549456720983e-06,9.51264091156809e-06,1.47363105904185e-05,2.14926660484754e-05,3.15970025468478e-05,4.75034977613289e-05,6.53078019779222e-05,8.80219528035092e-05,0.000122633634344566,0.000158085401358344,0.000199629802309522,0.0002569788288631,0.000309931350685223,0.000365976400601243,0.000434394932932309,0.00048943721754387,0.000539738469571294,0.000589947735522988,0.000620413976671668,0.000638474347953175,0.000642186056294697,0.000630060506334267,0.000604871441709296,0.000559671835309109,0.000512195369951692,0.000458663699440375,0.000390395650168645,0.000333276000408433,0.000278405553400369,0.00021802068502386,0.000173647531921969,0.00013534623281952,9.73946229311694e-05,7.24089727602915e-05,5.26841938087396e-05,3.4962286849751e-05,2.42621200074162e-05,1.64792103841906e-05,1.0070743055732e-05,2.12004070469695e-06,1.41084002418579e-06,8.40116495894828e-07,0,0,0,0,0,0,0,0,0
0,0,0,0,0,0,0,0,0,0,0,0,0,0,0,0,0,0,0,0,0,0,0,0,0,0,0,0,0,0,0,0,0,0,8.8398910547245e-07,1.46857047177053e-06,2.18701906582148e-06,4.45669132258729e-06,6.96599918110053e-06,9.87186867108549e-06,1.3694071225846e-05,1.97177132974097e-05,2.60981642067875e-05,3.38155866210819e-05,4.48676017928491e-05,5.54789695937304e-05,6.71587624022202e-05,0.000103826461869746,0.000128081412932123,0.000158589406347623,0.000201829859077714,0.000247846168504628,0.000305944849499208,0.000387766533322294,0.000470632634061665,0.000570384440242733,0.000709310433530319,0.00084320587887351,0.000990062085626607,0.00117982729867504,0.00134360388436351,0.00150702780608485,0.0016943540052363,0.00183117816356317,0.0019444613992657,0.00204174371694324,0.00208613260568431,0.00209542241732838,0.00206131017199341,0.00199856832531941,0.0019095770170118,0.00177572513571529,0.0016502609608367,0.00151788246963853,0.00135654227418617,0.0012268081310933,0.00110343389086781,0.000966179224061329,0.0008615436636388,0.000765599462609811,0.000661016737945802,0.000581673840489167,0.00050857954135181,0.000428264230233587,0.000367075593011017,0.000300477038288668,0.000244515530150724,0.000201246256492595,0.000162511203662875,0.000121370310161275,9.50899203715065e-05,7.29243389069479e-05,5.16418145665213e-05,3.67432877730437e-05,2.59918251945961e-05,1.72637256781748e-05,1.21033256474052e-05,8.46911246504488e-06,5.66574688039652e-06,1.7236764270591e-06,9.05357066453913e-06,1.42232827886933e-05,2.086156116434e-05,3.07060593794268e-05,4.63871653312355e-05,6.39934645562487e-05,8.65070912486176e-05,0.000120883216918305,0.000156147864890582,0.000197514680969903,0.000254658647788409,0.00030743796947462,0.000363295471113214,0.000431450913265717,0.000486227236626246,0.000536210542271682,0.000585967415904195,0.000616006598145709,0.000633613202163384,0.000636783059658616,0.000624246793071575,0.000598721144207967,0.000553259736107391,0.000505711270316321,0.000452253847097496,0.000384266709278093,0.000327525367428835,0.000273139118428941,0.000213431780549195,0.0001696644900989,0.000131972271401865,9.47490249314825e-05,7.02787395836086e-05,5.10107505795577e-05,3.37493813837457e-05,2.33589422465521e-05,1.58226341547594e-05,9.6368143550621e-06,1.76682701120055e-06,1.17578415248901e-06,7.00147178407274e-07,0,0,0,0,0,0,0,0,0
0,0,0,0,0,0,0,0,0,0,0,0,0,0,0,0,0,0,0,0,0,0,0,0,0,0,0,0,0,0,0,0,0,0,7.26831545195285e-07,1.20748472873392e-06,1.79820592487168e-06,3.60938299010899e-06,5.63621710455957e-06,7.9807841410205e-06,1.10614206891368e-05,1.59104099228916e-05,2.10400900459062e-05,2.72370301290883e-05,3.60988206941083e-05,4.45943621316104e-05,5.39313011587739e-05,8.73120687144291e-05,0.000108830157626157,0.00013625687941902,0.000176095668778856,0.000219233097232401,0.000273933763709706,0.00035236875681282,0.000432440637635157,0.000529057232135221,0.000664110157539026,0.000794084347377594,0.000936587567623455,0.00112016378008873,0.00127789455802213,0.00143430428228165,0.00161169466233733,0.00173984665058701,0.00184414495529972,0.00193062087959647,0.00196639266094926,0.00196778990953772,0.00192560361628211,0.00185759180702675,0.00176483838234577,0.00162868478523185,0.00150292055389666,0.00137177536291687,0.00121396656395546,0.00108831565454298,0.000970144757404682,0.000840402180307208,0.000742922724292599,0.000654812734782408,0.00056034773315594,0.000489875917070782,0.000425894587696177,0.000356603640371786,0.000304471286323325,0.000246748931207544,0.000200594025796173,0.000164992053979227,0.000133044481109687,9.93250329625298e-05,7.777672479768e-05,5.96181273431284e-05,4.21957776199183e-05,2.99506401028769e-05,2.11946378254228e-05,1.40674457684676e-05,9.85224727913581e-06,6.88111224037571e-06,4.58376601416081e-06,1.34854724774829e-06,8.64110368091016e-06,1.37410306127659e-05,2.02499294333223e-05,2.98285845035322e-05,4.5241414666818e-05,6.25893306256667e-05,8.48133373687537e-05,0.000118801531748298,0.000153709643598527,0.000194689387652335,0.000251327124842819,0.000303648200016794,0.000359013462810861,0.000426534916093339,0.000480752258333416,0.000530158984362709,0.000579223174168351,0.000608710330187692,0.000625816709859537,0.000628496764048846,0.000615678707377501,0.000590012782605494,0.000544593354610133,0.00049726228834683,0.000444181953402646,0.000376833045527191,0.000320746271509598,0.000267090143992817,0.000208307387927367,0.000165309737997531,0.000128353703127995,9.19622985982412e-05,6.80712317072795e-05,4.93019884087736e-05,3.25303667855483e-05,2.24619319908249e-05,1.51775466454523e-05,9.21543895540545e-06,1.46058244168444e-06,9.7198519008907e-07,5.78790492161257e-07,0,0,0,0,0,0,0,0,0
0,0,0,0,0,0,0,0,0,0,0,0,0,0,0,0,0,0,0,0,0,0,0,0,0,0,0,0,0,0,0,0,0,0,5.92792687533217e-07,9.84806069897782e-07,1.46658923926648e-06,2.90126787142138e-06,4.5262243750183e-06,6.40388454889073e-06,8.86846072574308e-06,1.2743048523053e-05,1.6836762697889e-05,2.17761741962152e-05,2.88295670528555e-05,3.55812074456961e-05,4.29904263777007e-05,7.34576712487576e-05,9.26195552400859e-05,0.000117363057768075,0.000154144857096335,0.000194582215107143,0.000246057457133632,0.000321028286508128,0.000398072641784122,0.000491192967714848,0.000621754016045452,0.000747238460509419,0.00088475744690501,0.0010614308074861,0.00121263452134639,0.00136173973851496,0.00152924848125925,0.00164904532255941,0.00174497732949321,0.00182178851245107,0.00185019057240183,0.00184515488594794,0.00179682716601956,0.00172521381130849,0.00163033349799645,0.00149367611088222,0.00136893287721209,0.00124011041104276,0.00108675311890882,0.000965691773790899,0.000852943832106502,0.000730613773297158,0.000639926830514102,0.000559058844657946,0.000473741273149739,0.000411155345895282,0.00035518072154032,0.000295481931835015,0.000251171677342405,0.000201176334714741,0.000163370322186655,0.000134281628942008,0.000108112397396763,8.06786205159577e-05,6.31401459542861e-05,4.83741864440458e-05,3.42179559828365e-05,2.42266322006796e-05,1.71502665072882e-05,1.13751778709706e-05,7.95865918945591e-06,5.5485001830814e-06,3.68068391194565e-06,1.04660106899461e-06,8.25827635298154e-06,1.32682486189145e-05,1.96300502012896e-05,2.892782630051e-05,4.40178978850107e-05,6.10358729096252e-05,8.2868708237886e-05,0.000116300206036877,0.000150667783074774,0.000191035859291046,0.000246847842084383,0.000298410563231023,0.000352964445173255,0.000419465001639719,0.000472818548076061,0.000521380059179806,0.000569502124215402,0.000598307410281897,0.00061486501465776,0.000617108737062724,0.000604142381253731,0.000578540074736073,0.000533479220983059,0.000486668318395804,0.000434283214044974,0.000367949963778711,0.000312811499048795,0.000260148892222328,0.00020255793460219,0.000160509283299738,0.000124430631039662,8.89901868808047e-05,6.57520733986572e-05,4.75317824787959e-05,3.12869832479228e-05,2.15578636116421e-05,1.45345760654699e-05,8.80059496578019e-06,1.19767872647029e-06,7.97028604062435e-07,4.74608649098475e-07,0,0,0,0,0,0,0,0,0
0,0,0,0,0,0,0,0,0,0,0,0,0,0,0,0,0,0,0,0,0,0,0,0,0,0,0,0,0,0,0,0,0,0,4.79572335207246e-07,7.96713179159595e-07,1.18647824282656e-06,2.31457326577053e-06,3.60763465895466e-06,5.10020276921762e-06,7.05730969558733e-06,1.01304198852356e-05,1.33732923367986e-05,1.72813728867701e-05,2.2854123541015e-05,2.81804207612134e-05,3.40167409385106e-05,6.18743514070235e-05,7.89958412687335e-05,0.000101382565463006,0.000135378349616357,0.000173244583691405,0.000221612145273096,0.00029300518666219,0.000366774947512687,0.000456039548125119,0.00058150849715505,0.000701953495606978,0.000833884262042891,0.00100297074633786,0.00114718187194614,0.00128869319329367,0.00144633909462986,0.0015580487901894,0.00164616240727772,0.00171433801233816,0.00173650541846799,0.00172637286937185,0.00167368200850635,0.00160000938393542,0.00150451990813891,0.00136903576551097,0.00124655182832126,0.00112107984289963,0.000973056497125073,0.000857076861247207,0.000749980791079883,0.000635004362315675,0.000550803261341448,0.000476661168307156,0.000399634539381622,0.000344060029564798,0.000295107908078103,0.000243725785649461,0.000206138275554708,0.00016285047041504,0.000132094094031241,0.000108492276678119,8.72018483211121e-05,6.5045563895717e-05,5.0875410645293e-05,3.89568526963477e-05,2.75398565923995e-05,1.94464899976734e-05,1.37712604260102e-05,9.12778711186416e-06,6.37999602613808e-06,4.44007498455069e-06,2.93343763529458e-06,8.05751143810495e-07,7.89126859339633e-06,1.27882071619413e-05,1.89805980981933e-05,2.79756993409324e-05,4.26806516094297e-05,5.92899272779651e-05,8.06224666238988e-05,0.000113319257323701,0.000146954764286195,0.000186479452075728,0.000241138428830195,0.000291637088784478,0.000345055666285799,0.000410143720522964,0.000462325510491612,0.000509770608729427,0.000556698671670629,0.000584690694519023,0.000600649889369213,0.000602510216987505,0.000589529440129536,0.000564195996219949,0.000519813450949581,0.0004738294971302,0.000422463090177852,0.000357530909947012,0.000303642250238484,0.000252245018099387,0.000196123675080394,0.000155212187082022,0.000120160560010801,8.58003558612004e-05,6.3295436970073e-05,4.56799882844346e-05,3.00047413573987e-05,2.06360088851033e-05,1.38859633858489e-05,8.38718278834793e-06,9.74174618950572e-07,6.48291582287274e-07,3.86039836616922e-07,0,0,0,0,0,0,0,0,0
0,0,0,0,0,0,0,0,0,0,0,0,0,0,0,0,0,0,0,0,0,0,0,0,0,0,0,0,0,0,0,0,0,0,3.84846571176953e-07,6.39345334794089e-07,9.52123485877338e-07,1.386370885953e-06,2.11253671388786e-06,2.92747260740421e-06,3.96652128308018e-06,5.54385140929594e-06,7.14876389150728e-06,9.01319360022959e-06,1.15546674025126e-05,1.38646087405674e-05,1.62662020202377e-05,3.88127040343596e-05,5.14750729411846e-05,6.89857083255846e-05,9.7089524107229e-05,0.000129891023235769,0.000172957041064897,0.000238517791414326,0.000307631856320989,0.000392219212932505,0.000512367668654706,0.000628273361431454,0.000755670142033009,0.000919118367414762,0.00105844155275831,0.00119482382695892,0.00134596237216318,0.00145252546482034,0.00153583335361646,0.00159899066817915,0.00161786622837315,0.00160545645665306,0.00155155751126046,0.00147821760170654,0.001384260387556,0.00125214095440211,0.0011334348597814,0.00101252847894926,0.000871185324609034,0.000760744374175807,0.000659519676874295,0.000551859430876851,0.000473881001413958,0.000406013516174034,0.000336524015873545,0.000287189489686029,0.000244391150688531,0.000200200099897489,0.000168365782556395,0.000130889484531137,0.000106037712927447,8.7020224246531e-05,6.98158305763934e-05,5.20525909442265e-05,4.068762569853e-05,3.11382529802399e-05,2.1998690193186e-05,1.54900569202841e-05,1.09148644889317e-05,7.17135106326684e-06,4.93095961511832e-06,3.3157180095137e-06,1.99973518840637e-06,1.70945561815556e-07,6.92724741467649e-06,1.14471100422874e-05,1.72013402120484e-05,2.5584482999398e-05,3.94519724299876e-05,5.52198969665666e-05,7.55757453759551e-05,0.000106923472762811,0.000139296475171101,0.000177449618629384,0.000230353385654654,0.000279337420464483,0.000331238863287545,0.000394572968890931,0.000445413096653312,0.000491686560115387,0.00053751086573566,0.000564892085831832,0.000580561476217779,0.000582528022221476,0.000570017738162946,0.000545484485688057,0.000502446603130093,0.000457842776252754,0.000408025255224015,0.000345077807534312,0.000292868400737244,0.000243107420176425,0.000188821101540493,0.000149287433293177,0.000115450772483595,8.23738252370899e-05,6.06851837555996e-05,4.373333037521e-05,2.86735604374861e-05,1.9688609130992e-05,1.32259034770581e-05,7.97124909521266e-06,7.85987247553135e-07,5.23057064371839e-07,3.11466119857708e-07,0,0,0,0,0,0,0,0,0
0,0,0,0,0,0,0,0,0,0,0,0,0,0,0,0,0,0,0,0,0,0,0,0,0,0,0,0,0,0,0,0,0,0,3.06339737221386e-07,5.08921987418423e-07,7.57894912702399e-07,1.1035579493287e-06,1.68158947037981e-06,2.33028239418213e-06,3.15737017956466e-06,4.41293261032395e-06,5.69045073023435e-06,7.17454582114558e-06,9.19757129429822e-06,1.10362958029574e-05,1.29479757016684e-05,3.40531741828344e-05,4.5806174520684e-05,6.21253504994703e-05,8.86343051466532e-05,0.000119657471061937,0.000160302285175506,0.00022254348034367,0.000288191949461703,0.00036839489069255,0.00048231323642902,0.000591626524831719,0.000711817960398029,0.00086555558397821,0.00099609341725809,0.00112321773561172,0.00126289467143589,0.00136029933449069,0.00143504861957974,0.00148913856331632,0.00150176755823841,0.00148450985688353,0.00142679853586128,0.00135199075387479,0.00125807602708352,0.00112791252760911,0.00101214502323921,0.000895259664665802,0.000759929475562052,0.000655297246650987,0.000560447078686011,0.000460995118214795,0.000390181174247126,0.000329653711915813,0.00026905297505881,0.000227068802191158,0.000191456887667876,0.00015552904706615,0.000130168124178916,9.91152308175874e-05,8.05850063877983e-05,6.63294473791667e-05,5.32963714094014e-05,3.98716284559853e-05,3.12619852595154e-05,2.39915764368339e-05,1.70007549988057e-05,1.19566427136306e-05,8.63279288357233e-06,5.67037000592229e-06,3.89796890745405e-06,2.62047346346188e-06,1.57996433933997e-06,1.31025918380226e-07,6.7108388122477e-06,1.11271414574869e-05,1.67205299058673e-05,2.48158587745341e-05,3.82593882071945e-05,5.35414153045125e-05,7.32649398799486e-05,0.000103629279654368,0.00013497572607356,0.000171905576751145,0.000223089491145224,0.000270455854930974,0.000320614329515101,0.000381774002716267,0.000430820024349,0.000475406134657587,0.000519471042116842,0.00054570500374212,0.000560591293307716,0.000562165149381935,0.000549807139690371,0.000525852448995703,0.000484017557439312,0.000440767682172105,0.000392540067948225,0.000331689842837748,0.000281284900095633,0.000233296735046534,0.000181006343994258,0.000142971638754032,0.000110453804703366,7.87055445046843e-05,5.79153657710132e-05,4.16858227758873e-05,2.72880934847958e-05,1.87111282894978e-05,1.25507363527148e-05,7.55011836612876e-06,6.29037307794588e-07,4.18610363742778e-07,2.49270977505617e-07,0,0,0,0,0,0,0,0,0
0,0,0,0,0,0,0,0,0,0,0,0,0,0,0,0,0,0,0,0,0,0,0,0,0,0,0,0,0,0,0,0,0,0,2.41880726374108e-07,4.0183627857447e-07,5.9842113093939e-07,8.71350875993743e-07,1.32775488497783e-06,1.83995195423906e-06,2.49300661870429e-06,3.4843776876839e-06,4.49308460113502e-06,5.66490123143536e-06,7.26224826632511e-06,8.71407434605745e-06,1.02235047800231e-05,2.98839183217087e-05,4.07517434651596e-05,5.55362218241068e-05,8.01522882622999e-05,0.000109002927325207,0.000146717177639214,0.000204697014563387,0.000265825459907843,0.000340338509683168,0.000446068050383236,0.000547295647930459,0.000658319894003829,0.000799864084432125,0.000919567734019083,0.00103556325102971,0.00116202332962656,0.00124927731353947,0.00131518069720239,0.00136090033123636,0.0013688099957868,0.00134909482397055,0.00129147737096039,0.00121915413678965,0.00112965145061142,0.0010068810557238,0.000898456276078591,0.000789599533015717,0.000664267384377138,0.000567895283544982,0.000480989506504953,0.000390455039580457,0.000326488868156813,0.000272283372552913,0.000218641928515226,0.000182011232013535,0.000151415221993448,0.00012112708055331,0.000100178259545006,7.37441636232023e-05,5.96228691352096e-05,4.90213064847553e-05,3.90749364876833e-05,2.90066968686237e-05,2.26262835028428e-05,1.72743122813601e-05,1.21654254778014e-05,8.44890005257387e-06,6.07367990056238e-06,3.96786199723292e-06,2.7148498767756e-06,1.81626519597962e-06,1.08848280933088e-06,0,6.38874149650685e-06,1.07288599277509e-05,1.61220403248416e-05,2.38851446904922e-05,3.68186339177821e-05,5.15178150076669e-05,7.04850795150878e-05,9.96774984070503e-05,0.000129805351843084,0.000165288838208258,0.000214449298677959,0.0002599229922131,0.000308054125196435,0.000366703850927499,0.000413698203077507,0.000456375693728605,0.000498483477012509,0.000523475252730056,0.000537554737297342,0.000538804156376115,0.000526731768367936,0.000503549411334249,0.000463211945209994,0.000421595236152443,0.000375250583709786,0.000316846515986928,0.000268519722152551,0.000222552406376875,0.000172513559967307,0.000136152975376668,0.000105095205870559,7.48041499368106e-05,5.49901129210373e-05,3.95387382477909e-05,2.58477493179451e-05,1.77022938432058e-05,1.18589928869701e-05,7.12243441053289e-06,4.99366636182956e-07,3.32317410467197e-07,1.97885893241273e-07,0,0,0,0,0,0,0,0,0
0,0,0,0,0,0,0,0,0,0,0,0,0,0,0,0,0,0,0,0,0,0,0,0,0,0,0,0,0,0,0,0,0,0,1.89444240991473e-07,3.14723582728281e-07,4.68691485442002e-07,6.82453735832501e-07,1.03991549958513e-06,1.44107513920922e-06,1.952556343562e-06,2.72901151020173e-06,3.5190443435993e-06,4.43682690294668e-06,5.68789060347747e-06,6.82498033298789e-06,8.00718656817912e-06,2.62249945381905e-05,3.62310839161899e-05,4.99498266165039e-05,7.29333417418142e-05,9.99128384638503e-05,0.000135147951121052,0.000189553342284579,0.000246943478729215,0.000316809076571015,0.000415968919467939,0.000510822980010517,0.000614744088255814,0.000747029957007418,0.000858686074598375,0.000966588085864775,0.00108368192377641,0.00116404713086957,0.00122415257678726,0.00126473930485368,0.00127011356138518,0.00124953836879307,0.00119306074442221,0.00112334492433681,0.00103772953529491,0.000920969307284378,0.000818255030712695,0.000715486502101752,0.000597602027495487,0.000507317256277786,0.000426237867311231,0.000342234682898446,0.000283289234123477,0.000233725369650206,0.000185192000618084,0.00015247467406257,0.000125514936512011,9.92569241368825e-05,8.14016350657498e-05,5.83291799752715e-05,4.70782631525025e-05,3.86573632111945e-05,3.07375017876494e-05,2.2806074527548e-05,1.77756257421097e-05,1.35616891662227e-05,9.54361693106281e-06,6.60531401517188e-06,4.74784558474811e-06,3.1012964589584e-06,2.12170281660701e-06,1.41928720657447e-06,8.50463603059706e-07,0,6.11036983058478e-06,1.02613796559062e-05,1.54195671968018e-05,2.28109783751992e-05,3.51582113651724e-05,4.91886895699242e-05,6.72899132713915e-05,9.51433657210921e-05,0.000123882423167203,0.000157721770479029,0.000204589487666549,0.000247926463613181,0.000293777739090376,0.000349619337479707,0.000394332851610352,0.000434904538075224,0.000474878454929271,0.000498542546649279,0.000511792818207994,0.000512776678576729,0.000501106903741875,0.000478867646461922,0.000440287773386348,0.000400551403899987,0.000356349498567784,0.000300701344622069,0.00025469599517536,0.0002109703142955,0.000163410908362889,0.000128880886322156,9.94095625107076e-05,7.06909836487392e-05,5.19229653333141e-05,3.73001690914365e-05,2.43564397382054e-05,1.66639445523959e-05,1.11513076623432e-05,6.68811943693842e-06,3.93228382018422e-07,2.61684758584254e-07,1.55826088459435e-07,0,0,0,0,0,0,0,0,0
0,0,0,0,0,0,0,0,0,0,0,0,0,0,0,0,0,0,0,0,0,0,0,0,0,0,0,0,0,0,0,0,0,0,1.471782943316e-07,2.44507195623665e-07,3.64124098120264e-07,5.30194933740832e-07,8.07905210931288e-07,1.11956415187112e-06,1.51693137108738e-06,2.12015555173765e-06,2.73392815457253e-06,3.44694888798252e-06,4.41889409244292e-06,5.30229348223412e-06,6.22074366226076e-06,2.30059848780135e-05,3.21745104535623e-05,4.48295366802995e-05,6.61427650524604e-05,9.11886671002389e-05,0.000123267157394787,0.000173517280879688,0.000226485564441197,0.000290811719601672,0.000381964215895377,0.000468910313336823,0.000563857922014929,0.000684178445127737,0.000785153680272332,0.000882032374464591,0.000985967001443649,0.00105612229635257,0.00110712050399312,0.00113883448177409,0.00113894263379945,0.00111529972306566,0.00105820122110185,0.000990489049598981,0.000909002384525342,0.000799647122104981,0.000704670941711311,0.000610677114726368,0.000504118511757882,0.000423491104971095,0.000351920758589203,0.000278776132336045,0.000228210472939885,0.000186305219062305,0.000145951878087206,0.000119215828807064,9.75177694967582e-05,7.67022695376999e-05,6.27286156542846e-05,4.35484766906541e-05,3.54591195883608e-05,2.92902632387792e-05,2.3359229748184e-05,1.77799837123202e-05,1.38490499396313e-05,1.05667813424043e-05,7.43021956532808e-06,5.12408670980321e-06,3.68273228528791e-06,2.40523703567365e-06,1.64531978225406e-06,1.10049354750454e-06,6.59348542091586e-07,0,5.79698120459938e-06,9.73509405286746e-06,1.46287284896408e-05,2.16149309302585e-05,3.33111560684109e-05,4.65999910823676e-05,6.3741911617502e-05,9.01144919617965e-05,0.000117320171347367,0.00014934738346702,0.00019369362735901,0.000234686609920573,0.00027804357598599,0.000330823842186518,0.000373061944945819,0.000411360443787976,0.000449050522349506,0.000471314452524032,0.000483716630448734,0.000484485125393798,0.000473317476048125,0.000452166486387854,0.000415565297704398,0.000377919266321966,0.000336080782032873,0.000283451615604013,0.000239974302108717,0.000198677701487315,0.000153791178383913,0.00012122447910255,9.34468252599476e-05,6.63984932584096e-05,4.87357383584545e-05,3.49842427557941e-05,2.28220933315541e-05,1.56007136797298e-05,1.04302182759286e-05,6.24826236817165e-06,3.07151333095491e-07,2.04402393431916e-07,1.21716012856694e-07,0,0,0,0,0,0,0,0,0
0,0,0,0,0,0,0,0,0,0,0,0,0,0,0,0,0,0,0,0,0,0,0,0,0,0,0,0,0,0,0,0,0,0,1.13419659269777e-07,1.88423999222082e-07,2.8060408858705e-07,4.08582862062262e-07,6.22594073142686e-07,8.62767062307337e-07,1.16898921831999e-06,1.63385043541288e-06,2.10684055803119e-06,2.65631403170416e-06,3.40532185530634e-06,4.08609382813205e-06,4.79387690815732e-06,2.01660338732767e-05,2.85230896223441e-05,4.01244995350571e-05,5.97504391702974e-05,8.28294675561319e-05,0.000112479773308905,0.000158976336804437,0.000208015694243137,0.000267522385340947,0.000351891430950269,0.000432344356839858,0.000520166521351073,0.000631392624770062,0.000724664981066365,0.000814041785570071,0.000909288146320651,0.000973504188372151,0.00101980600902004,0.00104781137482287,0.00104654604414248,0.00102306379502529,0.000967978407807664,0.000903180116231995,0.000825410811360093,0.000721147760636049,0.000630540425559013,0.000540796599598845,0.000438950945349759,0.000361841256356263,0.000293426937249492,0.00022370537960069,0.00017583179999394,0.000136617050656123,9.96603047703803e-05,7.59952410710656e-05,5.7627733754312e-05,4.11314134433149e-05,3.09568451080572e-05,1.62214529548163e-05,1.25009338668591e-05,9.88979824187256e-06,7.36876268209248e-06,5.39000311857451e-06,4.06994827555136e-06,3.01601267708498e-06,2.05260795304829e-06,1.22200995833764e-06,8.70007897253936e-07,5.61775491583008e-07,3.80639330971037e-07,2.52169703868676e-07,1.49351455310632e-07,0,5.45529829194095e-06,9.16129276326721e-06,1.37664889234914e-05,2.03206776523116e-05,3.13137621546735e-05,4.38022501129349e-05,5.9909836943098e-05,8.46874362738643e-05,0.000110243541019863,0.000140323683988246,0.000181964881611625,0.000220447671292545,0.0002611385559042,0.000310654982556736,0.000350262381271227,0.00038615447759136,0.000421442008567267,0.000442249185776978,0.000453789795919557,0.000454385226009875,0.000443801128942666,0.000423856258343008,0.000389412399537766,0.000354025835181074,0.00031472806096488,0.000265328706456109,0.000224544576623386,0.000185826543587967,0.000143766737486142,0.000113268599719633,8.72693290103485e-05,6.1968157113635e-05,4.54570276773982e-05,3.26100701704592e-05,2.12559874058081e-05,1.45195833104345e-05,9.69987519842503e-06,5.80495105896333e-06,2.37980935568681e-07,1.58371029456941e-07,9.43055995277751e-08,0,0,0,0,0,0,0,0,0
0,0,0,0,0,0,0,0,0,0,0,0,0,0,0,0,0,0,0,0,0,0,0,0,0,0,0,0,0,0,0,0,0,0,0,0,0,0,0,0,0,0,0,0,0,0,0,1.33444938290314e-05,2.04167134565385e-05,3.05420325874743e-05,4.80721906285143e-05,6.89587933735475e-05,9.60559426478229e-05,0.000138797442357519,0.000184025609498936,0.000238942192265515,0.000316896569848757,0.000391228195965695,0.00047233354434963,0.000574977890637329,0.000660975686707769,0.000743277617136594,0.000830882366716875,0.000889837281024604,0.000932227918206663,0.000957662300882492,0.000956183121404679,0.000934257038885607,0.00088321944689021,0.000823357509492897,0.000751630792925192,0.000655678394036923,0.000572309537619444,0.000489841912538457,0.000396393216961462,0.000325760242114043,0.000263204938952693,0.000199606508139698,0.000156067464591737,0.000120523014273443,8.7178310120765e-05,6.59490743623744e-05,4.95768892461879e-05,3.49947270328615e-05,2.60894915809035e-05,1.29566306099036e-05,9.96393201360863e-06,7.86998208361603e-06,5.83854559175649e-06,4.26627329934881e-06,3.21884436442746e-06,2.38353244916541e-06,1.62083943536188e-06,9.59682296853033e-07,6.83244167873013e-07,4.41179705942431e-07,2.98927864643437e-07,1.98036684524772e-07,1.1729032704924e-07,0,5.09233923725317e-06,8.55176162800633e-06,1.28505588425604e-05,1.8953123105946e-05,2.92042358291034e-05,4.08486943181676e-05,5.58661734953931e-05,7.89640794131028e-05,0.000102784475251301,0.000130817683734745,0.000169618254421155,0.000205468409981261,0.00024336702774026,0.000289471458909501,0.000326335184032134,0.000359724722942053,0.000392525321821282,0.00041183708630417,0.000422509516136345,0.000422967133774981,0.000413029831814226,0.000394380792848723,0.00036222859799341,0.000329227585540461,0.000292601822244209,0.000246587366840135,0.000208617085491114,0.000172586133713046,0.000133463841591097,0.000105109383315964,8.09483923937414e-05,5.74480949187705e-05,4.21204731782396e-05,3.02005130122261e-05,1.96719551699411e-05,1.34293493347216e-05,8.96568901628464e-06,5.36106477899024e-06,1.82900185170553e-07,1.21716012856694e-07,7.24785436070033e-08,0,0,0,0,0,0,0,0,0
0,0,0,0,0,0,0,0,0,0,0,0,0,0,0,0,0,0,0,0,0,0,0,0,0,0,0,0,0,0,0,0,0,0,0,0,0,0,0,0,0,0,0,0,0,0,0,1.21575922661357e-05,1.86007862717966e-05,2.7825527437371e-05,4.37964976783123e-05,6.27874113442371e-05,8.7454852526605e-05,0.000126360264442901,0.000167524894204975,0.000217463112628822,0.000288370024498494,0.000355963498435725,0.000429694050948486,0.000522964740308943,0.000601064494328272,0.000675736303419466,0.00075513428172071,0.000808457094036133,0.000846658057903777,0.000869301569704492,0.000867508159934174,0.000847098403354718,0.000800118884221885,0.000745232018778659,0.000679598611900857,0.000591936743752263,0.000515872482467835,0.000440717593885102,0.000355669258865413,0.00029148280851874,0.000234728456097384,0.000177151266024653,0.000137839857650927,0.000105843781939331,7.5951825347249e-05,5.7020421447502e-05,4.25054684939334e-05,2.96769945690576e-05,2.19154002850909e-05,1.02703234312927e-05,7.88113453511698e-06,6.21459774530137e-06,4.58963104389472e-06,3.35015979384277e-06,2.52559155491138e-06,1.86876953081837e-06,1.26973883755382e-06,7.47588197978216e-07,5.32244137371572e-07,3.4367700897641e-07,2.32863463655709e-07,1.54269687586127e-07,9.13686378570818e-08,0,4.71518098405027e-06,7.91838523119617e-06,1.18987969704751e-05,1.74822713215339e-05,2.6928556409333e-05,3.76539288259671e-05,5.14796868667001e-05,7.27324252893831e-05,9.46359381780075e-05,0.000120396119235143,0.000156020483027563,0.00018890368841836,0.000223628747597319,0.000265811470530154,0.000299476904209336,0.000329899248440641,0.000359670127935117,0.000377072433423116,0.000386521425085589,0.000386521425085589,0.000377072433423115,0.000359670127935117,0.000329899248440641,0.000299476904209336,0.000265811470530154,0.000223628747597318,0.00018890368841836,0.000156020483027563,0.000120396119235143,9.46359381780075e-05,7.27324252893831e-05,5.14796868667001e-05,3.76539288259671e-05,2.6928556409333e-05,1.74822713215339e-05,1.18987969704752e-05,7.91838523119617e-06,4.71518098405027e-06,0,0,0,0,0,0,0,0,0,0,0,0
0,0,0,0,0,0,0,0,0,0,0,0,0,0,0,0,0,0,0,0,0,0,0,0,0,0,0,0,0,0,0,0,0,0,0,0,0,0,0,0,0,0,0,0,0,0,0,1.09869021808033e-05,1.68096622078292e-05,2.51461260907071e-05,3.95792049379478e-05,5.67098707120103e-05,7.89857199646962e-05,0.000114116122114279,0.000151282977898872,0.000196335827884171,0.000260321117323871,0.000321301521413089,0.000387800101261399,0.000471889249755078,0.000542264521713858,0.000609493337426134,0.000680907648775703,0.000728779955776508,0.000762962281150809,0.000782997852796748,0.000781017928199045,0.000762225304071056,0.000719385406650114,0.000669507139714357,0.000609969304187229,0.000530561265097242,0.000461740874935462,0.000393813839812203,0.000317037077326215,0.000259171789989566,0.000208080678661573,0.000156348383735163,0.000121112523210636,9.2511536145428e-05,6.58909387536215e-05,4.911139563978e-05,3.63148094967224e-05,2.50853393398431e-05,1.83500930551736e-05,8.07925500048564e-06,6.18616791227971e-06,4.86979120757271e-06,3.57943767607864e-06,2.61000052931769e-06,1.96598129168935e-06,1.45357780897203e-06,9.86802676861507e-07,5.77669721297115e-07,4.11270968868905e-07,2.65563049990008e-07,1.79936190156648e-07,1.19205904632363e-07,7.06015634127701e-08,0,4.33073511485707e-06,7.27277045986264e-06,1.09286447410822e-05,1.60568781040915e-05,2.4732973183594e-05,3.45838669460511e-05,4.72823606070701e-05,6.68022859048101e-05,8.69199256574222e-05,0.000110579785384245,0.000143299565121682,0.000173501683079974,0.000205395481782612,0.000244138893766896,0.000275059462093859,0.000303001361860686,0.000330344913182051,0.000346328345358097,0.000355006926335388,0.000355006926335388,0.000346328345358097,0.000330344913182051,0.000303001361860686,0.000275059462093859,0.000244138893766896,0.000205395481782612,0.000173501683079974,0.000143299565121682,0.000110579785384245,8.69199256574222e-05,6.68022859048101e-05,4.72823606070701e-05,3.45838669460511e-05,2.4732973183594e-05,1.60568781040915e-05,1.09286447410822e-05,7.27277045986264e-06,4.33073511485707e-06,0,0,0,0,0,0,0,0,0,0,0,0
0,0,0,0,0,0,0,0,0,0,0,0,0,0,0,0,0,0,0,0,0,0,0,0,0,0,0,0,0,0,0,0,0,0,0,0,0,0,0,0,0,0,0,0,0,0,0,9.84884168170346e-06,1.50684605253962e-05,2.25414052751145e-05,3.54794569849391e-05,5.08096532996295e-05,7.07646629857652e-05,0.000102232482750984,0.000135521511855593,0.000175845514556405,0.000233126398924534,0.000287705163228343,0.000347207829767405,0.000422423779223408,0.000485343526341666,0.000545404175600764,0.000609147565164304,0.000651806146038363,0.00068217388122731,0.000699790943278938,0.000697728837321094,0.000680605488741215,0.000641898825013866,0.000596969730162997,0.00054342449221088,0.00047209916307766,0.000410349717183133,0.000349458615342742,0.00028070859297578,0.000228955976015739,0.000183321220462092,0.000137193332537151,0.000105842473144327,8.04570572270051e-05,5.69086187717727e-05,4.2129237334989e-05,3.09126561340134e-05,2.11338480086746e-05,1.53159348011869e-05,6.30752770813483e-06,4.81875707140966e-06,3.78678707396948e-06,2.76959768165951e-06,2.01732054432688e-06,1.51827289881367e-06,1.1216820758355e-06,7.60832102857297e-07,4.42770815162021e-07,3.15229923648534e-07,2.03548089480894e-07,1.37917032268739e-07,9.13686378570818e-08,5.41145063199654e-08,0,3.94554581190063e-06,6.6259072115457e-06,9.95661645063455e-06,1.46287284896408e-05,2.25331441827517e-05,3.15078682416308e-05,4.30769176415348e-05,6.08606789348304e-05,7.91889920655363e-05,0.000100744468902499,0.00013055404775817,0.000158069893650491,0.000187126956841701,0.000222424407006435,0.000250594802015242,0.0002760514606835,0.000300962989912888,0.000315524804988035,0.000323431485475309,0.000323431485475309,0.000315524804988035,0.000300962989912888,0.0002760514606835,0.000250594802015242,0.000222424407006435,0.000187126956841701,0.000158069893650491,0.00013055404775817,0.000100744468902499,7.91889920655363e-05,6.08606789348303e-05,4.30769176415348e-05,3.15078682416308e-05,2.25331441827517e-05,1.46287284896408e-05,9.95661645063456e-06,6.6259072115457e-06,3.94554581190063e-06,0,0,0,0,0,0,0,0,0,0,0,0
0,0,0,0,0,0,0,0,0,0,0,0,0,0,0,0,0,0,0,0,0,0,0,0,0,0,0,0,0,0,0,0,0,0,0,0,0,0,0,0,0,0,0,0,0,0,0,8.75744199413265e-06,1.33986486184648e-05,2.0043478770684e-05,3.15477998906353e-05,4.51579034872606e-05,6.28906138374462e-05,9.08519801844083e-05,0.000120429220749007,0.000156234770267655,0.000207106007751009,0.000255567751898964,0.000308389486448919,0.000375138771329053,0.000430952336598294,0.000484144089828956,0.00054057115441732,0.000578257580122555,0.000604984430733377,0.000620280282460768,0.000618110754232908,0.000602527342334836,0.000567659452168369,0.000527323228494173,0.000479324020389519,0.0004154477197554,0.00036018235828545,0.000305710874065569,0.00024424349860296,0.000198008755559135,0.000157283667242,0.000116196672061658,8.83574223342397e-05,6.59131683456737e-05,4.52442662259289e-05,3.2415913094654e-05,2.28228408361527e-05,1.46506063670821e-05,9.94696975431043e-06,2.41692787791326e-06,1.65807067582851e-06,1.18393823537274e-06,6.96928580157364e-07,4.50015910145094e-07,3.04914966085951e-07,2.02003078627921e-07,1.19639486058244e-07,0,0,0,0,0,0,0,3.56561767628755e-06,5.98787924440491e-06,8.99786475810715e-06,1.32200854763736e-05,2.03633618846899e-05,2.84738835386579e-05,3.89289153656157e-05,5.50002263175744e-05,7.15636526192695e-05,9.10434896037643e-05,0.000117982617004054,0.000142848881690612,0.000169107955358717,0.000201006510903463,0.000226464296259406,0.000249469658876913,0.000271982384162157,0.000285141999512247,0.000292287322631079,0.000292287322631079,0.000285141999512247,0.000271982384162157,0.000249469658876913,0.000226464296259406,0.000201006510903463,0.000169107955358717,0.000142848881690612,0.000117982617004054,9.10434896037643e-05,7.15636526192695e-05,5.50002263175744e-05,3.89289153656157e-05,2.84738835386579e-05,2.03633618846899e-05,1.32200854763736e-05,8.99786475810715e-06,5.98787924440491e-06,3.56561767628755e-06,0,0,0,0,0,0,0,0,0,0,0,0
0,0,0,0,0,0,0,0,0,0,0,0,0,0,0,0,0,0,0,0,0,0,0,0,0,0,0,0,0,0,0,0,0,0,0,0,0,0,0,0,0,0,0,0,0,0,0,7.72416597460597e-06,1.18177643464594e-05,1.76785820376522e-05,2.7825527437371e-05,3.98125381633671e-05,5.54440850937379e-05,8.00906429706572e-05,0.000106159567177735,0.000137700625814653,0.000182519749495726,0.000225208253588099,0.000271727717408714,0.000330495896762173,0.000379617089283942,0.000426408343986555,0.000476006885516072,0.000509089617119318,0.00053249671667751,0.000545783914895213,0.00054370453688782,0.000529805474223042,0.000498892071120649,0.000463211584857864,0.000420805145786427,0.000364429710683203,0.00031569798767336,0.000267704752228123,0.000213597652567859,0.000172940758020534,0.000137166418884732,0.000101122016372484,7.67376787306261e-05,5.71113969469474e-05,3.90758894473607e-05,2.79102437636568e-05,1.95827035676421e-05,1.25122442895218e-05,8.45866704822394e-06,1.89509710731027e-06,1.29890591573499e-06,9.26827915982508e-07,5.41440368742177e-07,3.49615135992543e-07,2.36886929841947e-07,1.56935193208264e-07,9.2947325295332e-08,0,0,0,0,0,0,0,3.19627893407457e-06,5.3676344538994e-06,8.0658354846204e-06,1.18507042961469e-05,1.82540559667459e-05,2.55244623480393e-05,3.48965266065881e-05,4.93031167972086e-05,6.41508473647008e-05,8.16128969295813e-05,0.000105761578372497,0.000128052111234539,0.000151591181211628,0.000180185576452914,0.000203006358272156,0.000223628747597319,0.000243809528631799,0.000255606026501928,0.000262011212877842,0.000262011212877842,0.000255606026501928,0.000243809528631799,0.000223628747597319,0.000203006358272156,0.000180185576452914,0.000151591181211628,0.000128052111234539,0.000105761578372497,8.16128969295813e-05,6.41508473647008e-05,4.93031167972086e-05,3.48965266065881e-05,2.55244623480393e-05,1.82540559667459e-05,1.18507042961469e-05,8.0658354846204e-06,5.3676344538994e-06,3.19627893407457e-06,0,0,0,0,0,0,0,0,0,0,0,0
0,0,0,0,0,0,0,0,0,0,0,0,0,0,0,0,0,0,0,0,0,0,0,0,0,0,0,0,0,0,0,0,0,0,0,0,0,0,0,0,0,0,0,0,0,0,0,6.75784365014543e-06,1.03393174111215e-05,1.5466924682806e-05,2.43444489052655e-05,3.48179516063665e-05,4.84867632553762e-05,7.00373160686574e-05,9.28299956898249e-05,0.000120393591964416,0.00015956586397562,0.000196869785890331,0.000237513817533399,0.000288846005012635,0.000331736957303901,0.000372575715893244,0.000415834066642427,0.000444653835686415,0.000465001441176728,0.000476465888174331,0.000474516523365764,0.000462235586863013,0.000435065383496008,0.000403768697399751,0.000366613607184823,0.000317264959671529,0.000274641772367279,0.000232694679891991,0.000185443150813569,0.000149970205747461,0.000118786706705008,8.7405252751327e-05,6.62053455398136e-05,4.9167640724279e-05,3.35409196624228e-05,2.38887014001707e-05,1.67073048391069e-05,1.06286083004701e-05,7.15617806505785e-06,1.47441328052779e-06,1.00962999401269e-06,7.19897605152177e-07,4.17248904918549e-07,2.694230815754e-07,1.82551611908228e-07,1.20938595069016e-07,7.16277764524291e-08,0,0,0,0,0,0,0,2.8420831877343e-06,4.77281988023606e-06,7.17201968247729e-06,1.05374681426674e-05,1.62312322050423e-05,2.26959682842333e-05,3.10294669597171e-05,4.38395904244876e-05,5.70419692819812e-05,7.25689612984332e-05,9.40416058799777e-05,0.0001138620126716,0.000134792599900263,0.000160218306371721,0.000180510202566382,0.000198847321197402,0.000216791768373771,0.000227281036977152,0.000232976432431918,0.000232976432431918,0.000227281036977152,0.000216791768373771,0.000198847321197402,0.000180510202566382,0.000160218306371721,0.000134792599900263,0.0001138620126716,9.40416058799777e-05,7.25689612984332e-05,5.70419692819812e-05,4.38395904244876e-05,3.10294669597171e-05,2.26959682842333e-05,1.62312322050423e-05,1.05374681426674e-05,7.17201968247729e-06,4.77281988023606e-06,2.8420831877343e-06,0,0,0,0,0,0,0,0,0,0,0,0
0,0,0,0,0,0,0,0,0,0,0,0,0,0,0,0,0,0,0,0,0,0,0,0,0,0,0,0,0,0,0,0,0,0,0,0,0,0,0,0,0,0,0,0,0,0,0,5.86471479431605e-06,8.97285449668974e-06,1.34227879048181e-05,2.11270424480905e-05,3.0205263476536e-05,4.2061857639432e-05,6.07541715360779e-05,8.05226178443073e-05,0.000104353129435647,0.000138272950656684,0.000170557650362773,0.000205710469259523,0.000250065089889318,0.000287076896093397,0.000322256499477398,0.000359410222861398,0.000384035677016201,0.000401254725251794,0.000410616392655173,0.000408399861575427,0.000397204557582083,0.000372995429580355,0.000345352525876283,0.000312691769375565,0.000269487106488991,0.000232306106533389,0.000195838310899451,0.000154927061761634,0.000124360415204173,9.76284839961823e-05,7.09105512258233e-05,5.301335303083e-05,3.8764204243803e-05,2.58578092630719e-05,1.80092383616173e-05,1.22690131164089e-05,7.51880452247965e-06,4.87997406951648e-06,2.64272303651292e-07,1.63429225455351e-07,1.0681838167611e-07,0,0,0,0,0,0,0,0,0,0,0,0,2.5067505180628e-06,4.20968279853204e-06,6.32580500535558e-06,9.29416979759822e-06,1.43161361055105e-05,2.00181087239019e-05,2.73683517471183e-05,3.86670300442026e-05,5.03116821724419e-05,6.40066702182447e-05,8.29457931690671e-05,0.000100427623119556,0.000118888645163262,0.000141314414804527,0.000159212103907355,0.000175385656400986,0.000191212868091991,0.000200464525333799,0.000205487930548827,0.000205487930548827,0.000200464525333799,0.000191212868091991,0.000175385656400986,0.000159212103907355,0.000141314414804527,0.000118888645163262,0.000100427623119556,8.29457931690671e-05,6.40066702182447e-05,5.03116821724419e-05,3.86670300442026e-05,2.73683517471183e-05,2.00181087239019e-05,1.43161361055105e-05,9.29416979759822e-06,6.32580500535558e-06,4.20968279853204e-06,2.5067505180628e-06,0,0,0,0,0,0,0,0,0,0,0,0
0,0,0,0,0,0,0,0,0,0,0,0,0,0,0,0,0,0,0,0,0,0,0,0,0,0,0,0,0,0,0,0,0,0,0,0,0,0,0,0,0,0,0,0,0,0,0,5.04856403073697e-06,7.72416597460597e-06,1.155483371061e-05,1.81869417900179e-05,2.59930353160771e-05,3.61951006877224e-05,5.22781582421514e-05,6.92861395366204e-05,8.9787705399831e-05,0.000118966894826854,0.000146736963805727,0.000176971095008047,0.000215114429274272,0.000246937920216696,0.000277180031219318,0.000309109343916972,0.000330261589784243,0.000345039151514428,0.000353048325479336,0.000351105390801247,0.00034144142054509,0.00032058254440045,0.000296783082147897,0.000268675448282362,0.000231507048993431,0.000199530423963424,0.0001681751696511,0.000133008989065913,0.000106741995060079,8.37762311150683e-05,6.08292700552548e-05,4.54629447312863e-05,3.3232517555876e-05,2.21585495194654e-05,1.5426923631807e-05,1.05054587207558e-05,6.43459974707761e-06,4.17426549749152e-06,2.09229142041041e-07,1.29389860965431e-07,8.45700364492045e-08,0,0,0,0,0,0,0,0,0,0,0,0,2.19314656452001e-06,3.68303558762373e-06,5.53442291737925e-06,8.13143406764722e-06,1.25251334310145e-05,1.75137677481926e-05,2.39444676198383e-05,3.38296386060667e-05,4.40175007910178e-05,5.59991941296138e-05,7.25689612984332e-05,8.78637483229779e-05,0.000104015226813135,0.000123635448008289,0.000139294068635222,0.000153444248651901,0.000167291416407902,0.000175385656400986,0.000179780614658756,0.000179780614658756,0.000175385656400986,0.000167291416407902,0.000153444248651901,0.000139294068635222,0.000123635448008289,0.000104015226813135,8.78637483229779e-05,7.25689612984332e-05,5.59991941296138e-05,4.40175007910178e-05,3.38296386060667e-05,2.39444676198383e-05,1.75137677481926e-05,1.25251334310145e-05,8.13143406764722e-06,5.53442291737925e-06,3.68303558762373e-06,2.19314656452001e-06,0,0,0,0,0,0,0,0,0,0,0,0
0,0,0,0,0,0,0,0,0,0,0,0,0,0,0,0,0,0,0,0,0,0,0,0,0,0,0,0,0,0,0,0,0,0,0,0,0,0,0,0,0,0,0,0,0,0,0,4.31093083805201e-06,6.59560720542157e-06,9.86658556143143e-06,1.55296927473059e-05,2.21883653117954e-05,3.08962740901624e-05,4.46232093008998e-05,5.91387904529075e-05,7.66350104840856e-05,0.000101534997161948,0.000125230531429753,0.000151026245149097,0.000183566105254495,0.000210710381172318,0.000236501068127927,0.000263722867569334,0.000281748282934538,0.000294331208287527,0.000301131153405329,0.000299444717494853,0.000291171806897138,0.000273345836080703,0.000253020964264932,0.000229026315918528,0.000197307172319733,0.00017002625750207,0.000143281752036879,0.000113294248197653,9.09011135306134e-05,7.13270038339621e-05,5.17742527355656e-05,3.86846701699727e-05,2.8269290649559e-05,1.88418480563305e-05,1.31131728701119e-05,8.92642572212666e-06,5.46471890415518e-06,3.54348630064368e-06,1.6431413036575e-07,1.01613868294264e-07,6.64154708975726e-08,0,0,0,0,0,0,0,0,0,0,0,0,1.90329634257921e-06,3.19627893407457e-06,4.80298356131062e-06,7.05676901455244e-06,1.08697891126961e-05,1.51991164836775e-05,2.07799234137453e-05,2.93586522995535e-05,3.82000681670617e-05,4.85982392141692e-05,6.29781159447083e-05,7.62515162159368e-05,9.0268386057142e-05,0.000107295563285265,0.000120884712251057,0.000133164778849559,0.000145181879836535,0.000152206370412781,0.000156020483027563,0.000156020483027563,0.000152206370412781,0.000145181879836535,0.000133164778849559,0.000120884712251057,0.000107295563285265,9.0268386057142e-05,7.62515162159369e-05,6.29781159447083e-05,4.85982392141692e-05,3.82000681670617e-05,2.93586522995534e-05,2.07799234137453e-05,1.51991164836775e-05,1.08697891126961e-05,7.05676901455242e-06,4.80298356131063e-06,3.19627893407457e-06,1.90329634257921e-06,0,0,0,0,0,0,0,0,0,0,0,0
0,0,0,0,0,0,0,0,0,0,0,0,0,0,0,0,0,0,0,0,0,0,0,0,0,0,0,0,0,0,0,0,0,0,0,0,0,0,0,0,0,0,0,0,0,0,0,3.65137515890067e-06,5.58650491331591e-06,8.35703628185744e-06,1.31537100577786e-05,1.87882627687141e-05,2.61611235900197e-05,3.77830093467321e-05,5.00719936275503e-05,6.48836379071986e-05,8.59616344631614e-05,0.00010601850862294,0.000127851232317712,0.000155388902867535,0.000178357180102363,0.000200176422291551,0.000223200362382394,0.000238439659667064,0.00024906977371903,0.000254798950793676,0.000253349205216217,0.000246325721922272,0.00023121557814893,0.000213998237243063,0.0001936795446458,0.00016682785294487,0.000143739262429912,0.00012110955081386,9.574167166799e-05,7.68026854560268e-05,6.02515251899843e-05,4.37225867185508e-05,3.2660281174389e-05,2.3860296431289e-05,1.58974448871517e-05,1.10603546793356e-05,7.52635853541811e-06,4.60547282771751e-06,2.98507531037533e-06,1.27999969391225e-07,7.91567469117729e-08,5.17373534647942e-08,0,0,0,0,0,0,0,0,0,0,0,0,1.63842808934057e-06,2.75147546380438e-06,4.13458640330721e-06,6.07472851955513e-06,9.35711765374152e-06,1.30839632394134e-05,1.78881288498085e-05,2.52730168795402e-05,3.28840356067851e-05,4.18351669362668e-05,5.4213898208688e-05,6.56401335031724e-05,7.77063749804927e-05,9.23640007157113e-05,0.000104062044198323,0.000114633181022289,0.000124977947293853,0.000131024889336432,0.000134308218949464,0.000134308218949464,0.000131024889336432,0.000124977947293853,0.000114633181022289,0.000104062044198323,9.23640007157113e-05,7.77063749804927e-05,6.56401335031724e-05,5.4213898208688e-05,4.18351669362668e-05,3.28840356067851e-05,2.52730168795402e-05,1.78881288498085e-05,1.30839632394134e-05,9.35711765374152e-06,6.07472851955512e-06,4.13458640330721e-06,2.75147546380438e-06,1.63842808934057e-06,0,0,0,0,0,0,0,0,0,0,0,0
0,0,0,0,0,0,0,0,0,0,0,0,0,0,0,0,0,0,0,0,0,0,0,0,0,0,0,0,0,0,0,0,0,0,0,0,0,0,0,0,0,0,0,0,0,0,0,3.06777901684453e-06,4.69361865180932e-06,7.02133838151253e-06,1.1051363925327e-05,1.57812024002548e-05,2.19735234924428e-05,3.17341211545394e-05,4.20545096617046e-05,5.44928547188327e-05,7.21924002680272e-05,8.90332971400615e-05,0.00010736388471175,0.000130481906501797,0.000149761388363475,0.000168073521820788,0.000187392042981772,0.000200173789171487,0.000209083518352697,0.0002138735133815,0.000212638999150714,0.000206725481114296,0.000194021509968681,0.000179554382547746,0.000162486970404714,0.000139938201352861,0.000120554097069859,0.000101559036103314,8.02701418601688e-05,6.43798596900462e-05,5.04958372324366e-05,3.66336769325865e-05,2.73584756146167e-05,1.99818934254779e-05,1.33089141232499e-05,9.25661520067962e-06,6.29687778361093e-06,3.85148399057727e-06,2.49540024868066e-06,9.89070009989948e-08,6.11652993599594e-08,3.997802886333e-08,0,0,0,0,0,0,0,0,0,0,0,0,1.39904141717657e-06,2.34946419513397e-06,3.53049221919163e-06,5.1871649737047e-06,7.98997235713119e-06,1.11722977601797e-05,1.52745386260716e-05,2.15804389472534e-05,2.8079430569527e-05,3.57227342592068e-05,4.62928397492721e-05,5.60496160908094e-05,6.63528888961598e-05,7.88689252205233e-05,8.88577965286884e-05,9.78844107204175e-05,0.00010671772880077,0.000111881167110863,0.0001146847775621,0.0001146847775621,0.000111881167110863,0.00010671772880077,9.78844107204175e-05,8.88577965286884e-05,7.88689252205233e-05,6.63528888961598e-05,5.60496160908095e-05,4.62928397492721e-05,3.57227342592068e-05,2.8079430569527e-05,2.15804389472534e-05,1.52745386260716e-05,1.11722977601797e-05,7.98997235713119e-06,5.1871649737047e-06,3.53049221919163e-06,2.34946419513397e-06,1.39904141717657e-06,0,0,0,0,0,0,0,0,0,0,0,0
0,0,0,0,0,0,0,0,0,0,0,0,0,0,0,0,0,0,0,0,0,0,0,0,0,0,0,0,0,0,0,0,0,0,0,0,0,0,0,0,0,0,0,0,0,0,0,2.55666545427484e-06,3.91162877010743e-06,5.85153401996063e-06,9.21012896149378e-06,1.31487633177794e-05,1.8307758561763e-05,2.64392807544969e-05,3.50368029751597e-05,4.53982587667462e-05,6.01415980435436e-05,7.41687849563609e-05,8.94356865359159e-05,0.000108688036338561,0.000124741781113339,0.000139987840213633,0.000156068197486589,0.000166703654021423,0.000174112570131959,0.000178086511736448,0.00017704504452877,0.000172107108693489,0.000161512910903189,0.000149454867543625,0.000135233889298077,0.000116450518925353,0.000100306870219909,8.44901352354515e-05,6.67668675283633e-05,5.3540652394039e-05,4.19864997222865e-05,3.04530134559985e-05,2.27377085143335e-05,1.66030768515262e-05,1.10550282747839e-05,7.68682586481822e-06,5.22742416831885e-06,3.19607965335218e-06,2.07001205585266e-06,7.58099859539487e-08,4.68818227073199e-08,3.06422576358008e-08,0,0,0,0,0,0,0,0,0,0,0,0,1.18499351273751e-06,1.99000529609871e-06,2.99034061833234e-06,4.39354887415999e-06,6.76753761104527e-06,9.46297958419473e-06,1.29375935263459e-05,1.82787155837973e-05,2.37833867230347e-05,3.02572946266562e-05,3.92102150197898e-05,4.74742424660147e-05,5.62011545391003e-05,6.68022859048102e-05,7.52628986889789e-05,8.2908475959143e-05,9.03903306724142e-05,9.47637829703663e-05,9.71384519088052e-05,9.71384519088052e-05,9.47637829703663e-05,9.03903306724142e-05,8.2908475959143e-05,7.52628986889789e-05,6.68022859048102e-05,5.62011545391003e-05,4.74742424660147e-05,3.92102150197898e-05,3.02572946266562e-05,2.37833867230347e-05,1.82787155837973e-05,1.29375935263459e-05,9.46297958419473e-06,6.76753761104527e-06,4.39354887415999e-06,2.99034061833234e-06,1.99000529609871e-06,1.18499351273751e-06,0,0,0,0,0,0,0,0,0,0,0,0
0,0,0,0,0,0,0,0,0,0,0,0,0,0,0,0,0,0,0,0,0,0,0,0,0,0,0,0,0,0,0,0,0,0,0,0,0,0,0,0,0,0,0,0,0,0,0,2.11351798908578e-06,3.23362517314273e-06,4.83728615891279e-06,7.61373499585934e-06,1.08395756926716e-05,1.50888166844212e-05,2.17835228731371e-05,2.88584790937537e-05,3.73806747328642e-05,4.94990685637135e-05,6.1020132609687e-05,7.35491472261944e-05,8.93314717050404e-05,0.000102473461463431,0.000114933517500528,0.000128041426040799,0.000136674727705657,0.00014264426199682,0.000145758894996357,0.000144778335566267,0.000140604903247062,0.000131782633915456,0.000121802861995889,0.000110074108490897,9.4628041366901e-05,8.13860475667475e-05,6.84397538545409e-05,5.39659802413381e-05,4.31897782428237e-05,3.3796385283772e-05,2.44432438480507e-05,1.82033174055506e-05,1.32547218170787e-05,8.79298155323795e-06,6.09338558477443e-06,4.12866393619521e-06,2.51218741197995e-06,1.61996387968167e-06,0,0,0,0,0,0,0,0,0,0,0,0,0,0,0,9.95597021744408e-07,1.67194446615535e-06,2.51239705670228e-06,3.69133174737567e-06,5.68588791219183e-06,7.95051971979812e-06,1.08697891126961e-05,1.53572442388323e-05,1.99821085380861e-05,2.54212973257136e-05,3.29432801749927e-05,3.98864752428446e-05,4.72185724869195e-05,5.61253341707363e-05,6.32336945115384e-05,6.96572857615086e-05,7.59433220896309e-05,7.96177692792391e-05,8.16128969295813e-05,8.16128969295813e-05,7.96177692792391e-05,7.59433220896309e-05,6.96572857615086e-05,6.32336945115384e-05,5.61253341707363e-05,4.72185724869195e-05,3.98864752428446e-05,3.29432801749927e-05,2.54212973257136e-05,1.99821085380861e-05,1.53572442388323e-05,1.08697891126961e-05,7.95051971979812e-06,5.68588791219183e-06,3.69133174737567e-06,2.51239705670228e-06,1.67194446615535e-06,9.95597021744408e-07,0,0,0,0,0,0,0,0,0,0,0,0
0,0,0,0,0,0,0,0,0,0,0,0,0,0,0,0,0,0,0,0,0,0,0,0,0,0,0,0,0,0,0,0,0,0,0,0,0,0,0,0,0,0,0,0,0,0,0,1.73308637793907e-06,2.65157513107265e-06,3.96657837382842e-06,6.24326855730693e-06,8.88846041179644e-06,1.2372841295901e-05,1.78625055239243e-05,2.36639750708051e-05,3.06521820548691e-05,4.05892743243466e-05,5.00365557104289e-05,6.03103573402229e-05,7.32518755613826e-05,8.40283172793608e-05,9.42455728209571e-05,0.000104994067913843,0.000112073381924545,0.000116968404638371,0.000119522406095492,0.000118718346608029,0.000115296128893765,0.000108061861250871,9.98784405948579e-05,9.02608536925107e-05,7.75950667611635e-05,6.67366216519612e-05,5.61206508424916e-05,4.42521453384215e-05,3.54156514046161e-05,2.77130619475927e-05,2.0043478770684e-05,1.49267342846262e-05,1.08688820928784e-05,7.21025164208704e-06,4.99658086992241e-06,3.38550760573527e-06,2.05999561158964e-06,1.3283716283125e-06,0,0,0,0,0,0,0,0,0,0,0,0,0,0,0,8.29723555020275e-07,1.39338675785135e-06,2.09381403517763e-06,3.07632991390972e-06,4.73857899221574e-06,6.6259072115457e-06,9.0588057898211e-06,1.27986193277603e-05,1.66529487040573e-05,2.1185930381111e-05,2.74546979790394e-05,3.32411079110453e-05,3.93516261812276e-05,4.67744587195034e-05,5.26985162282346e-05,5.80518919932444e-05,6.32906304539297e-05,6.63528888961599e-05,6.80156142464835e-05,6.80156142464835e-05,6.63528888961599e-05,6.32906304539297e-05,5.80518919932444e-05,5.26985162282346e-05,4.67744587195034e-05,3.93516261812275e-05,3.32411079110453e-05,2.74546979790394e-05,2.1185930381111e-05,1.66529487040573e-05,1.27986193277603e-05,9.0588057898211e-06,6.6259072115457e-06,4.73857899221574e-06,3.07632991390972e-06,2.09381403517763e-06,1.39338675785135e-06,8.29723555020275e-07,0,0,0,0,0,0,0,0,0,0,0,0
0,0,0,0,0,0,0,0,0,0,0,0,0,0,0,0,0,0,0,0,0,0,0,0,0,0,0,0,0,0,0,0,0,0,0,0,0,0,0,0,0,0,0,0,0,0,0,1.40966748805245e-06,2.15675300549442e-06,3.2263576954815e-06,5.07818468625982e-06,7.22974562655712e-06,1.00638908318034e-05,1.45291046151876e-05,1.92479363521778e-05,2.49320432210637e-05,3.30147308910906e-05,4.06990134461702e-05,4.90555756582875e-05,5.95820201071219e-05,6.83474225245078e-05,7.66579909632487e-05,8.54006619984634e-05,9.11588740100695e-05,9.51404149538999e-05,9.72178029389256e-05,9.65637925373869e-05,9.37802099587896e-05,8.78959608954604e-05,8.12396844474528e-05,7.34168778393481e-05,6.31147092486794e-05,5.42826064544454e-05,4.56477287618407e-05,3.59940573962191e-05,2.88065805540833e-05,2.25414052751145e-05,1.63030768288089e-05,1.21411905901987e-05,8.84059208637136e-06,5.86471479431604e-06,4.06414688466385e-06,2.75372310526988e-06,1.67557074832119e-06,1.080478342176e-06,0,0,0,0,0,0,0,0,0,0,0,0,0,0,0,6.85907362878239e-07,1.15187068122216e-06,1.73089272268646e-06,2.54310887744014e-06,3.91723990559904e-06,5.47743705074899e-06,7.48864070753118e-06,1.05802314258416e-05,1.37664889234914e-05,1.75137677481926e-05,2.26959682842333e-05,2.74794183297097e-05,3.25307989337202e-05,3.86670300442026e-05,4.35642691773662e-05,4.79897429767504e-05,5.2320449584555e-05,5.48519260020353e-05,5.62264507498634e-05,5.62264507498634e-05,5.48519260020353e-05,5.23204495845551e-05,4.79897429767504e-05,4.35642691773662e-05,3.86670300442026e-05,3.25307989337202e-05,2.74794183297097e-05,2.26959682842333e-05,1.75137677481926e-05,1.37664889234914e-05,1.05802314258416e-05,7.48864070753118e-06,5.47743705074899e-06,3.91723990559904e-06,2.54310887744014e-06,1.73089272268646e-06,1.15187068122216e-06,6.85907362878239e-07,0,0,0,0,0,0,0,0,0,0,0,0
0,0,0,0,0,0,0,0,0,0,0,0,0,0,0,0,0,0,0,0,0,0,0,0,0,0,0,0,0,0,0,0,0,0,0,0,0,0,0,0,0,0,0,0,0,0,0,1.1373532499677e-06,1.74011961045201e-06,2.60310210855743e-06,4.09720015947403e-06,5.83313068826242e-06,8.11978643324284e-06,1.17224270923879e-05,1.55296927473059e-05,2.01157653319994e-05,2.66370699431169e-05,3.28369318337849e-05,3.95792049379478e-05,4.80721906285143e-05,5.51443257321351e-05,6.1849489966248e-05,6.89032848502015e-05,7.35491472261943e-05,7.67615491370885e-05,7.84376351617985e-05,7.79099640180663e-05,7.56641034025995e-05,7.09165513362302e-05,6.55461092177955e-05,5.92344828271714e-05,5.09224482320482e-05,4.37964976783123e-05,3.68296730264039e-05,2.90408614131212e-05,2.32418341852431e-05,1.81869417900179e-05,1.31537100577786e-05,9.79580127460955e-06,7.13279991649998e-06,4.73179135362229e-06,3.27905034825246e-06,2.22176928235528e-06,1.3518903232895e-06,8.71755619256981e-07,0,0,0,0,0,0,0,0,0,0,0,0,0,0,0,5.6244456554003e-07,9.4453484525913e-07,1.41933336496433e-06,2.08535123706891e-06,3.21213973790194e-06,4.49150259789275e-06,6.14069114458602e-06,8.67579791336459e-06,1.12885315140716e-05,1.43613030348091e-05,1.86107114633816e-05,2.25331441827517e-05,2.66752801663602e-05,3.17069944003437e-05,3.57227342592068e-05,3.93516261812275e-05,4.29028089332057e-05,4.49786215441534e-05,4.61057328954182e-05,4.61057328954182e-05,4.49786215441534e-05,4.29028089332057e-05,3.93516261812275e-05,3.57227342592068e-05,3.17069944003437e-05,2.66752801663602e-05,2.25331441827517e-05,1.86107114633816e-05,1.43613030348091e-05,1.12885315140716e-05,8.67579791336459e-06,6.14069114458602e-06,4.49150259789275e-06,3.21213973790194e-06,2.08535123706891e-06,1.41933336496433e-06,9.4453484525913e-07,5.6244456554003e-07,0,0,0,0,0,0,0,0,0,0,0,0
0,0,0,0,0,0,0,0,0,0,0,0,0,0,0,0,0,0,0,0,0,0,0,0,0,0,0,0,0,0,0,0,0,0,0,0,0,0,0,0,0,0,0,0,0,0,0,9.10240755938911e-07,1.39264365726914e-06,2.08330141154191e-06,3.27905034825246e-06,4.66834142103628e-06,6.49838609180336e-06,9.38163310151614e-06,1.24286445448748e-05,1.60989467807023e-05,2.13180440480642e-05,2.62798859157853e-05,3.16758275612276e-05,3.84728905804603e-05,4.41328257000062e-05,4.94990685637134e-05,5.51443257321351e-05,5.88624786289875e-05,6.14334117527421e-05,6.27748083770487e-05,6.23525052968301e-05,6.0555109576183e-05,5.67555729046397e-05,5.24575280414901e-05,4.74062393788262e-05,4.07539942179933e-05,3.50509897917079e-05,2.94753361961104e-05,2.32418341852431e-05,1.86007862717966e-05,1.45552805547731e-05,1.05271101891463e-05,7.83972574701935e-06,5.70848607338161e-06,3.78692313824985e-06,2.62427286143494e-06,1.77811506772443e-06,1.08193797296704e-06,6.97679013876297e-07,0,0,0,0,0,0,0,0,0,0,0,0,0,0,0,4.57484305436874e-07,7.68271033482934e-07,1.15446530811556e-06,1.6961946487409e-06,2.612708179604e-06,3.65332349578661e-06,4.9947496967741e-06,7.05676901455243e-06,9.18192887890878e-06,1.16812769588055e-05,1.5137684545563e-05,1.83281348017957e-05,2.16972885274909e-05,2.57900123842511e-05,2.90563573232998e-05,3.20080457245508e-05,3.48965266065881e-05,3.65849626742825e-05,3.7501738807035e-05,3.7501738807035e-05,3.65849626742825e-05,3.48965266065881e-05,3.20080457245508e-05,2.90563573232998e-05,2.57900123842511e-05,2.16972885274909e-05,1.83281348017957e-05,1.5137684545563e-05,1.16812769588055e-05,9.18192887890878e-06,7.05676901455242e-06,4.9947496967741e-06,3.65332349578661e-06,2.612708179604e-06,1.6961946487409e-06,1.15446530811556e-06,7.68271033482934e-07,4.57484305436874e-07,0,0,0,0,0,0,0,0,0,0,0,0
0,0,0,0,0,0,0,0,0,0,0,0,0,0,0,0,0,0,0,0,0,0,0,0,0,0,0,0,0,0,0,0,0,0,0,0,0,0,0,0,0,0,0,0,0,0,0,7.22602393812668e-07,1.10556205476944e-06,1.65384660837415e-06,2.60310210855743e-06,3.70600268551592e-06,5.15879926845553e-06,7.44768951818139e-06,9.86658556143143e-06,1.27802863206215e-05,1.69235112359316e-05,2.08625117563344e-05,2.5146126090707e-05,3.05420325874743e-05,3.5035220394682e-05,3.92952580976689e-05,4.37767936880873e-05,4.67284811029797e-05,4.87694383084622e-05,4.98343174686755e-05,4.94990685637134e-05,4.80721906285143e-05,4.50558960094009e-05,4.16438564071722e-05,3.76338477850966e-05,3.23529061813686e-05,2.7825527437371e-05,2.33992472373671e-05,1.84507284575828e-05,1.47663929560413e-05,1.155483371061e-05,8.35703628185743e-06,6.22363320327e-06,4.53173039633557e-06,3.00628125804067e-06,2.08330141154191e-06,1.41157182429906e-06,8.58905695138178e-07,5.53858440473641e-07,0,0,0,0,0,0,0,0,0,0,0,0,0,0,0,3.69109216185943e-07,6.19859338598403e-07,9.31450062719573e-07,1.36853017656566e-06,2.10799508712175e-06,2.94758826910086e-06,4.029882825949e-06,5.693569044471e-06,7.40819855739674e-06,9.42473202047489e-06,1.22134438516904e-05,1.47875749844157e-05,1.75058883257089e-05,2.0807995254583e-05,2.34433600221107e-05,2.58248524126977e-05,2.81553474737659e-05,2.95176178426513e-05,3.02572946266561e-05,3.02572946266561e-05,2.95176178426513e-05,2.81553474737659e-05,2.58248524126977e-05,2.34433600221107e-05,2.0807995254583e-05,1.75058883257089e-05,1.47875749844157e-05,1.22134438516904e-05,9.42473202047489e-06,7.40819855739674e-06,5.69356904447099e-06,4.029882825949e-06,2.94758826910086e-06,2.10799508712175e-06,1.36853017656566e-06,9.31450062719574e-07,6.19859338598403e-07,3.69109216185943e-07,0,0,0,0,0,0,0,0,0,0,0,0
0,0,0,0,0,0,0,0,0,0,0,0,0,0,0,0,0,0,0,0,0,0,0,0,0,0,0,0,0,0,0,0,0,0,0,0,0,0,0,0,0,0,0,0,0,0,0,5.6901632903142e-07,8.7057954320094e-07,1.30232854739489e-06,2.04982382924308e-06,2.91830758041958e-06,4.06231842999891e-06,5.86471479431605e-06,7.76948477380159e-06,1.00638908318034e-05,1.3326490917062e-05,1.64282736337596e-05,1.98014239642897e-05,2.40504534899008e-05,2.75886333431617e-05,3.09432181550098e-05,3.44722224205902e-05,3.67965412322239e-05,3.84037016661194e-05,3.92422452909329e-05,3.89782521145378e-05,3.78546510143823e-05,3.54794569849392e-05,3.27926318850028e-05,2.96349335365673e-05,2.54764336050522e-05,2.19113299531645e-05,1.8425836779828e-05,1.45291046151877e-05,1.16278589509631e-05,9.09890296085053e-06,6.58078377182582e-06,4.90082644187978e-06,3.56853037903368e-06,2.36730896566851e-06,1.64050455909349e-06,1.11154823801354e-06,6.76348943508215e-07,4.36138185120766e-07,0,0,0,0,0,0,0,0,0,0,0,0,0,0,0,2.95403606552892e-07,4.96082666451805e-07,7.45453366606449e-07,1.0952550955279e-06,1.68705988370077e-06,2.35899881970639e-06,3.22517528300131e-06,4.55664815762106e-06,5.92889170996069e-06,7.54275349288564e-06,9.7746011316148e-06,1.18347166394435e-05,1.40102233175383e-05,1.66529487040572e-05,1.87620704023838e-05,2.06680142539816e-05,2.25331441827516e-05,2.3623389460903e-05,2.42153638145545e-05,2.42153638145545e-05,2.3623389460903e-05,2.25331441827516e-05,2.06680142539816e-05,1.87620704023838e-05,1.66529487040572e-05,1.40102233175383e-05,1.18347166394435e-05,9.7746011316148e-06,7.54275349288564e-06,5.92889170996069e-06,4.55664815762106e-06,3.22517528300131e-06,2.35899881970639e-06,1.68705988370077e-06,1.0952550955279e-06,7.45453366606449e-07,4.96082666451805e-07,2.95403606552892e-07,0,0,0,0,0,0,0,0,0,0,0,0
0,0,0,0,0,0,0,0,0,0,0,0,0,0,0,0,0,0,0,0,0,0,0,0,0,0,0,0,0,0,0,0,0,0,0,0,0,0,0,0,0,0,0,0,0,0,0,4.44459586355379e-07,6.80011106744845e-07,1.01725096089813e-06,1.60112074955317e-06,2.27949482971593e-06,3.17308357760934e-06,4.58093832915304e-06,6.06875727913882e-06,7.86092160807225e-06,1.04093438770876e-05,1.28321514361859e-05,1.5466924682806e-05,1.87858486029324e-05,2.15495266799889e-05,2.41697983695658e-05,2.69263093800603e-05,2.87418386098369e-05,2.99971942564346e-05,3.06521820548691e-05,3.04459765525052e-05,2.95683298933071e-05,2.77130619475927e-05,2.56143784624286e-05,2.31478951118195e-05,1.98996840058812e-05,1.71149757056304e-05,1.43924512805359e-05,1.13487074059412e-05,9.08253966690364e-06,7.10716800192927e-06,5.14026098002961e-06,3.82804355872381e-06,2.78738492243574e-06,1.84910890948845e-06,1.28140079739002e-06,8.68232148842724e-07,5.28297267277474e-07,3.40668250562381e-07,0,0,0,0,0,0,0,0,0,0,0,0,0,0,0,2.34508674593276e-07,3.93819459267438e-07,5.91784518184861e-07,8.6947760655654e-07,1.33928688922529e-06,1.87271134916694e-06,2.56033292813644e-06,3.61733403495288e-06,4.70670129229107e-06,5.9878792444049e-06,7.75965054320519e-06,9.39509082400439e-06,1.11221353702851e-05,1.32200854763736e-05,1.48944297398108e-05,1.64074795353195e-05,1.78881288498085e-05,1.87536293700775e-05,1.92235732637488e-05,1.92235732637488e-05,1.87536293700775e-05,1.78881288498085e-05,1.64074795353195e-05,1.48944297398108e-05,1.32200854763736e-05,1.11221353702851e-05,9.39509082400439e-06,7.75965054320519e-06,5.9878792444049e-06,4.70670129229107e-06,3.61733403495288e-06,2.56033292813644e-06,1.87271134916694e-06,1.33928688922529e-06,8.6947760655654e-07,5.91784518184861e-07,3.93819459267438e-07,2.34508674593276e-07,0,0,0,0,0,0,0,0,0,0,0,0
0,0,0,0,0,0,0,0,0,0,0,0,0,0,0,0,0,0,0,0,0,0,0,0,0,0,0,0,0,0,0,0,0,0,0,0,0,0,0,0,0,0,0,0,0,0,0,3.4436740715834e-07,5.26872788567454e-07,7.88166318351652e-07,1.24054878778152e-06,1.76615320771248e-06,2.45850601013775e-06,3.5493122506336e-06,4.70207477360904e-06,6.09064417812404e-06,8.06516243820204e-06,9.9423543872203e-06,1.19837774079924e-05,1.45552805547731e-05,1.6696579072869e-05,1.87267662833402e-05,2.08625117563344e-05,2.22691842923127e-05,2.32418341852431e-05,2.37493189077953e-05,2.35895508290524e-05,2.29095499612399e-05,2.14720878574554e-05,1.98460273281767e-05,1.79349953641382e-05,1.54182805248266e-05,1.32606877841382e-05,1.11512751266612e-05,8.79298155323795e-06,7.03715417897078e-06,5.50663568117116e-06,3.98267559110454e-06,2.96596917982293e-06,2.15966658827772e-06,1.43269008085872e-06,9.92829682775705e-07,6.72706502654702e-07,4.09324864906198e-07,2.63949852244907e-07,0,0,0,0,0,0,0,0,0,0,0,0,0,0,0,1.84664853432084e-07,3.10114808547936e-07,4.66003236355835e-07,6.84673840128584e-07,1.05462715838227e-06,1.47467451860491e-06,2.01614505617615e-06,2.84848507432832e-06,3.70631195539772e-06,4.71518098405027e-06,6.11036983058479e-06,7.3982042370284e-06,8.75817281201926e-06,1.04102125479505e-05,1.17286820610238e-05,1.2920139559164e-05,1.40860831606902e-05,1.47676252273027e-05,1.5137684545563e-05,1.5137684545563e-05,1.47676252273027e-05,1.40860831606902e-05,1.2920139559164e-05,1.17286820610238e-05,1.04102125479505e-05,8.75817281201926e-06,7.3982042370284e-06,6.11036983058479e-06,4.71518098405027e-06,3.70631195539772e-06,2.84848507432832e-06,2.01614505617615e-06,1.47467451860491e-06,1.05462715838227e-06,6.84673840128584e-07,4.66003236355835e-07,3.10114808547936e-07,1.84664853432084e-07,0,0,0,0,0,0,0,0,0,0,0,0
0,0,0,0,0,0,0,0,0,0,0,0,0,0,0,0,0,0,0,0,0,0,0,0,0,0,0,0,0,0,0,0,0,0,0,0,0,0,0,0,0,0,0,0,0,0,0,2.64663479809652e-07,4.04927942484292e-07,6.05745015781347e-07,9.53423443168469e-07,1.35737658127221e-06,1.88948414469671e-06,2.72782299270207e-06,3.61377832524186e-06,4.68096297430239e-06,6.19847846153216e-06,7.64119383810494e-06,9.21012896149378e-06,1.11864570257102e-05,1.28321514361859e-05,1.43924512805359e-05,1.60338778996656e-05,1.71149757056304e-05,1.78625055239243e-05,1.82525327733938e-05,1.81297430586774e-05,1.76071285713369e-05,1.65023674511674e-05,1.52526590609011e-05,1.37839359497231e-05,1.18497154247402e-05,1.01914980937951e-05,8.57030955307554e-06,6.75784365014543e-06,5.40840298544012e-06,4.23212339823041e-06,3.06088427355155e-06,2.27949482971593e-06,1.65981118596222e-06,1.10109358321037e-06,7.63038990449265e-07,5.17008404925241e-07,3.14586516803776e-07,2.02858589222585e-07,0,0,0,0,0,0,0,0,0,0,0,0,0,0,0,1.44242019399532e-07,2.42231184761452e-07,3.63995890985311e-07,5.34799857659439e-07,8.23771000336007e-07,1.15187068122216e-06,1.5748142047625e-06,2.22495635587556e-06,2.89500633734732e-06,3.68303558762373e-06,4.77281988023606e-06,5.77874944390338e-06,6.84102312474071e-06,8.13143406764722e-06,9.16129276326721e-06,1.00919421660441e-05,1.10026626223975e-05,1.15350162466353e-05,1.18240701860907e-05,1.18240701860907e-05,1.15350162466353e-05,1.10026626223975e-05,1.00919421660441e-05,9.16129276326721e-06,8.13143406764722e-06,6.8410231247407e-06,5.77874944390339e-06,4.77281988023606e-06,3.68303558762373e-06,2.89500633734732e-06,2.22495635587556e-06,1.5748142047625e-06,1.15187068122216e-06,8.23771000336007e-07,5.34799857659439e-07,3.63995890985311e-07,2.42231184761452e-07,1.44242019399532e-07,0,0,0,0,0,0,0,0,0,0,0,0
0,0,0,0,0,0,0,0,0,0,0,0,0,0,0,0,0,0,0,0,0,0,0,0,0,0,0,0,0,0,0,0,0,0,0,0,0,0,0,0,0,0,0,0,0,0,0,0,0,0,0,0,0,0,0,0,0,0,0,0,0,0,0,0,0,0,0,0,0,0,0,0,0,0,0,0,0,0,0,0,0,0,0,0,0,0,0,0,0,0,0,0,0,0,0,0,0,0,0,0,1.11758755461252e-07,1.87680787162719e-07,2.82024114324482e-07,4.14363073684667e-07,6.38257992822589e-07,8.92469713898849e-07,1.22016646979589e-06,1.72389678349901e-06,2.2430516895233e-06,2.8536169647779e-06,3.69798212806796e-06,4.47737662479742e-06,5.30042655867825e-06,6.3002373046257e-06,7.0981720992339e-06,7.81923950703974e-06,8.52486596179175e-06,8.93733369316282e-06,9.1612927632672e-06,9.1612927632672e-06,8.93733369316282e-06,8.52486596179175e-06,7.81923950703974e-06,7.0981720992339e-06,6.3002373046257e-06,5.30042655867825e-06,4.47737662479742e-06,3.69798212806796e-06,2.8536169647779e-06,2.2430516895233e-06,1.723896783499e-06,1.22016646979589e-06,8.92469713898849e-07,6.38257992822589e-07,4.14363073684667e-07,2.82024114324482e-07,1.87680787162719e-07,1.11758755461252e-07,0,0,0,0,0,0,0,0,0,0,0,0
0,0,0,0,0,0,0,0,0,0,0,0,0,0,0,0,0,0,0,0,0,0,0,0,0,0,0,0,0,0,0,0,0,0,0,0,0,0,0,0,0,0,0,0,0,0,0,0,0,0,0,0,0,0,0,0,0,0,0,0,0,0,0,0,0,0,0,0,0,0,0,0,0,0,0,0,0,0,0,0,0,0,0,0,0,0,0,0,0,0,0,0,0,0,0,0,0,0,0,0,8.58921619895655e-08,1.44242019399532e-07,2.16749558569671e-07,3.18458630829666e-07,4.90533011793068e-07,6.85907362878239e-07,9.37758618064442e-07,1.32490041760464e-06,1.723896783499e-06,2.19314656452001e-06,2.8420831877343e-06,3.44108662232491e-06,4.07364143160698e-06,4.8420457163129e-06,5.45529829194095e-06,6.00947445774595e-06,6.55178348316003e-06,6.86878544915523e-06,7.04090913332695e-06,7.04090913332695e-06,6.86878544915523e-06,6.55178348316003e-06,6.00947445774595e-06,5.45529829194095e-06,4.8420457163129e-06,4.07364143160698e-06,3.44108662232491e-06,2.8420831877343e-06,2.19314656452001e-06,1.723896783499e-06,1.32490041760464e-06,9.37758618064442e-07,6.85907362878239e-07,4.90533011793068e-07,3.18458630829666e-07,2.16749558569671e-07,1.44242019399532e-07,8.58921619895655e-08,0,0,0,0,0,0,0,0,0,0,0,0
0,0,0,0,0,0,0,0,0,0,0,0,0,0,0,0,0,0,0,0,0,0,0,0,0,0,0,0,0,0,0,0,0,0,0,0,0,0,0,0,0,0,0,0,0,0,0,0,0,0,0,0,0,0,0,0,0,0,0,0,0,0,0,0,0,0,0,0,0,0,0,0,0,0,0,0,0,0,0,0,0,0,0,0,0,0,0,0,0,0,0,0,0,0,0,0,0,0,0,0,0,0,0,0,0,0,0,0,0,0,0,0,0,0,0,0,0,0,0,0,0,0,0,0,0,0,0,0,0,0,0,0,0,0,0,0,0,0,0,0,0,0,0,0,0,0,0,0,0,0
0,0,0,0,0,0,0,0,0,0,0,0,0,0,0,0,0,0,0,0,0,0,0,0,0,0,0,0,0,0,0,0,0,0,0,0,0,0,0,0,0,0,0,0,0,0,0,0,0,0,0,0,0,0,0,0,0,0,0,0,0,0,0,0,0,0,0,0,0,0,0,0,0,0,0,0,0,0,0,0,0,0,0,0,0,0,0,0,0,0,0,0,0,0,0,0,0,0,0,0,0,0,0,0,0,0,0,0,0,0,0,0,0,0,0,0,0,0,0,0,0,0,0,0,0,0,0,0,0,0,0,0,0,0,0,0,0,0,0,0,0,0,0,0,0,0,0,0,0,0
0,0,0,0,0,0,0,0,0,0,0,0,0,0,0,0,0,0,0,0,0,0,0,0,0,0,0,0,0,0,0,0,0,0,0,0,0,0,0,0,0,0,0,0,0,0,0,0,0,0,0,0,0,0,0,0,0,0,0,0,0,0,0,0,0,0,0,0,0,0,0,0,0,0,0,0,0,0,0,0,0,0,0,0,0,0,0,0,0,0,0,0,0,0,0,0,0,0,0,0,0,0,0,0,0,0,0,0,0,0,0,0,0,0,0,0,0,0,0,0,0,0,0,0,0,0,0,0,0,0,0,0,0,0,0,0,0,0,0,0,0,0,0,0,0,0,0,0,0,0
0,0,0,0,0,0,0,0,0,0,0,0,0,0,0,0,0,0,0,0,0,0,0,0,0,0,0,0,0,0,0,0,0,0,0,0,0,0,0,0,0,0,0,0,0,0,0,0,0,0,0,0,0,0,0,0,0,0,0,0,0,0,0,0,0,0,0,0,0,0,0,0,0,0,0,0,0,0,0,0,0,0,0,0,0,0,0,0,0,0,0,0,0,0,0,0,0,0,0,0,0,0,0,0,0,0,0,0,0,0,0,0,0,0,0,0,0,0,0,0,0,0,0,0,0,0,0,0,0,0,0,0,0,0,0,0,0,0,0,0,0,0,0,0,0,0,0,0,0,0
0,0,0,0,0,0,0,0,0,0,0,0,0,0,0,0,0,0,0,0,0,0,0,0,0,0,0,0,0,0,0,0,0,0,0,0,0,0,0,0,0,0,0,0,0,0,0,0,0,0,0,0,0,0,0,0,0,0,0,0,0,0,0,0,0,0,0,0,0,0,0,0,0,0,0,0,0,0,0,0,0,0,0,0,0,0,0,0,0,0,0,0,0,0,0,0,0,0,0,0,0,0,0,0,0,0,0,0,0,0,0,0,0,0,0,0,0,0,0,0,0,0,0,0,0,0,0,0,0,0,0,0,0,0,0,0,0,0,0,0,0,0,0,0,0,0,0,0,0,0
0,0,0,0,0,0,0,0,0,0,0,0,0,0,0,0,0,0,0,0,0,0,0,0,0,0,0,0,0,0,0,0,0,0,0,0,0,0,0,0,0,0,0,0,0,0,0,0,0,0,0,0,0,0,0,0,0,0,0,0,0,0,0,0,0,0,0,0,0,0,0,0,0,0,0,0,0,0,0,0,0,0,0,0,0,0,0,0,0,0,0,0,0,0,0,0,0,0,0,0,0,0,0,0,0,0,0,0,0,0,0,0,0,0,0,0,0,0,0,0,0,0,0,0,0,0,0,0,0,0,0,0,0,0,0,0,0,0,0,0,0,0,0,0,0,0,0,0,0,0
0,0,0,0,0,0,0,0,0,0,0,0,0,0,0,0,0,0,0,0,0,0,0,0,0,0,0,0,0,0,0,0,0,0,0,0,0,0,0,0,0,0,0,0,0,0,0,0,0,0,0,0,0,0,0,0,0,0,0,0,0,0,0,0,0,0,0,0,0,0,0,0,0,0,0,0,0,0,0,0,0,0,0,0,0,0,0,0,0,0,0,0,0,0,0,0,0,0,0,0,0,0,0,0,0,0,0,0,0,0,0,0,0,0,0,0,0,0,0,0,0,0,0,0,0,0,0,0,0,0,0,0,0,0,0,0,0,0,0,0,0,0,0,0,0,0,0,0,0,0
0,0,0,0,0,0,0,0,0,0,0,0,0,0,0,0,0,0,0,0,0,0,0,0,0,0,0,0,0,0,0,0,0,0,0,0,0,0,0,0,0,0,0,0,0,0,0,0,0,0,0,0,0,0,0,0,0,0,0,0,0,0,0,0,0,0,0,0,0,0,0,0,0,0,0,0,0,0,0,0,0,0,0,0,0,0,0,0,0,0,0,0,0,0,0,0,0,0,0,0,0,0,0,0,0,0,0,0,0,0,0,0,0,0,0,0,0,0,0,0,0,0,0,0,0,0,0,0,0,0,0,0,0,0,0,0,0,0,0,0,0,0,0,0,0,0,0,0,0,0
0,0,0,0,0,0,0,0,0,0,0,0,0,0,0,0,0,0,0,0,0,0,0,0,0,0,0,0,0,0,0,0,0,0,0,0,0,0,0,0,0,0,0,0,0,0,0,0,0,0,0,0,0,0,0,0,0,0,0,0,0,0,0,0,0,0,0,0,0,0,0,0,0,0,0,0,0,0,0,0,0,0,0,0,0,0,0,0,0,0,0,0,0,0,0,0,0,0,0,0,0,0,0,0,0,0,0,0,0,0,0,0,0,0,0,0,0,0,0,0,0,0,0,0,0,0,0,0,0,0,0,0,0,0,0,0,0,0,0,0,0,0,0,0,0,0,0,0,0,0
0,0,0,0,0,0,0,0,0,0,0,0,0,0,0,0,0,0,0,0,0,0,0,0,0,0,0,0,0,0,0,0,0,0,0,0,0,0,0,0,0,0,0,0,0,0,0,0,0,0,0,0,0,0,0,0,0,0,0,0,0,0,0,0,0,0,0,0,0,0,0,0,0,0,0,0,0,0,0,0,0,0,0,0,0,0,0,0,0,0,0,0,0,0,0,0,0,0,0,0,0,0,0,0,0,0,0,0,0,0,0,0,0,0,0,0,0,0,0,0,0,0,0,0,0,0,0,0,0,0,0,0,0,0,0,0,0,0,0,0,0,0,0,0,0,0,0,0,0,0
0,0,0,0,0,0,0,0,0,0,0,0,0,0,0,0,0,0,0,0,0,0,0,0,0,0,0,0,0,0,0,0,0,0,0,0,0,0,0,0,0,0,0,0,0,0,0,0,0,0,0,0,0,0,0,0,0,0,0,0,0,0,0,0,0,0,0,0,0,0,0,0,0,0,0,0,0,0,0,0,0,0,0,0,0,0,0,0,0,0,0,0,0,0,0,0,0,0,0,0,0,0,0,0,0,0,0,0,0,0,0,0,0,0,0,0,0,0,0,0,0,0,0,0,0,0,0,0,0,0,0,0,0,0,0,0,0,0,0,0,0,0,0,0,0,0,0,0,0,0
0,0,0,0,0,0,0,0,0,0,0,0,0,0,0,0,0,0,0,0,0,0,0,0,0,0,0,0,0,0,0,0,0,0,0,0,0,0,0,0,0,0,0,0,0,0,0,0,0,0,0,0,0,0,0,0,0,0,0,0,0,0,0,0,0,0,0,0,0,0,0,0,0,0,0,0,0,0,0,0,0,0,0,0,0,0,0,0,0,0,0,0,0,0,0,0,0,0,0,0,0,0,0,0,0,0,0,0,0,0,0,0,0,0,0,0,0,0,0,0,0,0,0,0,0,0,0,0,0,0,0,0,0,0,0,0,0,0,0,0,0,0,0,0,0,0,0,0,0,0
0,0,0,0,0,0,0,0,0,0,0,0,0,0,0,0,0,0,0,0,0,0,0,0,0,0,0,0,0,0,0,0,0,0,0,0,0,0,0,0,0,0,0,0,0,0,0,0,0,0,0,0,0,0,0,0,0,0,0,0,0,0,0,0,0,0,0,0,0,0,0,0,0,0,0,0,0,0,0,0,0,0,0,0,0,0,0,0,0,0,0,0,0,0,0,0,0,0,0,0,0,0,0,0,0,0,0,0,0,0,0,0,0,0,0,0,0,0,0,0,0,0,0,0,0,0,0,0,0,0,0,0,0,0,0,0,0,0,0,0,0,0,0,0,0,0,0,0,0,0
0,0,0,0,0,0,0,0,0,0,0,0,0,0,0,0,0,0,0,0,0,0,0,0,0,0,0,0,0,0,0,0,0,0,0,0,0,0,0,0,0,0,0,0,0,0,0,0,0,0,0,0,0,0,0,0,0,0,0,0,0,0,0,0,0,0,0,0,0,0,0,0,0,0,0,0,0,0,0,0,0,0,0,0,0,0,0,0,0,0,0,0,0,0,0,0,0,0,0,0,0,0,0,0,0,0,0,0,0,0,0,0,0,0,0,0,0,0,0,0,0,0,0,0,0,0,0,0,0,0,0,0,0,0,0,0,0,0,0,0,0,0,0,0,0,0,0,0,0,0
0,0,0,0,0,0,0,0,0,0,0,0,0,0,0,0,0,0,0,0,0,0,0,0,0,0,0,0,0,0,0,0,0,0,0,0,0,0,0,0,0,0,0,0,0,0,0,0,0,0,0,0,0,0,0,0,0,0,0,0,0,0,0,0,0,0,0,0,0,0,0,0,0,0,0,0,0,0,0,0,0,0,0,0,0,0,0,0,0,0,0,0,0,0,0,0,0,0,0,0,0,0,0,0,0,0,0,0,0,0,0,0,0,0,0,0,0,0,0,0,0,0,0,0,0,0,0,0,0,0,0,0,0,0,0,0,0,0,0,0,0,0,0,0,0,0,0,0,0,0
0,0,0,0,0,0,0,0,0,0,0,0,0,0,0,0,0,0,0,0,0,0,0,0,0,0,0,0,0,0,0,0,0,0,0,0,0,0,0,0,0,0,0,0,0,0,0,0,0,0,0,0,0,0,0,0,0,0,0,0,0,0,0,0,0,0,0,0,0,0,0,0,0,0,0,0,0,0,0,0,0,0,0,0,0,0,0,0,0,0,0,0,0,0,0,0,0,0,0,0,0,0,0,0,0,0,0,0,0,0,0,0,0,0,0,0,0,0,0,0,0,0,0,0,0,0,0,0,0,0,0,0,0,0,0,0,0,0,0,0,0,0,0,0,0,0,0,0,0,0
0,0,0,0,0,0,0,0,0,0,0,0,0,0,0,0,0,0,0,0,0,0,0,0,0,0,0,0,0,0,0,0,0,0,0,0,0,0,0,0,0,0,0,0,0,0,0,0,0,0,0,0,0,0,0,0,0,0,0,0,0,0,0,0,0,0,0,0,0,0,0,0,0,0,0,0,0,0,0,0,0,0,0,0,0,0,0,0,0,0,0,0,0,0,0,0,0,0,0,0,0,0,0,0,0,0,0,0,0,0,0,0,0,0,0,0,0,0,0,0,0,0,0,0,0,0,0,0,0,0,0,0,0,0,0,0,0,0,0,0,0,0,0,0,0,0,0,0,0,0
0,0,0,0,0,0,0,0,0,0,0,0,0,0,0,0,0,0,0,0,0,0,0,0,0,0,0,0,0,0,0,0,0,0,0,0,0,0,0,0,0,0,0,0,0,0,0,0,0,0,0,0,0,0,0,0,0,0,0,0,0,0,0,0,0,0,0,0,0,0,0,0,0,0,0,0,0,0,0,0,0,0,0,0,0,0,0,0,0,0,0,0,0,0,0,0,0,0,0,0,0,0,0,0,0,0,0,0,0,0,0,0,0,0,0,0,0,0,0,0,0,0,0,0,0,0,0,0,0,0,0,0,0,0,0,0,0,0,0,0,0,0,0,0,0,0,0,0,0,0
