"V1","V2","V3","V4","V5","V6","V7","V8","V9","V10","V11","V12","V13","V14","V15","V16","V17","V18","V19","V20","V21","V22","V23","V24","V25","V26","V27","V28","V29","V30","V31","V32","V33","V34","V35","V36","V37","V38","V39","V40","V41","V42","V43","V44","V45","V46","V47","V48","V49","V50","V51","V52","V53","V54","V55","V56","V57","V58","V59","V60","V61","V62","V63","V64","V65","V66","V67","V68","V69","V70","V71","V72","V73","V74","V75","V76","V77","V78","V79","V80","V81","V82","V83","V84","V85","V86","V87","V88","V89","V90","V91","V92","V93","V94","V95","V96","V97","V98","V99","V100","V101","V102","V103","V104","V105","V106","V107","V108","V109","V110","V111","V112","V113","V114","V115","V116","V117","V118","V119","V120","V121","V122","V123","V124","V125","V126","V127","V128","V129","V130","V131","V132","V133","V134","V135","V136","V137","V138","V139","V140","V141","V142","V143","V144","V145","V146","V147","V148","V149","V150"
0,0,0,0,0,0,0,0,0,0,0,0,0,0,0,0,0,0,0,0,0,0,0,0,0,0,0,0,0,0,0,0,0,0,0,0,0,0,0,0,0,0,0,0,0,0,0,0,0,0,0,0,0,0,0,0,0,0,0,0,0,0,0,0,0,0,0,0,0,0,0,0,0,0,0,0,0,0,0,0,0,0,0,0,0,0,0,0,0,0,0,0,0,0,0,0,0,0,0,0,0,0,0,0,0,0,0,0,0,0,0,0,0,0,0,0,0,0,0,0,0,0,0,0,0,0,0,0,0,0,0,0,0,0,0,0,0,0,0,0,0,0,0,0,0,0,0,0,0,0
0,0,0,0,0,0,0,0,0,0,0,0,0,0,0,0,0,0,0,0,0,0,0,0,0,0,0,0,0,0,0,0,0,0,0,0,0,0,0,0,0,0,0,0,0,0,0,0,0,0,0,0,0,0,0,0,0,0,0,0,0,0,0,0,0,0,0,0,0,0,0,0,0,0,0,0,0,0,0,0.417653716745254,1.97802205119564,4.86514919105783,8.34862939740836,9.92341763247884,7.71292413850478,4.18245076175783,1.24769441646999,0.306449402550905,0,0,0,0,0,0,0,0,0,0,0,0,0,0,0,0,0,0,0,0,0,0,0,0,0,0,0,0,0,0,0,0,0,0,0,0,0,0,0,0,0,0,0,0,0,0,0,0,0,0,0,0,0,0,0,0,0,0,0,0,0,0
0,0,0,0,0,0,0,0,0,0,0,0,0,0,0,0,0,0,0,0,0,0,0,0,0,0,0,0,0,0,0,0,0,0,0,0,0,0,0,0,0,0,0,0,0,0,0,0,0,0,0,0,0,0,0,0,0,0,0,0,0,0,0,0,0,0,0,0,0,0,0,0,0,0,0,0,0,0,0,1.01257579997246,4.79559304885644,11.7952555828099,20.547784440693,25.3925259557887,21.752248782193,15.0146986814675,8.63781947670486,5.717057952835,4.92735908771254,6.49475902185379,7.26156799170477,5.96406052680752,2.98784247163485,1.13037738449003,0.298361794175229,0,0,0,0,0,0.525295306496058,2.28189289135809,5.22265197480654,8.33951710850948,9.09209463044411,6.57585964520916,3.31814308276943,0.907923925877508,0.207506070158371,0,0,0,0,0,0,0,0,0,0,0,0,0,0,0,0,0,0,0,0,0,0,0,0,0,0,0,0,0,0,0,0,0,0,0,0,0,0,0,0,0
0,0,0,0,0,0,0,0,0,0,0,0,0,0,0,0,0,0,0,0,0,0,0,0,0,0,0,0,0,0,0,0,0,0,0,0,0,0,0,0,0,0,0,0,0,0,0,0,0,0,0,0,0,0,0,0,0,0,0,0,0,0,0,0,0,0,0,0,0,0,0,0,0,0,0,0,0,0,0,2.15652338577554,10.2133672943821,25.1208299726507,43.9191056165675,54.7643747803913,47.8941749467667,34.4804452441811,21.2450899504556,14.6036444772613,12.6902123837394,16.5005937235142,18.395993572916,15.0978378608363,7.56363235881008,2.86151597487594,0.755293808987729,0,0,0,0.0708116104302919,0.332960204350273,2.42204957808463,8.60199261478566,17.4192343448296,25.4633740452614,25.8418112239613,17.973252959288,8.83437696815674,2.36919341947777,0.525295306496059,0,0,0,0,0,0,0,0,0,0,0,0,0,0,0,0,0,0,0,0,0.122693384408922,0.84845964205809,3.47828710087474,7.59540193899634,11.5852605577864,11.9743011928247,8.29493488555416,4.01397069595325,1.04625731303465,0.229962457635007,0,0,0,0,0,0,0,0,0,0,0
0,0,0,0,0,0,0,0,0,0,0,0,0,0,0,0,0,0,0,0,0,0,0,0,0,0,0,0,0,0,0,0,0,0,0,0,0,0,0,0,0,0,0,0,0,0,0,0,0,0,0,0,0,0,0,0,0,0,0,0,0,0,0,0,0,0,0,0,0,0,0,0,0,0,0,0,0,0,0,4.03456053030078,19.107814382713,46.9976397031305,82.5327274643867,104.046932882722,93.2431699470749,70.320086832477,46.435801598942,33.2913403300402,29.8750936776731,39.5639043398932,44.7182874752444,37.2188956530618,18.9901557537794,7.31164330498872,1.96866825929211,0.0432020010558474,0,0,0.179257438474308,0.842878632233168,5.72216375631097,19.9981921831535,40.028054227221,57.9636534075612,58.3354320345899,40.3764484140291,19.7792744461051,5.29030974599306,1.1681313251901,0,0,0,0,0,0,0,0,0,0,0,0,0,0,0,0,0,0,0,0,0.310594571613901,2.17819695550439,8.93700672411931,19.5292502209259,29.8095224040506,30.8378445807929,21.3782736326746,10.352939330959,2.70102082852521,0.594130935022659,0,0,0,0,0,0,0,0,0,0,0
0,0,0,0,0,0,0,0,0,0,0,0,0,0,0,0,0,0,0,0,0,0,0,0,0,0,0,0,0,0,0,0,0,0,0,0,0,0,0,0,0,0,0,0,0,0,0,0,0,0,0,0,0,0,0,0,0,0,0,0,0,0,0,0,0,0,0,0,0,0,0,0,0,0,0,0,0,0,0,6.63061381504225,31.4028100631407,77.2384493303717,136.385421877667,174.239995882133,160.664746140265,127.422285198144,89.846234658638,66.4101200087409,60.180703874165,79.4522380811685,90.025701174923,75.2196155756017,38.5935360538295,14.937091039882,4.04510174072751,0.114192636357909,0,0,0.398625737876734,1.87436080518708,11.9254086041271,40.9989548272851,81.0657701418756,116.207472640809,115.889057681984,79.7814031019309,38.9353208386336,10.3828404202357,2.28189289135809,0,0,0,0,0,0,0,0,0,0,0,0,0,0,0,0,0,0,0,0,0.69068815968741,4.91425399215164,20.1798662675794,44.1289654092111,67.4079380421218,69.795633171065,48.4222737646919,23.4675668197283,6.12821596160137,1.34904057987347,0,0,0,0,0,0,0,0,0,0,0
0,0,0,0,0,0,0,0,0,0,0,0,0,0,0,0,0,0,0,0,0,0,0,0,0,0,0,0,0,0,0,0,0,0,0,0,0,0,0,0,0,0,0,0,0,0,0,0,0,0,0,0,0,0,0,0,0,0,0,0,0,0,0,0,0,0,0,0,0,0,0,0,0,0,0,0,0,0,0,9.57252849734999,45.3358169562419,111.508116432414,198.235715015403,257.359838144788,245.251422463289,205.198251741632,153.960667617816,116.884819850452,106.95456393807,141.220742658434,160.651416703566,134.915061076783,69.7029535808879,27.1509715218315,7.40440496776641,0.265147643179985,0,0,0.778697752519617,3.66148095249529,21.9241246223181,74.1312419538915,144.721180930287,205.230287493266,202.643172362286,138.678775499705,67.3942019054728,17.9116786609744,3.91574386034133,0,0,0,0,0,0,0,0,0,0,0,0,0,0,0,0,0,0,0,0,1.34922877911815,9.74350310591675,40.0448216006139,87.6329443054077,133.960188609157,138.830357028059,96.389981379369,46.750726054576,12.2196145548602,2.69206653358359,0,0,0,0,0,0,0,0,0,0,0
0,0,0,0,0,0,0,0,0,0,0,0,0,0,0,0,0,0,0,0,0,0,0,0,0,0,0,0,0,0,0,0,0,0,0,0,0,0,0,0,0,0,0,0,0,0,0,0,0,0,0,0,0,0,0,0,0,0,0,0,0,0,0,0,0,0,0,0,0,0,0,0.342541441837045,1.20760295936544,2.97022399589757,5.4381415162996,6.05834929532613,4.70882011117594,2.16373819019072,0.761730370398115,12.3269885084731,57.4949651503408,141.414795159639,253.508713153364,335.531937115155,331.965030450193,293.664514349933,233.457055677843,181.484360936306,167.883255053427,222.598696949947,254.693864480732,215.280839370822,112.162017113052,44.0258649676793,12.105895891106,0.540820166908464,0,0,1.33625068689159,6.28312644024106,35.5543192561264,118.227899655723,227.785518087526,319.35118314066,311.949435112803,212.090311645401,102.58828033618,27.162859609466,5.902673087793,0,0,0,0,0,0,0,0,0,0,0,0,0,0,0,0,0,0,0,0,2.31528584362404,16.9774397286148,69.8358671605714,152.939094302337,233.964979942437,242.691167071174,168.629628515504,81.851258025821,21.4140443789235,4.7213327235469,0,0,0,0,0,0,0,0,0,0,0
0,0,0,0,0,0,0,0,0,0,0,0,0,0,0,0,0,0,0,0,0,0,0,0,0,0,0,0,0,0,0,0,0,0,0,0,0,0,0,0,0,0,0,0,0,0,0,0,0,0,0,0,0,0,0,0,0,0,0,0,0,0,0,0,0,0,0,0,0,0,0,0.905414317606408,3.1919670902579,7.85097218590892,14.374235022838,16.0135841188479,12.446473993999,5.71924823590377,2.01342523641909,14.0189484646274,64.0521362968107,157.542833711885,285.332417283731,386.446674551022,398.773010423936,373.380567676781,312.993084134647,248.589020715396,233.053795633129,311.853887727754,359.629799579171,306.407150284624,161.22790033923,63.8493112407578,17.8088048170833,1.41449549067187,1.17748822904308,2.17142481810704,4.8282259855311,11.8217097897101,52.2270721202608,166.771024064883,316.264795770641,437.929539467324,422.849425979184,285.434780133095,137.348947832005,36.2135965759525,7.8162532369962,0,0,0,0,0,0,0,0,0,0,0,0,0,0,0,0,0,0,0,0,3.49010965148177,25.9974736708025,107.032791544108,234.573472567228,359.118613893619,372.853355676483,259.269875781334,125.944635688603,32.9805486800428,7.27715113084386,0,0,0,0,0,0,0,0,0,0,0
0,0,0,0,0,0,0,0,0,0,0,0,0,0,0,0,0,0,0,0,0,0,0,0,0,0,0,0,0,0,0,0,0,0,0,0,0,0,0,0,0,0,0,0,0,0,0,0,0,0,0,0,0,0,0,0,0,0,0,0,0,0,0,0,0,0,0,0,0,0,0,2.1023113229676,7.41153351112153,18.2294308823985,33.376009700618,37.1824683569703,28.8998778788703,13.2797108366799,4.67503836659298,14.3836788261451,62.6834452306095,154.176396907243,282.771708202766,393.790658885791,426.256431373933,423.6228200447,374.544632243933,304.683068990628,289.861956084592,390.77845014869,453.9797972767,390.132756016273,207.541054294935,83.0081032200535,23.506625307885,2.70269736033772,3.11236706329916,5.73956572780264,10.105165399973,18.7544331624954,67.7803292222779,207.588895668964,387.284674695769,529.339250926729,504.807491067392,338.100382968162,161.7581791012,42.4489352231606,9.09209463044411,0.238293224891464,1.12856472859628,2.77582131759741,4.76332842919618,5.66182723816277,4.40062542871745,2.38630626284343,0.711874728415392,0.174845364645608,0,0,0,0,0,0,0,0,0,0,0,4.62156390081664,34.9859913406171,144.166133604972,316.1915176919,484.438126666717,503.428430406775,350.33793309142,170.31454398402,44.6411211975567,9.85770660420641,0,0,0,0,0,0,0,0,0,0,0
0,0,0,0,0,0,0,0,0,0,0,0,0,0,0,0,0,0,0,0,0,0,0,0,0,0,0,0,0,0,0,0,0,0,0,0,0,0,0,0,0,0,0,0,0,0,0,0,0,0,0,0,0,0,0,0,0,0,0,0,0,0,0,0,0,0,0,0,0,0,0,4.28807266376153,15.117263508209,37.1824683569703,68.0768605767839,75.840873038555,58.9469194997719,27.0865520245797,9.53564964561277,13.7202539965627,53.8874375602372,132.541709075435,246.865110239766,355.350173109955,405.462534443916,427.785514758676,397.790826624272,331.718349541614,321.390654829998,437.995435234341,513.212103738614,445.292941426183,239.720177249959,96.9003777959375,27.9986591397536,4.84287499659383,7.22670758697855,13.3268866902562,20.372903085326,29.0142973573762,79.7846477189666,228.700741506344,418.504894925665,564.076779891533,530.878245589143,352.548585073763,167.604828826831,43.752947811245,9.29062023234687,0.577727296916804,2.90066592459492,7.44969450007091,13.7459355787709,18.9407026079434,17.8781001630679,12.7395969564635,5.86689832881209,2.23319768568793,0.551528219016493,0.082425347519454,0,0,0,0,0,0,0,0,0,5.37593845194012,41.3774170674989,170.655187568555,374.570842224923,574.319116554148,597.384398004765,416.044464369171,202.414576630184,53.1043641790829,11.7356632263537,0,0,0,0,0,0,0,0,0,0,0
0,0,0,0,0,0,0,0,0,0,0,0,0,0,0,0,0,0,0,0,0,0,0,0,0,0,0,0,0,0,0,0,0,0,0,0,0,0,0,0,0,0,0,0,0,0,0,0,0,0,0,0,0,0,0,0,0,0,0,0,0,0,0,0,0,0,0,0,0,0,0,7.68320954576754,27.0865520245797,66.6221676301708,121.977593675059,135.888863221366,105.618903900978,48.5326792234492,17.0856233387609,12.789009199063,40.6946804066415,100.092762535713,189.963820489324,284.707499041582,344.854924661397,387.801969798651,381.202762186196,327.996922083768,323.571235745521,442.465883522357,521.44281525331,456.592304711019,248.759567080825,101.652355298895,30.2095374532007,8.13796636226244,14.7402751030126,27.1827763496358,38.3963999334012,44.3307506331894,87.1619694809061,223.787441073061,399.33374530282,530.016429087774,491.907841459811,323.677411183728,152.811925230526,39.6592296666235,8.3395171085095,1.23040904832592,6.22615155843595,16.0780631431302,29.9228826044538,41.8753185659176,40.2002053972451,29.1814069719922,13.7153158833815,5.28932750518151,1.33714631329055,0.199835195656661,0,0,0,0,0,0,0,0,0,5.49332189990711,43.0071482461135,177.536310732604,389.97025723765,598.389307416202,622.998708293793,434.220356477874,211.421851592723,55.5191630315024,12.2788023537128,0,0,0,0,0,0,0,0,0,0,0
0,0,0,0,0,0,0,0,0,0,0,0,0,0,0,0,0,0,0,0,0,0,0,0,0,0,0,0,0,0,0,0,0,0,0,0,0,0,0,0,0,0,0,0,0,0,0,0,0,0,0,0,0,0,0,0,0,0,0,0,0,0,0,0,0,0,0,0,0,0,0,12.0931281461088,42.6333738157551,104.861178876348,191.98886383088,213.884760890101,166.240804954966,76.3888978462753,26.9477098098913,12.5661195095415,28.0356692663761,68.6137482655479,132.220034784325,206.831927311229,267.068483385315,322.075200040611,339.235634066848,304.600471785365,303.450256261071,406.721039904538,477.881975294838,421.203799706435,231.979567426944,95.808837054456,29.6761447879478,12.7248009328834,26.4110781833999,48.7050903999327,65.9624504477067,66.1008291191744,91.2666815138886,195.857862567231,336.867603070973,439.188312091448,401.680914591519,261.839524275951,123.087308604982,32.9413834186388,8.68912707382301,4.6562079879758,13.4178922885959,31.3725125946351,57.6568763505251,81.6680179822448,79.7337165096021,58.9590611008007,28.2585029510847,11.0311791673127,2.84777425541183,0.425597049372836,0,0,0,0,0,0,0,0,0,4.93095733343229,39.2850906361401,162.318411559593,356.815675228253,547.937258685794,571.002540136412,398.289297372501,194.077800621223,51.0120377477241,11.2906821078458,0,0,0,0,0,0,0,0,0,0,0
0,0,0,0,0,0,0,0,0,0,0,0,0,0,0,0,0,0,0,0,0,0,0,0,0,0,0,0,0,0,0,0,0,0,0,0,0,0,0,0,0,0,0,0,0,0,0,0,0,0,0,0,0,0,0,0,0,0,0,0,0,0,0,0,0,0,0,0,0,0,0,16.7205310658681,58.9469194997719,144.986026594757,265.452885572694,295.727188678592,229.852401304358,105.618903900978,37.3291159908549,13.1437949096067,18.4794697529944,44.545875657081,85.9343605292551,140.082568161271,193.91618339541,254.706824511494,295.21983201634,280.517541324791,276.224583105931,345.620912937893,396.98653893469,349.948664410081,194.265662004466,81.035914346719,26.7336883522923,18.288414371289,41.5701994129131,76.6602675699066,101.587518164894,93.5301634606824,94.5006119298116,155.354676956902,251.834496696749,320.977573198524,289.116445454854,186.738647567088,87.8484510188574,25.6717559854718,10.1407505394273,10.0060063326587,23.9108483866416,53.2452128036566,97.6327295317847,140.392467402253,139.503636310328,105.062131630679,51.3039576790458,20.2537300643471,5.3277964365591,0.796233914520993,0,0,0,0,0,0,0.161509177239228,0.700254360816394,2.36902049962496,8.62128742509182,38.8567343512584,139.489379480592,295.348030590812,447.091935990954,462.888455387572,322.214837072031,156.867322183985,41.2364102106899,9.12429149177457,0,0,0,0,0,0,0,0,0,0,0
0,0,0,0,0,0,0,0,0,0,0,0,0,0,0,0,0,0,0,0,0,0,0,0,0,0,0,0,0,0,0,0,0,0,0,0,0,0,0,0,0,0,0,0,0,0,0,0,0,0,0,0,0,0,0,0,0,0,0,0,0,0,0,0,0,0,0,0,0,0,0,20.3084563742145,71.5958684768783,176.097420851713,322.414301604751,359.184925783125,279.174593558619,128.282821503432,45.5016634447241,14.393682828562,14.4328455735579,33.3947374006391,61.0658545382629,98.9667888688693,143.283541693244,206.093995538914,268.372534930703,270.927140958131,255.916121749057,278.392198950959,301.341347342611,262.198408424658,145.853204440585,61.3880962009175,22.3070819885967,23.8538198669323,57.4769242746841,105.99411251859,138.91138987498,122.038947082732,97.8512703606057,114.243668540914,167.65030539681,206.919022564609,183.458847271337,117.768389235918,56.7385217259592,21.8034916626888,15.7414980304364,19.910772423246,38.7055449419339,80.2105188377687,145.878950839137,212.86648215585,215.311300464723,165.09664475447,82.057989990638,32.7315515768145,8.75598727312884,1.30857364859871,0,0,0,0,0,0,0.426905196384369,1.85093027240513,6.25207410948861,15.1611631838829,41.4663186815796,115.75061711452,224.604963580184,327.678240280266,333.138335497115,230.380742695476,111.757325194241,29.3444742677593,6.48024976579771,0,0,0,0,0,0,0,0,0,0,0
0,0,0,0,0,0,0,0,0,0,0,0,0,0,0,0,0,0,0,0,0,0,0,0,0,0,0,0,0,0,0,0,0,0,0,0,0,0,0,0,0,0,0,0,0,0,0,0,0,0,0,0,0,0,0,0,0,0,0,0,0,0,0,0,0,0,0,0,0,0,0,21.6680184539756,76.3888978462753,187.886370800549,343.998524962615,383.230781150872,297.864108115567,136.870793744507,48.8790270132805,15.8651044050858,16.6336027885292,36.6198618928923,60.3059998943806,87.738415245692,121.281521983009,183.1070203904,263.008197293617,277.972151514779,248.208726285098,222.57349063764,216.347564682422,182.257642369437,100.94971203652,42.954900906129,17.9110592645304,28.0113055554474,69.8104387090439,128.738543143612,167.777163707199,143.796443801612,99.5447301455094,80.4399618735822,100.330448151629,117.666612832955,102.648240684368,66.3322275071987,35.368152806145,23.9950113232318,27.9361648277686,36.3982867099252,57.4349049010009,107.710003416312,192.527821729209,284.732560397402,293.142411965403,228.749922164384,115.602811266597,46.5508626273889,12.6409017373794,2.00064909434957,0.524179712288402,1.71957868273793,4.44811009814699,6.60931031592711,6.85158018027862,4.44811009814699,3.0798145828203,4.98192522669417,14.6066236822216,30.4933305851516,58.1238750770337,111.380318832948,175.676117386759,229.635802640038,219.520730689959,148.148113766642,70.8279217507198,18.4797694984879,4.04479589403098,0,0,0,0,0,0,0,0,0,0,0
0,0,0,0,0,0,0,0,0,0,0,0,0,0,0,0,0,0,0,0,0,0,0,0,0,0,0,0,0,0,0,0,0,0,0,0,0,0,0,0,0,0,0,0,0,0,0,0,0,0,0,0,0,0,0,0,0,0,0,0,0,0,0,0,0,0,0,0,0,0,0,20.3084563742145,71.5958684768783,176.097420851713,322.414301604751,359.535959888611,280.504525948663,132.371934627205,53.4225333908852,25.646403961674,31.2277909223321,56.6879537850681,83.0317751628464,103.605428035117,124.048157475354,179.433811015833,268.018230417423,289.445159127126,246.680603242357,184.980629962627,159.43297241832,132.599635706561,78.7282035873658,37.6237417610851,18.6514378450314,30.5815515642705,74.7681295912839,137.357023949666,178.505537882539,151.05516539812,96.2007699948182,55.9998556003823,54.9170642493957,59.0260342447732,50.6494452504487,34.5002429694929,24.7514385200308,33.2338340561577,48.0962094336597,60.522943340183,78.7037042113569,129.671107318305,224.760791842556,336.073579716963,352.045501077525,279.408550933023,143.417940170359,58.2524445724163,16.031214471353,2.66612271501554,1.27084153742491,4.16901296571246,10.7841699005974,16.0238671705588,16.6112355857538,10.7841699005974,7.08544555346669,10.4248429153552,29.7934481688433,59.5445435756826,97.3651559242913,140.422110986007,168.323175008564,177.08601896835,144.252296568484,90.3221395349227,41.1099056984545,10.4763364542921,2.2187697291624,0,0,0,0,0,0,0,0,0,0,0
0,0,0,0,0,0,0,0,0,0,0,0,0,0,0,0,0,0,0,0,0,0,0,0,0,0,0,0,0,0,0,0,0,0,0,0,0,0,0,0,0,0,0,0,0,0,0,0,0,0,0,0,0,0,0,0,0,0,0,0,0,0,0,0,0,0,0,0,0,0,0,16.7205310658681,58.9469194997719,144.986026594757,265.932034315218,298.393558495018,237.875012483382,125.110583116685,67.6201153800579,48.2874890519811,57.2113919512609,88.4916643679367,120.641259897209,135.4325844327,139.655421655007,181.004139283768,265.792407268654,288.453509522326,240.28535440936,164.025204506041,133.576940330018,115.798401914908,78.3411668679302,43.1805545913583,22.755643242596,30.388847877292,70.4994355675509,128.738543143612,167.068742100592,140.465405268966,85.5933254965863,39.037445679209,28.2653945316207,26.1196090828543,22.0424745912967,18.238665686145,22.612031915567,48.4785594509388,75.8900389343555,93.300153917038,105.48960805877,148.357892387428,240.532041918192,357.722886623819,379.434734480358,305.379330641895,158.959172654239,66.2596900947152,22.4075384806417,13.6295123098102,17.0650912084029,22.7297300350316,31.2152604872817,37.7303128618964,36.476114536267,23.1316496443895,14.4068231061147,19.2394750996612,53.4012261108467,105.212492649522,163.61133424818,208.374894867569,208.200864595627,175.310200144797,111.388175682719,59.437312834911,23.7695462428491,5.64189224422758,1.06963825452968,0,0,0,0,0,0,0,0,0,0,0
0,0,0,0,0,0,0,0,0,0,0,0,0,0,0,0,0,0,0,0,0,0,0,0,0,0,0,0,0,0,0,0,0,0,0,0,0,0,0,0,0,0,0,0,0,0,0,0,0,0,0,0,0,0,0,0,0,0,0,0,0,0,0,0,0,0,0,0,0,0,0,12.0931281461088,42.6333738157551,104.861178876348,193.150530546186,220.098404617993,184.740925579254,120.723695372294,93.632431585895,85.9370091308075,95.8438597526133,130.611150974662,168.897270776939,177.430692165705,161.191750092456,178.789669857177,245.07517155866,264.556266346202,222.222737072147,159.07542216368,144.319865552381,142.792480592002,112.029233752634,68.3434977750816,34.6624068349717,29.2555047309116,58.9443085812581,105.99411251859,137.45493143214,115.190596963183,68.6322395225266,26.7947648502529,14.1606800173485,10.1953605040569,8.46150895669248,11.6262626833741,25.1700358650129,65.849030661943,105.892032431371,128.370849195486,131.949907323555,158.786757178993,234.333077823,341.057947046381,364.405660535442,296.521455246521,156.213426106594,67.2648417518829,28.5042559297351,28.8662816188495,39.8749801501732,50.1916876562292,62.9652536407323,72.583144272878,68.8499267737284,43.3670353375531,25.8776492995901,31.3311824339663,84.1128183296356,164.885024377103,252.886797119287,310.575250445343,290.984396363118,220.630689944783,118.243607914447,54.4508629478513,20.4408495239064,8.99197258386241,7.93512158678167,8.97560995100447,8.66922555625901,6.28282770768004,3.31013296681459,0.968829298143445,0.237956630782929,0,0,0,0,0
0,0,0,0,0,0,0,0,0,0,0,0,0,0,0,0,0,0,0,0,0,0,0,0,0,0,0,0,0,0,0,0,0,0,0,0,0,0,0,0,0,0,0,0,0,0,0,0,0,0,0,0,0,0,0,0,0,0,0,0,0,0,0,0,0,0,0,0,0,0,0,7.68320954576754,27.0865520245797,66.6221676301708,124.451641976532,148.653085879423,143.241645665164,137.488398528231,147.367011023512,150.26993251129,149.023831261778,174.577854599092,210.336452927434,209.199006138772,172.478820553228,163.040697139205,202.789567728492,217.798830692704,192.608002223699,167.776115538734,189.020273723194,213.358843221971,182.509128398344,116.026327205284,56.3967968860505,29.2685995172253,44.315474908248,76.6602675699065,99.3789756780446,83.1454715539551,48.9028778720492,17.1425504553886,6.2543585047323,2.18031137114303,1.41547858623931,8.55651219508218,28.0399515441977,80.1126864420994,131.445227185365,160.835801573189,161.143521951163,172.543584535104,224.153775640827,305.940239188637,323.307080943573,263.171323342438,139.563041201621,63.9295653353802,38.5085890900582,57.6365225960911,82.4609843471445,98.8174368409349,113.204383317627,123.535631496293,114.446771740589,71.4652699678022,41.0416176773261,45.0437260325954,116.433674833076,227.420580171802,347.203220014679,421.877724954666,388.237210052329,285.45673138971,144.45354245067,63.4746254771798,26.0708975152539,20.4228337988372,25.3751714582139,30.5294494491446,28.3880831262683,19.6290367441292,9.8873019190532,2.7694554894836,0.602379974737552,0,0,0,0,0
0,0,0,0,0,0,0,0,0,0,0,0,0,0,0,0,0,0,0,0,0,0,0,0,0,0,0,0,0,0,0,0,0,0,0,0,0,0,0,0,0,0,0,0,0,0,0,0,0,0,0,0,0,0,0,0,0,0,0,0,0,0,0,0,0,0,0,0,0,0,0,4.28807266376153,15.117263508209,37.1824683569703,72.7054668293376,98.9498409444552,126.41234527151,184.527622371769,235.2152295943,244.736988419648,215.020306043572,213.377503262198,233.813019497299,220.807629335008,170.623697272662,141.28554322028,157.771866429642,169.64967025591,167.26592050081,193.927235212706,263.88035578028,321.088847654881,285.003474830181,183.904847217301,87.466377516123,31.9098215823185,30.9228116147751,48.7050903999327,63.11658364384,52.7194021637475,30.7221394771254,9.99198778447581,2.63737353883645,0,0,8.42021442512006,29.6848048625422,87.0076325402813,146.256919030031,185.650326142894,195.188360429837,200.231319535168,229.126590675455,279.287886527631,284.158571484104,227.810761001913,120.819550062866,61.6597585563042,55.695568367996,104.630726920868,150.718350348783,173.212081444245,181.623739096806,186.295265944872,167.648225839328,103.535562357469,57.4450257204568,57.1978559748092,141.654417327952,275.943619423202,420.95549459401,511.5525380621,471.413094620586,347.500129879806,176.83670857487,80.4009392121337,40.4608953132287,43.8750164396473,58.8150501678516,70.8539460534792,65.3275760597823,44.8624026371941,22.4650253870786,6.25611849594815,1.33954922013649,0,0,0,0,0
0,0,0,0,0,0,0,0,0,0,0,0,0,0,0,0,0,0,0,0,0,0,0,0,0,0,0,0,0,0,0,0,0,0,0,0,0,0,0,0,0,0,0,0,0,0,0,0,0,0,0,0,0,0,0,0,0,0,0,0,0,0,0,0,0,0,0,0,0,0,0,2.1023113229676,7.41153351112153,18.2294308823985,40.9829102123536,74.0476929522012,135.558338601582,259.058309292798,350.83650624484,361.216472154859,286.382992089658,240.636261589446,233.103825504953,206.771301624046,152.141106169029,113.760102147715,115.655633991884,127.121478160381,147.862453857972,225.921734829841,346.508531931865,439.25862962353,398.147410620001,259.354389142146,122.577930746636,36.9017344207078,21.2538043250444,27.1827763496357,35.2259684368834,29.4232021034424,17.1463196050278,5.57662386012272,1.47194337322773,0,0,7.89188719205226,27.8222286827247,84.3782132909154,147.96919578461,201.996429637703,238.635988257514,252.921662973997,266.660588541817,282.954181699563,268.356448294927,207.919668802664,110.968722719388,66.7486939666582,82.9500930383697,170.239206828042,243.451210176742,269.931969283245,260.233405448119,249.323029995493,216.593793068692,131.899095034214,70.9247589730483,64.3801572092771,152.58869321555,297.819373079931,457.172878342834,562.883759173321,528.78557075851,401.963691034895,217.905399181539,112.212154307478,74.240266632296,93.2823890632278,124.360017845125,147.074726566719,135.281998660992,94.9741202783558,50.8498139961657,17.4060943800046,5.51196165117897,1.17710514703053,0.248542395854537,0,0,0
0,0,0,0,0,0,0,0,0,0,0,0,0,0,0,0,0,0,0,0,0,0,0,0,0,0,0,0,0,0,0,0,0,0,0,0,0,0,0,0,0,0,0,0,0,0,0,0,0,0,0,0,0,0,0,0,0,0,0,0,0,0,0,0,0,0,0,0,0,0,0,0.905414317606408,3.19196709025789,7.85097218590891,25.3562155688776,67.8235313659586,161.078783338248,344.099815877017,471.498893818345,476.936760546451,349.143700814586,251.844672663374,210.200543446686,172.149473492915,123.119141700538,89.4889981701046,91.3701613744831,106.891256867752,144.871605995753,258.431269994492,416.565167422873,537.659599965119,493.095578353117,323.356366705505,152.792852921804,42.16398385078,15.4871771399571,13.3268866902562,17.2702186073491,14.4252991472794,8.40631786804905,2.84106183665533,1.12708034096241,1.07164659047741,2.36111211500628,10.1024132695429,28.4701623725308,83.8566749204555,152.779896015294,226.298037958765,302.596858556404,338.435947242475,345.718402955494,330.737335355107,292.798856460953,220.317572596011,122.122743933119,85.3611000668282,119.869952209846,246.017914184569,347.084720162448,373.352159321056,333.075565821907,296.616690423176,247.044600713585,147.801038019078,77.2073589319094,64.1497620242106,145.08272148782,284.79645287394,442.441719189627,558.353449388218,542.4475437972,432.761245407001,255.618717781288,151.263971640266,124.343025506958,170.791054036855,227.899137389883,267.111228020412,245.563231423005,175.715040689427,99.7720233968591,40.0766755856306,15.7256585607041,4.83341968842305,1.09940698836601,0.105662530591008,0,0
0,0,0,0,0,0,0,0,0,0,0,0,0,0,0,0,0,0,0,0,0,0,0,0,0,0,0,0,0,0,0,0,0,0,0,0,0,0,0,0,0,0,0,0,0,0,0,0,0,0,0,0,0,0,0,0,0,0,0,0,0,0,0,0,0,0,0,0,0,0,0,0.342541441837045,1.20760295936544,2.97022399589757,19.3655091291012,70.1909114328262,187.245448838042,412.976168462584,563.246828405787,559.830389086493,386.087564094384,244.751609287426,173.119304144242,128.115629248945,92.2070906968063,74.640856805451,90.7414186093665,114.300303479914,158.639216766516,279.089030991163,448.080504154836,581.068611715918,537.237896738662,354.55574775735,167.996419843883,44.8012149710467,12.3149245446285,5.73956572780264,7.43786280578741,6.21262523823809,3.62039650023779,1.46034809853778,1.38244323720615,2.83260373176665,6.19238390637447,14.4989723608275,32.6701111514774,91.0929780893833,171.490317752742,271.209644351684,393.084942800011,454.056707670114,458.392935319364,415.028442666532,352.901959678805,263.719907125797,154.881736837086,116.459696722469,159.917476729091,314.368706380006,436.363015152007,457.59102776948,380.697833114986,314.195399548336,249.056260638012,145.732341491638,74.0704586581197,56.8816041302621,123.404360382224,246.319665751675,392.154166437049,516.387245743811,527.085146485486,447.971026144508,294.439406301032,204.4270840959,200.595503223846,285.265873448412,374.722518181082,433.322324143968,397.656628802643,288.916928713144,171.006331642016,75.1661403134537,32.1471320293389,10.8773133510373,2.48786662916801,0.256172319676886,0,0
0,0,0,0,0,0,0,0,0,0,0,0,0,0,0,0,0,0,0,0,0,0,0,0,0,0,0,0,0,0,0,0,0,0,0,0,0,0,0,0,0,0,0,0,0,0,0,0,0,0,0,0,0,0,0,0,0,0,0,0,0,0,0,0,0,0,0,0,0,0,0,0,0,0,15.5157524882102,69.9074399713729,197.522721708241,439.733764019824,594.928064064304,582.222650558519,384.126434241367,219.837191071024,131.54216000543,86.9458211342677,68.9783149141643,75.9599933389712,119.079636492703,153.715503341543,190.983924063702,284.549061957233,431.599401280259,554.592807401547,514.901971131775,341.882119009594,162.599884513335,42.8649577163032,10.1834018677294,2.17142481810704,2.81393412953305,2.35039535527246,1.36968878567297,1.10225562239037,2.60587384911945,6.577115893767,14.2748625996137,25.3044955784326,46.5398559486891,115.065298434613,212.896055236581,338.084672577769,495.558114282911,576.144168549437,580.423042804572,518.879507399993,442.681341734258,345.59598436348,227.74574254067,177.170700128282,209.332534200947,362.302706756721,486.450755064727,497.087772932691,388.382910283806,296.750767006719,222.229709296333,126.496396649185,62.6010290248531,45.2659205709265,96.2262852591461,199.490941555231,331.849968809569,464.441086458171,501.91872121643,454.843778520832,332.97043651521,269.415779927797,300.281849517241,428.974280401541,549.068179931736,622.777469461053,569.616465054001,422.350162467834,263.386716413377,127.753406789755,59.2035316576783,21.5924255034984,4.96628515641851,0.545580487096961,0,0
0,0,0,0,0,0,0,0,0,0,0,0,0,0,0,0,0,0,0,0,0,0,0,0,0,0,0,0,0,0,0,0,0,0,0,0,0,0,0,0,0,0,0,0,0,0,0,0,0,0,0,0,0,0,0,0,0,0,0,0,0,0,0,0,0,0,0,0,0,0,0,0,0,0,15.1842058288201,67.0903348077118,188.288523764506,414.922603332827,555.240268399083,535.652265094414,341.676331304503,181.00736133524,92.8612862334173,55.7958035645971,56.670569624789,91.2578112894821,168.70652914643,216.333684741432,236.358576310673,276.776540903638,374.776559229503,468.239923313624,434.088571595825,289.888418888284,138.392320701069,36.2524659533567,7.74216552858866,0,0,0.0992619088408789,0.434311448798215,2.92688967006896,8.22096049882063,17.7645704949519,32.9121035076632,48.887303973285,77.9073104345601,169.579113438245,296.827657340351,445.785214783347,613.811016392077,692.03820524653,687.9205223732,613.980792816774,535.907324305322,446.269604766625,330.570240971407,261.847988876998,263.110045860106,382.89791642842,489.680583510452,486.744881870087,358.422490273999,252.459306322357,176.470285065105,96.776845313343,46.5916696822997,32.9129794015576,72.2573064561754,160.595956855415,284.955776813363,426.428658910307,483.195502301142,459.831625229791,371.552142041707,345.051408319713,417.603977775494,583.400931707083,720.086238300058,797.841419423296,729.232967386049,556.432648645249,369.445603337576,197.836679861648,98.1891041880094,37.8106242287104,8.74524532958963,1.02070652878734,0,0
0,0,0,0,0,0,0,0,0,0,0,0,0,0,0,0,0,0,0,0,0,0,0,0,0,0,0,0,0,0,0,0,0,0,0,0,0,0,0,0,0,0,0,0,0,0,0,0,0,0,0,0,0,0,0,0,0,0,0,0,0,0,0,0,0,0,0,0,0,0,0,0,0,0,13.0534934780958,56.6766080654438,158.08101926131,345.057991762791,457.094152947744,435.365421147999,270.469299693819,135.363126428978,61.2264594079293,36.9665349610158,56.0022665132514,118.295866130211,231.710894082231,291.157298104783,287.491653942305,262.057163527034,297.789397221911,351.083278276504,321.885349368583,216.133664117702,103.598991990346,27.2285114374006,5.84672357985183,0,0,0.240654405124455,1.0529614488557,6.24851054597538,16.7201607264743,34.5815721425513,61.176559345295,85.7149648658094,128.607332741187,258.843795055577,430.467337707415,603.920921793586,756.123229261828,804.711329127161,776.836756745406,691.074898357763,625.340171122231,565.731965954121,472.386002108179,382.1896904959,330.957484661183,381.358799255588,449.039903541042,430.373325416814,299.575664158266,194.289369913027,125.247835801557,65.3432182629435,30.5268316244829,22.6229043004447,56.1459468279393,137.13773153404,260.653391867871,409.532431052953,474.657160951544,464.714543707937,413.118173203565,435.014184041407,552.688044136451,736.502200256777,861.602519766471,922.059005269546,841.246887396264,665.463557947884,473.64503771902,278.182059137933,145.949668091872,58.4068525913907,13.5841602623879,1.67748401840847,0,0
0,0,0,0,0,0,0,0,0,0,0,0,0,0,0,0,0,0,0,0,0,0,0,0,0,0,0,0,0,0,0,0,0,0,0,0,0,0,0,0,0,0,0,0,0,0,0,0,0,0,0,0,0,0,0,0,0,0,0,0,0,0,0,0,0,0,0,0,0,0,0,0,0,0,9.85772880158729,42.1380669495076,116.867908915947,252.858270876752,331.825879251285,312.592677844163,191.157777621506,94.8930918894953,45.8926373870011,41.1845737505986,77.1166119126607,162.206683355271,303.757390151223,368.327018851971,337.015438489799,246.654849383604,222.315388916575,235.70528519672,209.925985276055,141.685751402677,68.1710528848648,17.972560953778,3.87862780479307,0,0,0.512531360669394,2.24253432566645,11.9736812907144,30.5555022438562,60.2906477645544,101.206091121435,135.521345501325,195.010206745562,373.822651081254,600.920104607179,799.773739317146,914.817726429378,911.074148573211,848.222254873109,756.211662832362,718.616182490608,708.740924169541,653.026553008026,538.3967393356,420.503241728397,380.814649366112,397.728653710324,361.680645861561,236.989756474429,140.148350034055,81.2168872832044,39.1324617215221,17.6024808209354,15.47031732868,47.4441675915027,126.230877202173,252.051541146613,403.31174308558,466.922759871479,463.031811373108,450.897663757063,527.715312434163,688.368952552191,866.980381349997,950.204488010646,970.99631152963,882.112775917052,727.410019603799,555.785513007015,353.598728707978,193.643648706431,79.5867901346898,18.6116150521261,2.42176124533683,0,0
0,0,0,0,0,0,0,0,0,0,0,0,0,0,0,0,0,0,0,0,0,0,0,0,0,0,0,0,0,0,0,0,0,0,0,0,0,0,0,0,0,0,0,0,0,0,0,0,0,0,0,0,0,0,0,0,0,0,0,0,0,0,0,0,0,0,0,0,0,0,0,0,0,0,6.53946787457239,27.5674292959665,76.0647610764107,163.242128547515,212.364054380301,198.29794223936,121.168438699306,64.3581299474773,42.7277850370645,59.3522089958614,110.422241682949,212.55227565663,370.068521492892,430.36051584167,371.489514083364,230.219339047786,160.945534547506,143.76951450515,120.405545530092,81.6616353945009,39.4299351523647,10.4251474123226,2.26026357485232,0.0920911963866584,0.475505929121204,2.21574558791686,6.51328825211508,23.5602758114711,52.6859852730657,95.7866430559494,149.881946507926,191.458365148751,265.291739636158,493.622376142806,780.69859041322,1009.94376509235,1086.2500584944,1020.79013897752,911.510028115385,808.28929166124,806.715212726542,860.802317529576,855.762164197383,719.129727214712,533.451206639419,403.975522131347,371.083413838507,316.17745733547,193.97271394135,102.96157038142,51.1433417936939,21.1204855278675,8.93041765804201,11.0211243437556,42.5464824978298,119.110286684199,244.280519468262,391.865530864214,452.937526495898,459.854310863077,494.007141704272,624.901753755571,819.044894129182,970.009949149528,986.47574254376,948.585266609891,852.132655090954,733.926137625958,599.507946187985,406.858597249928,229.914894333357,96.1562509832403,22.5861623949301,3.07128199625211,0,0
0,0,0,0,0,0,0,0,0,0,0,0,0,0,0,0,0,0,0,0,0,0,0,0,0,0,0,0,0,0,0,0,0,0,0,0,0,0,0,0,0,0,0,0,0,0,0,0,0,0,0,0,0,0,0,0,0,0,0,0,0,0,0,0,0,0,0,0,0,0,0,0,0,0,3.81086347536291,15.8671060122434,43.5773506458092,92.8253447891666,119.769250454079,111.497157679989,71.4114740383198,49.676348010437,57.3816652443804,99.7382379963189,163.663954960914,272.07470919533,425.765709202445,469.228942642468,384.199099258377,210.965550784155,116.613318732737,81.766218143812,60.731711788957,41.3785135473898,20.0454299212006,5.31407822422408,1.15705899035417,0.243417810373001,1.25686945796734,4.89805817673508,13.0215724551554,39.4829009878332,80.607720378503,136.448136264427,198.601777323673,240.792883391946,320.139739700353,582.839732402046,918.323684462161,1180.29088907164,1239.50207819811,1130.9273235085,984.785024003375,873.59359266131,906.493396008132,1019.01055912345,1058.24523394283,901.279195062157,658.637385546819,460.505687772651,390.958453194089,316.948697299772,184.149568974864,87.9622419503399,35.804800388145,10.8286514556924,3.98544154555628,8.20104881320908,37.702524355902,107.763181209292,224.884595975456,363.611289835223,429.335040948389,460.83919023715,547.171248199338,721.258011581253,932.79151515267,1041.93321040097,981.883710371933,876.435389682845,767.494131550449,685.66362562872,591.416100839533,420.613424153461,242.863956939437,102.667578978413,24.2090378942646,3.42155478337071,0,0
0,0,0,0,0,0,0,0,0,0,0,0,0,0,0,0,0,0,0,0,0,0,0,0,0,0,0,0,0,0,0,0,0,0,0,0,0,0,0,0,0,0,0,0,0,0,0,0,0,0,0,0,0,0,0,0,0,0,0,0,0,0,0,0,0,0,0,0,0,0,0,0,0,0,1.95083170575321,8.03364986966246,21.9708936359941,46.4825720691381,59.5337636807184,56.558692817935,44.7960675573042,54.705164903211,96.4078427109878,170.888754297959,242.833380070768,341.245088604378,466.87817051304,481.575062792782,373.606092575408,187.203430022762,85.9039596646094,45.1168384109199,26.9368728651883,18.4320787207835,8.95675305336839,2.38031996804487,0.520316204064816,0.565199830627814,2.91836658819607,9.98896180286006,24.1796484289622,61.5833372596346,113.140595802247,176.44593502218,236.699954750793,270.650811679551,344.071902990208,617.633429348657,979.91176414451,1274.81038023572,1354.85650561201,1242.62263012964,1084.00000603512,968.911475209841,1020.57760266474,1165.34492370819,1225.60354984333,1050.85316157266,772.028721077289,539.95420888635,454.209442229956,363.632368328401,206.21147717045,92.3219781823955,31.8841796559819,6.05594865074893,1.51055828690679,5.86619891393537,30.318068028745,87.820079524866,188.463512164878,315.309672547494,396.558529580428,468.17013731867,607.130417241913,805.087362392926,1014.22787605961,1079.32043877241,952.958046030544,786.233744085557,658.614765686483,600.506353093099,537.08742765697,393.104335039756,229.796872968379,97.6076391346008,23.0591001416847,3.34844166435128,0,0
0,0,0,0,0,0,0,0,0,0,0,0,0,0,0,0,0,0,0,0,0,0,0,0,0,0,0,0,0,0,0,0,0,0,0,0,0,0,0,0,0,0,0,0,0,0,0,0,0,0,0,0,0,0,0,0,0,0,0,0,0,0,0,0,0,0,0,0,0,0,0,0,0,0,0.877266722240406,3.5775096466075,9.74696243958149,20.4934500701628,26.069409325883,27.3560337031466,36.4529668880961,76.0131467674392,157.261371616051,270.624306962283,344.377301349923,414.300676192609,488.479133717819,466.938023676414,342.28460220955,158.999841949684,63.9055988166475,25.2895493554623,10.505480061732,7.21763689850907,3.51734838241546,0.936900240448926,0.205539187976775,1.15283493781341,5.95257603046807,18.6192372913293,41.639409640536,90.0819066209347,146.876851899873,208.257205575185,254.779234346763,272.927974409582,331.116727289344,592.459477953158,957.797224169893,1283.87654310088,1425.26127191766,1356.39419437586,1218.78679919048,1106.69455525109,1151.10262199184,1285.16855031108,1328.8730436866,1137.22395676557,845.594678401359,615.507367521849,534.691596675898,434.770227720027,247.667429216472,108.990392777663,34.7320427937948,4.08365979075805,0.221853265438501,4.10024379835225,22.8346911893933,65.8506706814088,146.814962338027,261.827161056621,364.594570597423,481.375218367701,661.458681797207,858.463129962342,1044.15186703205,1069.28713562359,899.318749433112,690.510159709349,545.093002959477,497.90141687098,453.550356890439,336.163537665347,197.187705448747,83.6292840744435,19.7102387250535,2.87857408679437,0,0
0,0,0,0,0,0,0,0,0,0,0,0,0,0,0,0,0,0,0,0,0,0,0,0,0,0,0,0,0,0,0,0,0,0,0,0,0,0,0,0,0,0,0,0,0,0,0,0,0,0,0,0,0,0,0,0,0,0,0,0,0,0,0,0,0,0,0,0,0,0,0,0,0,0,0.34654444416626,1.31292280061886,3.47035119376222,6.92720073610564,8.29336499909586,12.5712066296447,38.1098314074521,107.054067695657,231.978395509756,387.455923042873,455.241607690739,479.527677197105,484.962973462789,426.487613163538,294.514291735234,126.76605906022,44.4850287633048,11.2223395874514,0,0,0,0,0,2.06560688062885,10.6656049384854,31.4058907202625,66.0524148220295,123.993662250787,177.924650175192,225.941236967371,248.830042916208,248.224229155559,287.669274370262,521.496383815346,870.069550961676,1221.21940739802,1450.9994200479,1465.10112750318,1381.69350931137,1278.38382022439,1282.02384044541,1353.9203735536,1340.64246614803,1135.51922263197,854.392128100088,654.195118170342,593.187157814972,494.446899817779,287.710171882674,129.812269045104,43.0666000729264,5.83098132204314,0.586408236791715,2.80696345444177,15.1481880323969,43.4733247764838,104.277876794899,207.370109549627,329.63256794738,484.315366688129,686.506027891205,861.292114121022,1008.67166705068,1004.7340412584,822.440571322528,600.842923995866,446.836143522834,401.79541356172,366.277431412767,270.582060427935,157.568384977989,66.1991440806946,15.4354516588309,2.17383972578007,0,0
0,0,0,0,0,0,0,0,0,0,0,0,0,0,0,0,0,0,0,0,0,0,0,0,0,0,0,0,0,0,0,0,0,0,0,0,0,0,0,0,0,0,0,0,0,0,0,0,0,0,0,0,0,0,0,0,0,0,0,0,0,0,0,0,0,0,0,0,0,0,0,0,0,0,0,0,0,0,0,7.47372905103491,45.8692096480906,140.021233393184,304.236039622186,495.954980018005,550.40565139476,520.251843610649,452.691416431781,364.284946375737,237.187115989412,96.4012642246818,32.5822412714232,7.93365928019363,0,0,0,0,0,3.25119971779103,16.7873239052717,47.518290965751,95.5916891543334,160.118899139674,202.570280344625,227.277170963336,221.756562413512,205.10732234888,229.634957088048,434.56707107391,759.150336564625,1128.15543884865,1446.78660495902,1553.91992196315,1537.74314638303,1444.26777250054,1383.80766288556,1357.9987764636,1260.99402258058,1046.51588123423,791.24611897184,632.256797039524,596.020612965109,510.672498186356,307.305628481233,145.167553079131,51.7841611036964,8.68913620610189,1.36160059777694,1.83758443363941,8.82758010251185,25.2506484793422,68.6688477205817,158.885969779184,289.846297066769,463.637146223273,666.240681530843,807.194725150039,911.333269539398,891.570212563524,727.052214836097,523.791403595694,376.605869345569,332.119256613811,300.774628369999,220.294061678338,126.856750474665,52.8423297688745,12.1847309688462,1.60934184309326,0,0
0,0,0,0,0,0,0,0,0,0,0,0,0,0,0,0,0,0,0,0,0,0,0,0,0,0,0,0,0,0,0,0,0,0,0,0,0,0,0,0,0,0,0,0,0,0,0,0,0,0,0,0,0,0,0,0,0,0,0,0,0,0,0,0,0,0,0,0,0,0,0,0,0,0,0,0,0,0,0,8.6936604679946,53.3564077440755,162.876798599168,351.847622931442,563.736130140113,600.809263792838,521.276713328954,393.56845818025,288.287335919862,176.653947288123,67.8075871299833,22.1249988138122,5.19858168720731,0,0,0,0,0,4.49526253471138,23.2109481913664,64.0559744590663,124.971769966488,192.259111121546,217.254724706429,213.890627091812,181.636963541226,155.478822240291,173.161730840705,357.405652001595,660.301299646538,1037.46078375372,1418.84878155044,1599.67508578185,1644.20874575109,1561.76964665661,1433.61591740244,1301.16590507211,1113.99114038122,894.659300909173,673.196920982635,556.830666821593,545.620284672062,484.813632820996,309.01800181166,157.881209208957,62.8893976094488,13.4358832722398,2.77724913456058,1.3523582663652,4.51895568035701,12.8363491405199,42.5059919899914,117.080136487085,240.595697571425,408.85020508684,591.431888753646,697.168961421059,764.926208911955,747.645192233346,628.698012250214,473.114137410745,348.626089487809,302.491153346695,268.072995878112,192.341914405819,109.001925894518,45.0924119500028,10.3237481995287,1.26376385038055,0,0
0,0,0,0,0,0,0,0,0,0,0,0,0,0,0,0,0,0,0,0,0,0,0,0,0,0,0,0,0,0,0,0,0,0,0,0,0,0,0,0,0,0,0,0,0,0,0,0,0,0,0,0,0,0,0,0,0,0,0,0,0,0,0,0,0,0,0,0,0,0,0,0,0,0,0,0,0,0,0,8.88348627242121,54.5214432384591,166.43320840265,358.048520628788,566.925009641752,587.061987506097,476.691359750681,316.208661002364,209.798652582777,120.566965162893,43.6926189271477,13.8270741416571,3.14297430302305,0,0,0,0,0,5.45986504359196,28.1916003081235,76.5589174596185,146.35281833344,212.073346109601,218.534842948216,189.574622264512,137.946631990576,109.560561762741,128.338048852045,302.472327638747,589.960201673342,964.306789810656,1367.29747692465,1581.9383151884,1662.40912308182,1589.74901221571,1412.39408150274,1197.05403637556,938.0365757256,717.681523048393,527.563865432341,443.280489197053,451.689012555551,423.649255790832,297.689511991681,171.103613769736,78.0700299772781,20.5440615375498,4.97617198560074,1.34576288863178,2.03212272281881,5.77235950329685,25.4780919701219,83.5875192118028,187.976507270876,332.753652306888,484.160427881789,560.865775368342,603.470201609525,600.764689657115,540.185279419437,446.537816697308,352.508249810275,303.989543716542,264.05653511129,187.824760391213,106.66758881501,44.9066711320492,10.5413048688827,1.37171179132981,0,0
0,0,0,0,0,0,0,0,0,0,0,0,0,0,0,0,0,0,0,0,0,0,0,0,0,0,0,0,0,0,0,0,0,0,0,0,0,0,0,0,0,0,0,0,0,0,0,0,0,0,0,0,0,0,0,0,0,0,0,0,0,0,0,0,0,0,0,0,0,0,0,0,0,0,0,0,0,0,0,7.97406243063622,48.9399520480564,149.395040824676,320.452864488518,503.255530915647,510.555525682881,394.211898817488,233.316882035538,139.715391580125,74.8613166628998,25.5369051032521,7.88119765446174,1.74052286915964,0,0,0,0,0,5.82537906086144,30.0789042981684,80.8600667209882,152.544572236715,212.319800830824,204.121166003128,158.419214848289,98.05983208613,73.0403148325087,97.5556940238158,267.785525171031,542.799874550598,900.086189205652,1278.89809797188,1482.08854049609,1568.59924442994,1506.59388489211,1312.95975357382,1059.36368573515,764.53484201053,549.244813357065,385.139220044756,322.156081762791,345.457024114332,353.474039451288,287.240642208309,189.861176227428,98.2419534606046,29.7827322654783,7.83233688219483,1.69260823793668,0.80274427560457,2.28024050711644,14.6816311755067,56.2253105762219,135.416050290724,249.08158372526,371.028087582811,431.85206201802,463.509375062284,481.979704288286,480.392609593074,451.341845154958,389.43446791404,335.408347988208,285.409067106419,203.484794338081,118.435108998334,51.8961114325632,12.900093022749,2.03265759508643,0,0
0,0,0,0,0,0,0,0,0,0,0,0,0,0,0,0,0,0,0,0,0,0,0,0,0,0,0,0,0,0,0,0,0,0,0,0,0,0,0,0,0,0,0,0,0,0,0,0,0,0,0,0,0,0,0,0,0,0,0,0,0,0,0,0,0,0,0,0,0,0,0,0,0,0,0,0,0,0,0,6.28769204064515,38.5900348334203,117.800684064901,252.157476342996,393.710766430672,393.538962486633,292.369963060536,156.482646185228,83.9468177223673,41.2225851451797,12.9439954608329,3.86661788997658,0.82051159916135,0,0,0,0,0,5.45986504359196,28.1916003081235,75.3062304722263,140.871800420948,190.985376606603,174.833531201791,124.104134120666,65.734564061008,47.0566754786317,77.9192341417412,244.256151761405,505.062016817228,832.735556004555,1154.98563476107,1314.49205739022,1384.01938329319,1334.82306529066,1158.43515371079,913.074500102479,619.720747387917,414.15185476225,268.954929238708,218.613699602069,253.126014218099,294.469924970269,284.25330923054,212.88261483509,120.421605099638,39.5570193516318,10.8293594986193,2.14311615668554,0,0,6.47470251366605,33.3264498439652,89.3507075908883,176.23948952026,280.14984619302,337.819808974397,367.309020270678,402.753479134137,449.300802094771,478.703693803788,448.385467344562,387.059287806189,323.581887880905,232.915716208735,140.688392961175,64.5401865308349,17.0891441393231,3.2325029275243,0,0
0,0,0,0,0,0,0,0,0,0,0,0,0,0,0,0,0,0,0,0,0,0,0,0,0,0,0,0,0,0,0,0,0,0,0,0,0,0,0,0,0,0,0,0,0,0,0,0,0,0,0,0,0,0,0.121017943655318,0.492718900198666,1.65166447189753,3.04586078824633,3.91879242027901,3.29690302413584,1.92126447556168,0.781127844100813,0.291389869635918,0.514863569870517,1.46249908387468,3.18275340794279,4.09491792231402,3.67571133218665,2.08333840474691,1.14756240208897,1.24294555080775,2.39972129232752,3.31796818267392,3.20064580150223,1.90589669222798,0.832728685471908,0.253840947871001,0.0379362789092559,0,4.35530254320732,26.7302017602009,81.5971290551284,174.404614639117,271.23063317357,268.346298739891,193.99019727602,96.0677807614315,46.7783457968146,21.1576592936146,6.1684512691846,1.8234800893552,0.381790643703787,0,0,0,0,0,4.49526253471138,23.2109481913664,61.7559133237021,114.908061785882,153.186499017558,135.677472668655,90.1456502970316,41.5921718102336,29.6502860968851,63.7358074339617,219.280703165383,457.685079953035,744.560686001853,996.111154378501,1100.56600347664,1143.85830007688,1110.90997107919,976.078764997558,773.468198536965,510.006031640693,317.842444084512,186.142392703636,143.396454616717,185.509260280939,251.611042827861,283.448431128692,231.319304693609,137.788908282294,47.6368245921496,14.7830068541605,6.33331423443163,6.26447673422657,6.49410643174234,8.3272374241714,22.925441956405,60.5522065309512,128.521642863927,225.880348462856,287.851947204587,317.24145870677,357.815280538555,435.421394433053,513.442287952763,517.333989509631,452.123853191655,374.453392949708,272.12127288919,170.004419885336,80.7285242250915,22.4295425611618,4.75754384410504,0,0
0,0,0,0,0,0,0,0,0,0,0,0,0,0,0,0,0,0,0,0,0,0,0,0,0,0,0,0,0,0,0,0,0,0,0,0,0,0,0,0,0,0,0,0,0,0,0,0,0,0,0,0,0,0,0.306353244295098,1.24730291262672,4.18113838468383,7.71050396301691,9.92030384428661,8.34600974915795,4.86362259561808,1.97740138380713,0.737644594027657,1.30336147049758,3.70227195728695,8.05704346697273,10.3661601968388,9.30495146170128,5.27390781879924,2.90501932434367,3.14647886479252,6.07482147773424,8.39933555742083,8.10233751717365,4.82471951943201,2.10802734459371,0.642590640415385,0.0960345364439145,0,2.65009126281485,16.2646506035424,49.6497858953625,106.009855827681,164.38947559026,161.414367331858,114.256584355871,52.9090151673834,23.2601750115238,9.41318827460476,2.39810999009013,0.68023355467839,0.134617335543876,0,0,0,0,0,3.25119971779103,16.7873239052717,44.554422005333,82.6235502450694,108.946899968761,94.331980741307,59.5786126202134,24.0912105364996,17.9418530507715,52.099503298625,190.655565368379,398.645792368702,637.828818957789,820.081248533483,874.747829915053,893.400910049291,878.35159291408,795.847210426426,653.846185219073,437.017150680394,260.454740297903,137.034966479413,96.2627346194528,139.895925636481,217.568886770867,272.686174926797,233.661345847242,142.919682009138,51.0565289595767,17.9851899542957,11.8211904244799,15.1878393181819,15.7445624247579,13.1786689013876,18.071112772387,43.9738336233975,102.77797641219,203.740173003433,273.850256554078,302.652566366094,336.133258160486,427.130939576701,541.987846952024,582.356957831315,518.955013748428,428.582085515668,312.995477815143,200.081380869438,96.9236486266228,27.7688667010624,6.2998859870014,0,0
0,0,0,0,0,0,0,0,0,0,0,0,0,0,0,0,0,0,0,0,0,0,0,0,0,0,0,0,0,0,0,0,0,0,0,0,0,0,0,0,0,0,0,0,0,0,0,0,0,0,0,0,0,0,0.681256460526558,2.77370383139155,9.2978533440229,17.1463196050278,22.0603868578481,18.559532719538,10.8155352571887,4.39726848942765,1.64034543329259,2.89836467774622,8.23296875909206,17.9169407108717,23.051864918875,20.6919901003688,11.727911620605,6.46006928118988,6.99701764047705,13.508952346088,18.678116583324,18.0176638626497,10.7290241055046,4.68774943374767,1.42896813860797,0.213557876746588,0,1.41650713622422,8.69366046799461,26.5384354945135,56.6216331250677,87.6319834290906,85.6068999617822,59.7415818883619,26.401460047776,10.7461471742309,3.97516007185119,0.907266472062116,0.257349787908661,0.0509291882365681,0,0,0,0,0,2.06560688062885,10.6656049384854,28.2633915077518,52.3026955009892,68.5196173784294,58.5485796095235,35.9389011466518,13.5508407153631,11.7211817624487,42.463035125862,158.467109227258,331.641785097878,525.029292989302,654.038217125683,674.13658804563,674.01493757658,674.79575893927,643.149265361764,561.870314009778,391.178944006314,227.780085254504,108.857211489003,67.0083814660793,106.365895625657,182.234801115601,242.967017403768,213.427465673869,132.214103464407,49.0982329323299,21.5688121102596,21.8642356705937,32.3461519324786,33.5318275122876,25.0298330859336,19.3735885019926,36.5699128621731,90.3693222740173,195.275783570359,269.990959453947,295.592648950598,316.50643546215,410.728370864157,552.827992533051,628.866304930717,570.71060299611,468.362267440288,339.210469816912,218.723429205929,106.674189017426,31.1259364985498,7.32821184499365,0,0
0,0,0,0,0,0,0,0,0,0,0,0,0,0,0,0,0,0,0,0,0,0,0,0,0,0,0,0,0,0,0,0,0,0,0,0,0,0,0,0,0,0,0,0,0,0,0,0,0,0,0,0,0,0,1.33080437185805,5.418307787059,18.327180037473,34.2131709910159,45.4145725124797,42.1155144876171,30.0569395271455,18.7276720784793,11.4797685226347,10.9274458578625,18.6493373597722,35.7379264616244,45.2038694432355,40.4208877031866,22.9099567663587,12.6194596896278,13.6683645667266,26.389141069577,36.4868748370467,35.1967096510908,20.9586741743924,9.15731123604269,2.79142607269443,0.417175869127782,0,0.665107949252832,4.0820286304954,12.4608792689771,26.5384354945135,40.8780840936376,39.4326470371143,26.5384354945135,10.2593971243185,3.12737526166303,0.665107949252832,0,0,0,0,0,0,0,0,1.15283493781341,5.95257603046807,15.7340015144516,29.0153230698359,37.6007528258868,31.4067887621014,18.3022512637937,6.14041327881048,7.5842766838992,34.4155472316367,128.186452261275,266.832166998951,419.0491757243,511.14388039019,512.165418091128,501.122674116733,518.115842581406,533.791159185838,506.722294292008,373.015620994366,216.808576011396,97.6341595829372,50.3721975530185,79.1859779137914,142.132251125838,195.381292701764,173.644452112147,108.207121581975,43.0389550579312,26.5739219233772,38.1782737889914,60.5152296305652,62.7334665982662,45.6692819283303,26.0710485643275,34.0604498943177,81.7152298382862,183.690356796712,256.236586321992,276.909441865744,285.945076024508,376.721395507117,533.032616105985,635.710393466415,584.718920186588,474.891452700631,337.681921818184,217.281920352849,105.758798487518,31.1771854108329,7.48822312144109,0,0
0,0,0,0,0,0,0,0,0,0,0,0,0,0,0,0,0,0,0,0,0,0,0,0,0,0,0,0,0,0,0,0,0,0,0,0,0,0,0,0,0,0,0,0,0,0,0,0,0,0,0,0,0,0,2.28366943433403,9.2978533440229,31.5834939545289,59.2960226733141,79.8382581866826,77.1226364661715,59.0530918109301,40.761002085954,26.9105408789363,23.4321157153585,34.3206617623989,62.0015963537919,77.7306244987022,69.3625206742718,39.3136430234299,21.6550794244665,23.4550073913472,45.2839471625585,62.6117276000523,60.3977952875998,35.965228705554,15.7140089202118,4.79010629602536,0.715876654161206,0,0.274334827130783,1.68370054808075,5.13969674244998,10.9462187632661,16.8608451392943,16.2646506035424,10.9462187632661,4.2316588453464,1.28993790067494,0.274334827130783,0,0,0,0,0,0,0,0,0.565199830627814,2.91836658819607,7.71390135688722,14.2253284895994,18.4345030078445,15.397791224624,8.97303592656922,3.39387087037971,6.47286448375023,29.5210095792755,105.235655898806,215.604964630808,335.650726326992,404.119509573944,395.543779081433,378.670293048289,413.539350568759,473.636266419035,492.747032837126,382.470835631673,223.240463831222,96.2888680704025,38.5018549046078,53.0773515036908,98.1365826457045,138.526399540221,124.345119061451,77.8715689618517,35.4999136397082,33.7077977511911,60.7721258472424,99.4539837970817,103.099553760058,74.5667772462158,36.3683417154124,31.9119646567808,68.3402181463523,156.563380914389,220.060963253412,236.965271670065,241.282143125444,325.096250497696,479.495511832063,591.848911006635,547.864195196557,438.269251880587,303.567324593282,193.421781466428,93.408535377559,27.6904496128992,6.72163572203398,0,0
0,0,0,0,0,0,0,0,0,0,0,0,0,0,0,0,0,0,0,0,0,0,0,0,0,0,0,0,0,0,0,0,0,0,0,0,0,0,0,0,0,0,0,0,0,0,0,0,0,0,0,0,0,0,3.44245042378332,14.0157759714207,47.9074326563128,90.6871420127974,124.601086996181,127.105905898379,105.79862187387,80.9130450837539,57.2534388845854,46.9474350715896,59.139037859927,98.4904735490738,121.139556667279,107.157999996558,60.3578174130282,33.0022252280742,35.4385913752116,68.2619562869402,94.3822100388455,91.0448827914577,54.2147278137056,23.6876212701481,7.22070506387823,1.07912723901412,0,0.0993997260065433,0.610055146503543,1.86226609759869,3.9661429693636,6.10918928746018,5.89317014719953,3.9661429693636,1.53325676575535,0.467383143560621,0.0993997260065433,0,0,0,0,0,0,0,0,0.243417810373001,1.25686945796734,3.32218956194854,6.12650274316012,7.93929175898657,6.63145390598448,3.86446817441112,2.31427743479818,7.43224371472904,30.5490166787461,99.3139057465319,193.779465034328,292.735535617651,345.083505858736,329.328490198631,306.933286324146,357.443506897883,455.49542491108,509.78763367515,408.556786955393,238.215179118757,100.101315511899,32.484165584793,34.5271561630876,62.2937386705506,88.0109217754962,79.0010321729657,49.4746747709037,28.9303622327332,42.3322288243526,86.4829557071508,143.580386466299,148.843447071715,107.651059171269,49.2676463711074,31.9083680248069,55.4291123321142,123.453049508337,172.610406157392,184.985144173998,187.833259511923,259.622834663802,395.602815104142,499.696308122274,462.806569229802,363.364189080912,243.833726101231,153.019274521066,73.0259298523692,21.7127196614186,5.30013099310249,0,0
0,0,0,0,0,0,0,0,0,0,0,0,0,0,0,0,0,0,0,0,0,0,0,0,0,0,0,0,0,0,0,0,0,0,0,0,0,0,0,0,0,0,0,0,0,0,0,0,0,0,0,0,0,0,4.55845408815548,18.559532719538,64.0202653968949,122.723888805197,173.723736517488,191.09076584744,176.097995494488,149.818428005413,112.997859908583,88.3058135955226,95.4164541793824,143.31860345244,171.944297668012,150.637207496748,84.3835008796713,45.4840091278865,47.442115715345,90.4511930224186,124.979859761607,120.942689612464,73.4502993472006,35.1656515528273,15.6274427215941,8.04223248652907,4.7830450425559,2.41349856578739,0.660391381049341,0.150932491525172,0,0.180847039395026,0.79127976287894,2.41547585422561,5.73103595189131,7.92400142588744,7.64381106102875,4.55167960490744,1.9887301287317,0.606225232472674,0.0905997621494826,0,0,0,0,0.0920911963866584,0.475505929121204,1.25686945796734,2.31781300809178,3.00363755399595,2.50884897472903,1.46202735549362,2.54110565542165,11.0526098632768,40.0269841695598,116.430298480571,208.608788435071,292.769323271021,323.401104904554,294.15323950634,264.874735607808,331.409676768965,463.496140561222,546.030650327667,445.87970701365,259.761480667303,107.578282936845,29.1548759297074,20.5080420557906,34.766730794664,49.1197364239346,44.0912309435129,27.612288740774,24.2323157365441,50.1522680554997,108.978557812346,182.088906087657,188.763529076907,136.523268157347,60.2392512749903,30.6562897288455,40.3492265180983,85.5123592273117,119.134190824549,127.763984268912,131.584172927266,188.301842730508,295.058008349272,378.349878004615,349.188667136362,268.505866688847,173.936417458781,107.096308470001,50.3552682509388,14.9956780577319,3.67124754908046,0,0
0,0,0,0,0,0,0,0,0,0,0,0,0,0,0,0,0,0,0,0,0,0,0,0,0,0,0,0,0,0,0,0,0,0,0,0,0,0,0,0,0,0,0,0,0,0,0,0,0,0,0,0,0,0,5.30252726995476,21.5889918950109,75.4685900721063,147.249318277393,216.96157530485,261.080056377366,266.188325900648,247.162373724252,195.494787338944,148.395717080373,141.707655865861,190.593309798305,221.302284316569,191.047337152278,105.972450253827,55.9455069109812,56.0389569671184,105.585702484729,146.375096983539,143.612934081816,92.0129797780937,50.6878353300466,29.7079133140991,19.4782325726021,12.2237386424001,6.00551070953574,1.60107836743812,0.365926561216637,0,0.438452546322637,1.91840921503847,5.85617294266414,13.8945448848882,19.2112550687413,18.5319507276898,11.0352678124703,4.8215541255631,1.46975586502185,0.219653562168066,0,0,0,0,0,0,0,0,0,0,0,3.54458330485873,17.5859757517567,59.2413310722445,159.547416081945,263.230761247627,335.710033464709,332.19565155511,279.759545484929,242.764138622955,325.78138621376,485.357485885549,587.613664822279,483.321464152119,280.92602598725,115.213123415224,27.5852102962869,11.538560808436,17.0450683893199,24.0819095576233,21.6165865936645,13.5374635237311,20.8885604575077,54.1396336142905,121.064479386044,202.855735286843,210.291583979321,152.093439083485,65.7451610608863,28.1834580863422,26.7295373754022,52.0321042689493,72.3135812986342,77.9393541040294,82.4862250993654,122.841926549843,196.98205594347,254.770104408611,233.52535897527,175.516346510672,109.442912774146,65.9455037712486,30.4879503765766,9.09506115464252,2.23386112834399,0,0
0,0,0,0,0,0,0,0,0,0,0,0,0,0,0,0,0,0,0,0,0,0,0,0,0,0,0,0,0,0,0,0,0,0,0,0,0,0,0,0,0,0,0,0,0,0,0,0,0,0,0,0,0,0,5.418307787059,22.0603868578481,78.6213669202167,157.327434067594,244.589623560356,327.041923153814,368.223003430723,368.085151185211,302.915554643268,227.30085668929,199.612939808459,242.91040209525,271.440591615201,229.708783527312,125.485400745481,63.9089444808341,59.1720322740395,108.553112433817,151.184256840707,151.74250373798,105.74433117732,70.0907654881612,53.1224411612647,41.3514322385175,28.1731458511743,15.7715424969229,6.57400473551535,3.06778179419713,1.15474110668209,1.24975501321522,4.15792704401232,12.4721269285169,29.5917707886995,40.9149821938922,39.4682404313729,23.5022534673804,10.2686576430546,3.13019814851052,0.467805021211464,0,0,0,0,0,0,0,0,0,0,0,5.34317800838134,26.1642611667536,84.970300631801,219.7965127603,343.203410560533,404.09384689095,355.7298677973,272.193543847317,224.885560316982,318.652600994004,495.842816071421,611.475622537066,506.569955062817,294.871526365232,120.663531260702,27.0728758905004,6.75296434455429,7.34089608692483,10.3714923049533,9.30973770909199,5.83025604464648,17.8118986231115,52.2366596294943,118.329874649641,198.521034702803,205.797991276088,148.843447071715,63.6110887911933,24.3906572530161,16.4187878557953,27.8118146510334,38.5885479689012,41.9448158733624,46.0690278477062,71.5827221990321,117.037769698132,152.205027765982,138.555436170086,101.949647550844,61.1759663619361,35.9677750809935,16.2961932229456,4.86142466515008,1.19402689033137,0,0
0,0,0,0,0,0,0,0,0,0,0,0,0,0,0,0,0,0,0,0,0,0,0,0,0,0,0,0,0,0,0,0,0,0,0,0,0,0,0,0,0,0,0,0,0,0,0,0,0,0,0,0,0,0,4.86362259561808,19.8020120315358,72.5655101037527,150.484375515199,250.941766050722,377.881597098846,468.292040199094,500.494013948984,430.033384680676,325.279251453713,273.078378626739,306.93796170966,329.637283851326,272.626715536828,146.023026314916,70.5618923226945,56.8821277914251,99.0307116550022,139.938822099383,148.824854841195,123.648013876938,105.664524662237,97.7872830910022,81.2454476093068,56.082152432369,32.3042539709841,14.7985870325556,7.5069155047274,3.05224128651859,2.58216028232512,7.83468848214706,23.3336449614248,55.3621589421621,76.546339977701,73.8396838611484,43.969504266942,19.2112550687413,5.85617294266414,0.875199261415637,0,0,0,0,0,0,0,0,0,0,0,7.07537615292073,34.7418122382189,111.03773163063,281.542871594435,425.499043403912,473.701390067181,376.77700715739,260.294901096496,202.406060183587,299.347532898329,481.060686277818,601.936675827508,503.063461884979,294.330502967213,120.873558693666,26.4663443315907,4.61925391954213,2.77724913456058,3.92380135707651,3.52211238102306,2.2057352893336,14.3173447219304,44.624321678832,101.66946289551,170.663718667414,176.919541740457,127.957101445516,54.3425191776388,19.4699555846424,9.54170204680542,13.058782786549,18.0556908540802,19.737347955327,22.3511585444564,36.1964966476132,60.5392995723536,79.4973925299442,72.1074411540628,52.1072964698567,30.1344035579079,17.2726930039034,7.65172823910545,2.28263741621793,0.560644387925856,0,0
0,0,0,0,0,0,0,0,0,0,0,0,0,0,0,0,0,0,0,0,0,0,0,0,0,0,0,0,0,0,0,0,0,0,0,0,0,0,0,0,0,0,0,0,0,0,0,0,0,0,0,0,0,0,3.8350541332205,15.6142436208031,59.6256823846057,130.121764071773,237.099180608409,404.821948305206,546.103466292161,615.71838265384,548.310052957604,422.118507840893,353.391555849963,385.376421403373,403.408647951065,327.650253699858,172.286853027059,78.4075030077378,51.4033989388484,81.1951770496341,118.831293880236,141.883830940088,151.747078768297,161.504504345196,165.919973321168,140.462559292957,98.0392377756739,59.2374551813751,31.0720803732069,18.7927511208447,10.8418584534068,8.90390146534563,15.9661499685725,39.8417180422073,91.3939311323542,125.893799840211,121.352108669834,72.2618486557219,31.5728100511606,9.62434964732344,1.83490289519061,1.30089865563652,2.9774144783981,5.0000869346579,5.183369353776,3.74887314146274,1.58004811517014,0.517604055417051,0.118298439303513,0,0,0,8.23028471286647,40.7029695690517,129.104499777091,324.06989243289,480.64866426734,516.036816687729,379.869689931583,238.093647645685,171.723403582972,262.79208149178,435.835110380495,554.50437050118,469.356804346494,277.032056980041,114.64614348095,24.8832913132155,3.34180764617955,0,0,0,0,10.2215175579575,33.5318275122876,76.7455237882326,128.881717198297,133.605985639405,96.6305614970971,40.8971237695467,14.0853919144957,5.31943225631385,5.38631198486025,7.44736976117241,8.27341513676363,9.90283690306349,16.7370995333269,28.3032241767076,37.1089519859268,33.34938709262,23.5947699397104,13.1131656589901,7.30487905048778,3.15608247666389,0.941511737581649,0.23124709517645,0,0
0,0,0,0,0,0,0,0,0,0,0,0,0,0,0,0,0,0,0,0,0,0,0,0,0,0,0,0,0,0,0,0,0,0,0,0,0,0,0,0,0,0,0,0,0,0,0,0,0,0,0,0,0,0,2.65643115339968,10.8155352571887,43.8227475322722,102.571492981061,207.826167281475,402.662216677939,586.849720214365,696.289424122897,646.779042111159,513.010483029826,438.298584777843,476.491339200034,492.237904650199,395.731441756066,205.589710506325,88.9372438362979,45.6399340088928,61.7307509633835,97.8838213208891,142.254939402098,200.191435285041,244.857514449476,260.957213602646,220.13634628578,157.132749357733,102.688438881819,61.7718890312997,40.455884475741,24.934790972256,18.6688705777963,26.5348642686159,59.1440496512186,132.388861131181,181.85282351721,175.194416513925,104.323464587672,45.5812436656331,13.8945448848882,3.03794525773983,3.15394893927812,7.2185586442475,12.1224038594663,12.5667608344398,9.08891281943811,3.8307296692615,1.25489926096502,0.286807304737364,0,0,0,8.4099927221718,42.0243899257448,132.983822365952,332.633121038128,488.946728502938,514.56042985565,360.574859318926,209.673472339405,140.039021679649,215.996125670461,365.660722045523,471.965674401477,405.657995346778,243.922278008659,105.308616638033,27.1283067514576,6.87267334565972,1.83991820229395,0.503445968377575,0.115062607623362,0,6.78079982164629,22.2445061338063,50.9118172585116,85.4981777447841,88.6321858234506,64.1032498794659,27.0793620313417,9.12014580697897,2.84538072419932,1.95162218767664,2.69840516230573,3.05232413426534,3.87011031057745,6.8097840572152,11.6297681204589,15.2270999394658,13.5714448422861,9.4161997270328,5.03330858936509,2.72121426322222,1.14354322677699,0.341137907010784,0.0837877499577921,0,0
0,0,0,0,0,0,0,0,0,0,0,0,0,0,0,0,0,0,0,0,0,0,0,0,0,0,0,0,0,0,0,0,0,0,0,0,0,0,0,0,0,0,0,0,0,0,0,0,0,0,0,0,0,0,1.61637106034646,6.58097920945679,29.1172212849999,75.0035264245356,171.751122450719,376.001871355698,587.720983444009,732.492501592821,713.024648060173,587.182620427649,517.840364788125,568.440144846148,584.082946259673,467.7653117852,241.694057559462,101.162039114994,41.6349605636494,46.885951869134,86.6210453696423,160.029546519395,276.270472151528,360.485552742253,388.117678386354,329.356280263289,244.141196084658,172.183871926057,114.732366083848,80.8119512614613,54.2875069491746,38.8098634419759,42.6488048878145,79.0666224541767,168.957325557224,230.852076888455,222.181876235398,132.303206681383,57.8062157475679,17.6210869809086,4.68102726773771,6.71709184169735,15.3736545237751,25.8175708084921,26.7639357208167,19.3570229971192,8.158458968278,2.67260940182166,0.610825046277224,0,0,0,7.54904155320053,38.1456788991604,120.664720780942,301.613984370578,441.558929184515,459.670444326691,312.4637640491,171.881051550738,106.448811622584,162.857062486749,280.527601027507,367.539389049591,321.780862606015,199.073858925421,92.5442212871759,30.678523866927,12.0489058937904,4.65769697852229,1.27445815951922,0.291277492227672,0,3.95149924576224,12.9629470743981,29.6687725325815,49.8239136619337,51.6502513927025,37.3560568387519,15.7445624247579,5.15772227666884,1.17879774956413,0,0,0.162807091381401,0.840642105786015,2.22200675772115,4.09763809158274,5.31010034527983,4.43536863801695,2.58470332243878,0.840642105786015,0.22188650479301,0,0,0,0,0
0,0,0,0,0,0,0,0,0,0,0,0,0,0,0,0,0,0,0,0,0,0,0,0,0,0,0,0,0,0,0,0,0,0,0,0,0,0,0,0,0,0,0,0,0,0,0,0,0,0,0,0,0,0,0.863970676743838,3.51761622112486,17.8499385955176,52.2603181887105,137.024732421879,336.363497900892,561.324671732607,736.078166491157,754.596488715526,644.555606108877,579.645247931254,633.901349499224,647.383849938486,517.953195050467,267.450620094599,110.145733481219,38.9905163405211,38.6514877347358,86.8902931680374,193.427033232733,370.35129594013,491.503170095494,525.523787549334,448.935385294937,350.630030929086,271.285504401689,200.243621510217,150.730501147598,110.112707280315,81.1702326520629,74.636168004343,104.829212147334,195.902432398214,260.354983561398,248.456830579416,147.55829065514,64.3988843229018,19.6307322223401,6.76452320819073,12.5667608344398,28.7620065505561,48.301146585864,50.071666000451,36.2143445711887,15.2633617416839,5.0000869346579,1.14277018226862,0,0,0,5.95255541343578,30.4425655102179,96.380111360871,241.176632554764,352.731488684665,365.372596296878,244.175984635285,129.352604601157,74.9011037194836,112.101374482428,195.670896523766,260.646837569521,235.51372512745,157.001653949624,90.4524378546766,51.0378854610943,32.5884588594247,17.4944393120178,5.84207190037972,1.63310873968337,0.225208009792734,2.02282502738012,6.63590504257788,15.1878393181819,25.5055241692054,26.4404507478223,19.1230624119948,8.05985094191898,2.64030664227272,0.603442248557918,0,0,0,0,0,0,0,0,0,0,0,0,0,0,0,0
0,0,0,0,0,0,0,0,0,0,0,0,0,0,0,0,0,0,0,0,0,0,0,0,0,0,0,0,0,0,0,0,0,0,0,0,0,0,0,0,0,0,0,0,0,0,0,0,0,0,0,0,0,0,0.567480025399068,2.35965162815763,13.3491575486448,42.1104593102729,118.209390392042,306.922944585584,535.107669878558,734.573771217149,795.128513837872,703.318866875389,633.914071020799,671.810747611469,674.832121413984,538.815293880504,280.893871856357,117.85176315709,41.6848607504128,41.9692383744514,102.763466735656,240.681677080852,469.797388259202,621.953400089668,665.040370475777,586.240939282817,488.325436012156,406.269319582481,316.883886183123,247.1102581696,189.9298221978,142.718241968955,117.938626423967,129.903348622494,203.964998625343,259.785427509449,244.600562285391,144.663291536959,63.0227838094444,19.2112550687413,9.16673030560412,20.6528907853457,47.2690288199083,79.3807026637258,82.2904695149089,59.5166020222089,25.0846297801985,8.21741184854233,1.87808999296479,0,0,0,4.12316308800316,21.3615778816084,67.7412523357298,169.890446595422,248.69909555989,257.270517361566,170.527003972751,88.1998818965699,48.2440170122181,69.8074276089763,122.896389324688,167.560908501642,161.724532800131,127.360031395786,103.389693606857,88.1391133496908,66.5808653905257,38.2998019140224,13.1508838514672,3.75976731071455,0.570107228377239,0.909641296172428,2.98409065663265,6.82979776127389,11.469542719116,11.889968516349,8.59942261133808,3.62442285344833,1.1873157212615,0.271361082502703,0,0,0,0,0,0,0,0,0,0,0,0,0,0,0,0
0,0,0,0,0,0,0,0,0,0,0,0,0,0,0,0,0,0,0,0,0,0,0,0,0,0,0,0,0,0,0,0,0,0,0,0,0,0,0,0,0,0,0,0,0,0,0,0,0,0,0,0,0,0,0.559624780617891,2.39772786345572,13.5914848644287,41.8130424319729,115.226231159877,296.814175299304,525.371339320125,743.937489662127,842.111466432453,765.219169573275,680.599184890906,680.634254090004,662.203441017041,523.899298285289,276.162926036848,120.647843826286,47.9871576215484,54.106123262641,128.102580577091,290.660379733765,556.832503070066,732.960826619541,793.992175604363,742.704045524822,668.950832215332,593.899040120292,481.184155105461,383.76272823586,304.700503769786,232.653910217754,181.638999988153,163.148502918905,200.083922404511,233.883314830947,213.507971976522,124.937440461018,54.1791587062507,16.5154500388734,11.5571305133973,29.8163022474442,68.2416648054699,114.600858922643,118.801650415039,85.9233224578022,36.2143445711887,11.8633675989667,2.71137340821421,0,0,0,2.50884028521041,13.1803385866192,41.8880125871137,105.36503348422,154.565548725951,160.040368166329,105.794526947626,53.9625990014853,28.2567048463303,39.4367971971256,69.8069967013064,99.6516556683567,112.403420965491,120.453044276667,141.484755219726,153.777298599071,125.271961358247,74.896156591255,26.4333598499112,7.71835549801768,1.26778233871342,0.359333289843364,1.17879774956413,2.69795765523182,4.53078431641225,4.69686405079814,3.39700806316493,1.43174655019861,0.469022312420135,0.107195078896978,0,0,0,0,0,0,0,0,0,0,0,0,0,0,0,0
0,0,0,0,0,0,0,0,0,0,0,0,0,0,0,0,0,0,0,0,0,0,0,0,0,0,0,0,0,0,0,0,0,0,0,0,0,0,0,0,0,0,0,0,0,0,0,0,0,0,0,0,0,0,0.896123236172591,3.90247777109132,19.7819703319264,54.204533218611,132.804771184251,312.412230259086,538.509804475233,769.484522626084,900.89952308019,839.960379496712,738.688376725313,690.541592617282,641.30546194192,498.799156834614,269.190003691768,130.052057361438,69.2067354434595,87.6523636345157,173.501070915361,347.78940795315,627.665469195759,820.307817963558,916.246416018579,933.339630820329,907.448351237879,841.064450815958,691.45223382978,556.535834919199,449.859130420857,348.356054669276,267.262797748802,211.20688270399,196.068988683123,196.499038022592,167.548039812561,95.4712980138649,40.9149821938922,12.4721269285169,13.3905227434848,37.8130884965294,86.5442028667697,145.337016785561,150.664468162302,108.968113116415,45.9270973559959,15.0451442691905,3.43856866559396,0,0,0,1.34100671079253,7.15132661585398,22.7752005628509,57.4519943899603,84.4214180265204,87.4051156564431,57.4610009988818,28.8028254641157,14.4752790885036,19.8201740639138,35.3898481733092,56.3897009478457,87.6392650603057,136.410714368298,205.450778929401,250.722185003219,212.724535283179,130.819908838077,47.3989414927375,14.1089948508625,2.47655673990996,0,0,0,0,0,0,0,0,0,0,0,0,0,0,0,0,0,0,0,0,0,0,0,0,0
0,0,0,0,0,0.361427984842531,1.27418598389903,3.13399181019063,5.73798171393144,6.3923855914741,4.968448064681,2.28303918385294,0.803729532081895,0.197406056857945,0,0,0,0,0,0,0,0,0,0,0,0,0,0,0,0,0,0,0,0,0,0,0,0,0,0,0,0,0,0,0,0,0,0,0,0,0,0,0,0,1.56309944471224,6.83919937039414,32.483756090558,81.8269506209112,177.660402066984,367.195830306818,589.878353608973,822.072462871779,975.971312886718,936.386739435982,833.060520214118,747.099736124375,661.55716601938,502.160278060093,280.060861498624,155.326464671914,108.680546534339,142.482731324695,237.522301345936,410.791697155288,681.832615324079,883.313515444198,1028.76702021663,1150.38206742462,1193.29946287686,1137.20789311204,938.039650522,754.260357886924,611.739776693311,477.708644834893,368.806348070365,276.118815875498,203.250546865051,163.592926845278,121.978938915087,65.2580653670576,27.1423790440021,8.27381996586199,14.0776698850614,42.1255859856576,96.4143740799938,161.91237587115,167.847411066063,121.395680736359,51.164979261592,16.7610090521058,3.83072966926151,0,0,0,0.629657416147547,3.41224079434021,10.899990721395,27.6097607855198,40.7267423815615,42.3421721081422,27.9849226590108,13.9640456366117,6.60565402260307,8.12508274497793,14.5213664586425,31.0496489112145,80.3232889560905,167.351285132283,286.186143050521,370.689075480339,323.786915247218,203.980916564031,75.7257145020101,22.9286931600223,4.24978836027566,0,0,0,0,0,0,0,0,0,0,0,0,0,0,0,0,0,0,0,0,0,0,0,0,0
0,0,0,0,0,0.876259964202798,3.08918570631856,7.59817077420271,13.9113844586121,15.4979464913211,12.0456973612534,5.53508836452762,1.9485929162836,0.478598867741585,0,0,0,0,0,0,0,0,0,0,0,0,0,0,0,0,0,0,0,0,0,0,0,0,0,0,0,0,0,0,0,0,0,0,0,0,0,0,0,0,2.70168691351476,11.8643657309413,54.0728078666931,129.506000557206,256.162922767761,466.46208889416,682.629877163188,904.493322770966,1072.44319482615,1063.67032637411,979.006680319779,873.107669353494,747.398144655888,554.055346389529,320.686332670207,205.159794946892,175.574055735701,229.126259457002,328.830607184551,486.016590807121,725.84339513762,927.646834654115,1131.1769220031,1383.72821031109,1515.5135657865,1477.76256085248,1221.60330414318,972.700554515933,777.289806238709,603.032336837526,471.787761662808,350.558685031178,224.63673981029,144.538019679205,87.408542952876,40.9290797222518,15.8171739531646,4.8215541255631,13.2873373356605,41.2254300106892,94.3541540766331,158.452568982971,164.260782027703,118.801650415039,50.071666000451,16.4028532640798,3.74887314146274,0.211204308697453,0.74458420810615,1.83138163477622,3.61276365233132,5.16735777643683,7.49193067471255,13.0071921071978,17.7570985413774,18.1655388086385,11.9946197778103,6.00468367896696,2.81729436747399,3.36927523858165,5.9895789271646,21.0441019305047,84.5116547827186,202.094688730235,365.932189015959,492.150739035225,440.557567876018,283.63076377694,107.623398894066,33.0714147631825,6.4062186592635,0,0,0,0,0,0,0,0,0,0,0,0,0,0,0,0,0,0,0,0,0,0,0,0,0
0,0,0,0,0,1.86620607057127,6.57916298104365,16.1821297369836,29.627634705794,33.0065996451237,25.6542058957207,11.7883001951681,4.14999666537202,1.01929124784385,0,0,0,0,0,0,0,0,0,0,0,0,0,0,0,0,0,0,0,0,0,0,0,0,0,0,0,0,0,0,0,0,0,0,0,0,0,0,0,0,4.03063823222348,17.7408641555648,80.0743232267814,188.564414100977,356.986976784698,601.913291910236,814.450832036319,1018.2721391059,1189.64867567785,1216.67300716275,1169.9706577781,1065.74655217368,899.283421729709,655.282061778158,390.409154997323,279.742481976443,272.024570022612,349.432794276271,445.410954539182,569.033548013316,757.55900457311,949.15738321945,1204.92189194718,1586.80403758446,1813.95121353425,1808.02055059774,1506.27146777595,1185.47091585947,921.553518776102,699.011752322563,553.09485167854,416.392879557476,251.776068997296,138.32243419007,66.3636781586943,24.7923620881275,8.09702174920053,2.46821769395922,11.1722121953114,35.4405023116076,81.1139778237766,136.217830496009,141.211010379998,102.130897484036,43.0453968381872,14.1011351214978,3.22281531572829,0.558260641425713,1.96810406083259,4.84075487110446,8.95697197790841,10.402144273694,9.37343749456503,7.86845075987017,7.69836426104747,7.07630345077335,4.52447293970936,2.27245099355968,1.05740231238743,1.22788002639475,2.17020387269642,16.041924852636,87.8402829821569,224.670240166432,421.301875767236,584.449571141889,534.983917387301,351.205527653637,135.844068218865,42.2684518865126,8.48304261266412,0,0,0,0,0,0,0,0,0,0,0,0,0,0,0,0,0,0,0,0,0,0,0,0,0
0,0,0,0,0,3.49141651020252,12.3087147864102,30.2745531829982,55.4292554296502,61.7508370398525,47.9955131605783,22.0542985995296,7.76407659542654,1.90695462175706,0,0,0.0843361482698871,0.517604055417051,1.58004811517014,3.36509198729381,5.183369353776,5.0000869346579,3.36509198729381,1.30089865563652,0.396553347557313,0.0843361482698871,0,0,0,0,0,0,0,0,0,0,0,0,0,0,0,0,0,0,0,0,0,0,0,0,0,0,0,0,5.38905915713676,23.8033298833787,107.807608827013,253.284831911255,470.965342406423,761.903330047738,974.973264720341,1156.25561506769,1320.58483197683,1381.07734671104,1380.00083335388,1289.74318125794,1083.36115600193,779.491897483716,472.023730812081,367.413896267317,389.141645411501,493.317897980311,573.836250239061,645.410808410515,766.00720696437,936.961104304583,1229.64634956027,1720.64690332868,2042.65507041761,2088.30502585943,1766.25505438369,1373.78129284967,1027.8266307931,747.040276660267,591.145726674132,452.017020026959,269.274049344535,136.365267790005,55.021048226875,15.7773827296849,4.06797277946684,1.89706185124488,9.34437634929719,27.6159443675035,61.7521081056096,103.030376027094,106.682263027474,77.1271454151142,32.5069950737397,10.6488861434311,2.43380359544071,1.29624376908365,4.569805636391,11.2399081606499,20.5789904371686,22.9259778988574,17.8190956869718,8.18800823608762,2.8825366094537,0.707987156260105,0,0,0,0,0,11.7062292582693,83.9301101744904,224.89994491793,434.203995530076,619.694035311376,578.907911712237,386.652758585665,152.03095854711,47.7996084063076,9.86772355626399,0,0,0,0,0,0,0,0,0,0,0,0,0,0,0,0,0,0,0,0,0,0,0,0,0
0,0,0,0,0,5.73798171393144,20.2288040284035,49.7548293232456,91.0954201948592,101.484647483116,78.8784082510337,36.2452207314401,12.7599011461215,3.13399181019063,0,0,0.204467814787973,1.25489926096502,3.8307296692615,8.158458968278,12.5667608344398,12.1224038594662,8.158458968278,3.15394893927812,0.961419250051885,0.204467814787973,0,0,0,0,0,0,0,0,0,0,0,0,0,0,0,0,0,0,0,0,0,0,0,0,0,0,0,0,6.52264005658624,28.9582763435565,132.532844161993,312.928462873195,579.763924188886,921.1147798981,1139.15139012227,1297.30708190433,1444.13437685992,1525.47077742392,1561.26942574451,1484.50132902987,1243.06912452268,884.191443539954,538.734117525079,447.177730110878,505.829943173556,636.218367891971,688.997918956945,693.94267522231,736.899080269378,879.514210682709,1189.91856839621,1757.70840799704,2164.61539811372,2278.2511661898,1967.05675804666,1514.17943680689,1083.94771235702,739.489968426724,574.604586262829,442.676549491161,263.785922189699,129.253110048112,47.8408769056192,12.2931216542765,4.64149721081353,5.16202043859383,10.3575008952065,21.2505325419789,42.437288744166,68.7653928392497,70.8510199104339,51.1649792615921,21.5646478273347,7.06430966367567,1.61454841634927,2.64394117610167,9.32100703355893,22.9259778988574,41.9748518582243,46.7619890755857,36.3455099506366,16.7010346680051,5.87949382294259,1.4440774484189,0,0,0,0,0,9.23057289473904,73.898069081165,202.655562907535,400.323688493553,585.950887046585,557.357308755073,377.842696736168,150.629819080272,47.7643880654401,10.0831849915044,0,0,0,0,0,0.189906395215356,0.824957024946525,1.88810940766956,3.01492819815574,3.28700236775768,2.37732525918386,1.1995854215047,0.328235485375436,0.0750182407528835,0,0,0,0,0,0,0,0,0,0,0
0,0,0,0,0,8.2838474696376,29.2040538675178,71.8303817509418,131.513239968087,146.512028474917,113.875703195936,52.3267404832625,18.4212986537564,4.52450206728261,0,0,0.435463324563629,2.67260940182166,8.158458968278,17.3753980269528,26.7639357208167,25.8175708084921,17.3753980269528,6.71709184169735,2.04757322496553,0.435463324563629,0,0,0,0,0,0,0,0,0,0,0,0,0,0,0,0,0,0,0,0,0,0,0,0,0,0,0,0,7.23616635382513,32.3498904206238,149.808177347625,356.124509589585,660.424619385668,1039.9637612602,1258.75407769958,1391.9248325365,1512.88948986596,1599.26235938577,1654.77652569474,1585.60590291671,1323.58102207882,934.228226471278,574.992355868695,507.050628577688,604.053659819272,751.16351295654,765.016074713559,697.503326339742,663.474876736512,774.518744342582,1085.01326459516,1695.22020795231,2171.09265652623,2360.83826993657,2088.11654340705,1594.42632345584,1090.82171065705,684.930631736344,509.095172951055,388.37442396146,230.408209168202,110.340108547104,38.6852346432131,10.630991561382,8.0134027554085,11.6496300028502,14.9691587894091,18.6818954475519,27.9144718707215,40.9805702455047,41.4653718782417,29.8163022474442,12.5667608344398,4.11671411073568,0.940875268000728,4.7373157302919,16.7010346680051,41.0779168289654,75.2089826286633,83.7863975302723,65.1225366021571,29.9242944434739,10.534658949806,2.58744440836666,0,0,0,0,0,6.39375105266646,58.1146443204051,163.099696984305,329.306583480564,493.22025031193,476.61615684788,327.211645507337,131.939568744857,42.1272938715115,9.05094510828756,0,0,0,0,0,0.501965450693708,2.18054755007396,4.99069917421739,7.96913547898275,8.68828889670456,6.28380705040766,3.17077492871349,0.867600446858598,0.19829013650155,0,0,0,0,0,0,0,0,0,0,0
0,0,0,0,0,10.5055903599853,37.0366339925508,91.0954201948592,166.785329049475,185.806819791108,144.417372979963,66.3608670252912,23.361924306868,5.73798171393145,0,0,0.814692367013751,5.0000869346579,15.2633617416839,32.5069950737397,50.071666000451,48.301146585864,32.5069950737397,12.5667608344398,3.8307296692615,0.814692367013751,0,0,0,0,0,0,0,0,0,0,0,0,0,0,0,0,0,0,0,0,0,0,0,0,0,0,0,0,7.45208370172744,33.6001854680605,156.955757221859,375.004746664955,695.149845508052,1084.98174307314,1291.25652271401,1395.84715074628,1486.60288510595,1564.43014182046,1621.4416447514,1553.74071001181,1291.61745428963,906.471137078054,564.580684748072,526.015461126969,653.106578826948,803.42302290129,777.602593486453,649.064464204093,554.206289115203,637.492057727978,935.955213421201,1556.99084880498,2079.069587624,2338.38865877679,2119.18742797912,1608.88828359628,1055.99193568571,602.479718495375,415.233472705297,306.591253185096,180.835927172513,86.9613565855425,32.100835236592,14.1070133228393,17.7212009627463,25.4169110181372,26.9328059364672,22.883288107371,20.923313831584,22.8388352481615,21.5725618382503,15.2633617416839,6.43309203621057,2.10740071447456,0.481646565362742,7.45638471184947,26.2868988812169,64.6553382709091,118.376553346501,131.87713236229,102.500807200212,47.0998903819003,16.5812190721435,4.07255543596982,0,0,0,0,0,3.89043553993995,40.8238167043769,117.161930817009,241.388639437978,368.988294429171,361.409842067506,250.74077656732,102.047069863876,32.7633941550436,7.13683345380521,0,0,0,0,0,1.16553011169706,5.06308517067492,11.5880687763138,18.5037981241768,20.1736241293854,14.5905785412579,7.36232673328887,2.01451005111615,0.460416398430775,0,0,0,0,0,0,0,0,0,0,0
0,0,0,0,0,11.7037292544954,41.2605785961051,101.484647483116,185.806819791108,206.997668665713,160.887848762965,73.9291742914168,26.0262991019556,6.3923855914741,0,0,1.33890926239942,8.21741184854233,25.0846297801985,53.4237444209022,82.2904695149089,79.3807026637257,53.4237444209022,20.6528907853457,6.29562721291082,1.33890926239942,0,0,0,0,0,0,0,0,0,0,0,0,0,0,0,0,0,0,0,0,0,0,0,0,0,0,0,0,7.18923089210064,32.7167623124652,153.184932235303,366.416517715566,675.771187071728,1040.32482923286,1216.95963995101,1290.04261630054,1351.25426788635,1412.68413227874,1458.58133002631,1392.19702783655,1156.20621358761,815.654967042152,524.436051722475,514.497767339662,652.453378251875,785.220236817523,724.357631623419,556.907311370483,425.744359875294,486.723030349965,762.696441754317,1365.33231387634,1907.28119186601,2219.41072816434,2058.61515915273,1558.04460962094,988.935256145574,512.054728473939,316.869935793391,218.467361299902,125.756989926038,60.7384582737949,25.425979932975,21.1045323886186,34.6265116534076,49.0409237231679,48.7367095308952,35.2206376623776,21.6351524145529,13.6407107801497,10.2944779352418,6.86375933198544,2.89288796559638,0.947674016052753,0.216590955759038,10.3095502426855,36.3455099506366,89.3955293511715,163.673022710625,182.33956193136,141.722465052946,65.1225366021571,22.9259778988574,5.63090780663847,0,0,0,0,0,2.07948676435084,25.6045790486801,75.0371214842052,157.434427109466,244.937487233664,242.635508156059,169.794176607622,69.621557697455,22.4511936060992,4.94347825734411,0,0,0,0,0,2.37732525918386,10.3271465446044,23.6361191621026,37.742093687647,41.1480284642651,29.7603215602324,15.0168967182903,4.10898489994821,0.939108756390865,0,0,0,0,0,0,0,0,0,0,0
0,0,0,0,0,11.4536393964829,40.3789064368957,99.3160838973039,181.836427092433,202.574461631456,157.449934370199,72.3494268195227,25.47015897726,6.25579059938483,0,0,1.93296539765416,11.8633675989667,36.2143445711887,77.1271454151142,118.801650415039,114.600858922643,77.1271454151142,29.8163022474442,9.08891281943811,1.93296539765416,0,0,0,0,0,0,0,0,0,0,0,0,0,0,0,0,0,0,0,0,0,0,0,0,0,0,0,0,6.50889159247726,29.8838066204361,139.20996783049,331.805995085785,605.229962797378,912.326656478421,1044.92989360818,1085.75762681763,1121.87010134131,1165.97764231457,1196.95454128851,1137.32538783298,951.517330027377,690.55201543545,477.922641261641,491.341992002261,616.571017001115,710.085303596295,622.446445082269,442.980913283759,303.759207652164,348.456576145337,591.481311464496,1145.13181106102,1675.02064462424,2014.6375969385,1910.03128702039,1445.36430463264,896.152175860781,426.298696092222,231.762617862448,142.482253165706,77.8682112350327,38.1191395888064,21.0878976432469,32.6309307558864,59.7522404138982,83.646205329904,80.8373295470655,55.2086844927873,28.4869345186076,10.7879168352646,4.96132106893069,2.71137340821421,1.14277018226862,0.374357258537172,0.0855593748994232,12.5217943447229,44.1446028432565,108.578202494062,198.794310315883,221.466353203067,172.133557686402,79.0966619632562,27.845480515004,6.83919937039415,0,0,0,0,0,0.976403960111689,14.3247025305336,42.7857424421112,91.2081477736544,144.0376274229,144.02085418365,101.490484912617,41.8635983032013,13.5468547435739,3.00798128436222,0,0,0,0,0,4.25960321967423,18.5037981241768,42.3503216038936,67.6248835400586,73.7275111398946,53.3234403019913,26.9067185332076,7.36232673328887,1.68266023628592,0,0,0,0,0,0,0,0,0,0,0
0,0,0,0,0,9.84641599619758,34.7127665265332,85.3796285455258,156.320366167992,174.148351487438,135.355889836993,62.197047496556,21.8960779275449,5.37795145231827,0,0,2.45139021719205,15.0451442691905,45.9270973559959,97.8127854642471,150.664468162302,145.337016785561,97.8127854642471,37.8130884965294,11.5265756942786,2.45139021719205,0,0,0,0,0,0,0,0,0,0,0,0,0,0,0,0,0,0,0,0,0,0,0,0,0,0,0,0,5.49553614875465,25.4199449827104,117.073006447424,276.906318685295,497.08288688886,729.111151292968,814.847443947532,830.339374731726,850.415596887026,880.137318753535,897.563834800461,851.632504323788,731.700683752415,570.926857512641,451.367453713568,479.617777952356,570.908915426743,607.417780009205,499.435229171741,327.736319297472,200.280009067783,232.229181149554,434.270017133327,913.312895274658,1399.95881643372,1739.90668431572,1686.25475696926,1279.90363312188,782.368520361508,348.881424408993,166.460446065374,86.9189338117933,43.35824529252,22.3056249762736,19.9799497628109,47.9052385521323,91.0153964085521,126.063759472859,119.536407548695,79.3621398191758,37.9203573116463,10.1405139260157,1.60550989302782,0,0,0,0,13.3600735545238,47.0998903819003,115.847036918473,212.102717463996,236.292554181108,183.657144382137,84.391836557494,29.7096133030083,7.2970537709738,0,0,0,0,0,0.402734040253106,7.13907369225954,21.6847301807043,46.8600370980056,74.9273325234078,75.4891889381399,53.495202388415,22.1706526232122,7.19389046454796,1.60780385744235,0,0,0,0,0,6.70448037115877,29.1243913851947,66.6580630313452,106.439421916602,116.044764209192,83.9294038412101,42.3503216038936,11.5880687763138,2.64845384504408,0,0,0,0,0,0,0,0,0,0,0
0,0,0,0,0,7.43581009336714,26.2143646791249,64.4769329217785,118.049913491333,131.513239968087,102.217973751594,46.96992628903,16.5354660336986,4.06131791569943,0,0,2.73096574452525,16.7610090521058,51.164979261592,108.968113116415,167.847411066063,161.91237587115,108.968113116415,42.1255859856576,12.8411556642375,2.73096574452525,0,0,0,0,0,0,0,0,0,0,0,0,0,0,0,0,0,0,0,0,0,0,0,0,0,0,0,0,4.27682823366257,19.8946919126542,90.2920779883146,211.463975829796,372.600701267943,529.648178187872,575.330910919067,573.490415547123,582.997945001951,602.303359633308,612.961491702984,589.718690105336,541.461750866284,484.324263245795,456.872161428322,490.995074005957,535.651249480675,507.048294908558,383.105019705983,229.369138554137,124.045064951622,145.533713687507,301.825017826421,686.861126336759,1101.76171229227,1414.52961908622,1402.94979726125,1071.22978674252,649.817940725891,276.896738780848,118.179771726234,50.6729275476003,22.028356589157,13.164010017953,21.2676317819894,63.8179626664278,122.314426697701,167.796107932309,156.846118298494,102.688041830298,48.3268791537404,12.6861099592212,1.86757611798322,0,0,0,0,12.5217943447229,44.1446028432565,108.578202494062,198.794310315883,221.466353203067,172.133557686402,79.0966619632562,27.845480515004,6.83919937039414,0,0,0,0,0,0.14592260732387,3.16452288520922,9.75258233063217,21.3172214440605,34.4341035976397,34.9047440123403,24.845442237733,10.3353986033098,3.3607690777151,0.754929572239729,0,0,0,0,0,9.26993173081808,40.2687613202332,92.1645913480899,147.168180084344,160.448980739155,116.044764209192,58.5555581212673,16.0222120882856,3.66187757688042,0,0,0,0,0,0,0,0,0,0,0
0,0,0,0,0,4.93280371226745,17.3902122001834,42.7730200312506,78.3125233419198,87.2438900645909,67.8098544813689,31.1591371826629,10.9693775407012,2.69421674837161,0,0,2.67260940182166,16.4028532640798,50.071666000451,106.63963991402,164.260782027703,158.452568982971,106.63963991402,41.2254300106892,12.5667608344398,2.67260940182166,0,0,0,0,0,0,0,0,0,0,0,0,0,0,0,0,0,0,0,0,0,0,0,0,0,0,0,0,3.02851386467607,14.1434722593605,63.1821840975607,146.377349381172,252.963516136371,348.017820846958,367.037671967992,358.257522550714,363.126898827632,375.30131374056,383.963472829353,385.962582442536,402.588836370417,435.583819593879,484.824493845406,517.110245289595,513.547311760035,424.583291735715,289.154588602224,155.176317891591,72.359529058548,83.5588811625342,193.095130226697,476.169032130805,801.847597754756,1066.94400619043,1086.82400769415,837.445012109983,506.507019955255,209.589550468081,82.6178509624303,29.0293702527208,10.5397028272736,8.72938022224797,23.0514788705983,75.7014799883197,144.956108569193,197.154476076371,181.887819959585,117.527484418117,54.5037556730241,14.0445348123461,1.90835458411141,0,0,0,0,10.3095502426855,36.3455099506366,89.3955293511715,163.673022710625,182.33956193136,141.722465052946,65.1225366021571,22.9259778988574,5.63090780663847,0,0,0,0,0,0,1.04380134012212,3.42420450736511,7.83710247762259,13.1611483682375,13.6435814024679,9.86772355626399,4.15897722268921,1.3624290654081,0.311383248281662,0,0,0,0,0,11.2590923939946,48.909713411256,111.941455403935,178.747825242012,194.878446910091,140.94588396233,71.1205279837682,19.4602907007886,4.44765065923038,0,0,0,0,0,0,0,0,0,0,0
0,0,0,0,0,2.87458274262778,10.1341157680697,24.9259026719689,45.636486116501,50.8412244654488,39.5160741927522,18.1579327386782,6.3923855914741,1.57005010163029,0,0,2.29757748212027,14.1011351214978,43.0453968381872,91.6755120298782,141.211010379998,136.217830496009,91.6755120298781,35.4405023116076,10.8033394991127,2.29757748212027,0,0,0,0,0,0,0,0,0,0,0,0,0,0,0,0,0,0,0,0,0,0,0,0,0,0,0,0,1.92956755024206,9.03470853893154,39.7491231231549,91.1139236337493,154.52687524189,205.805531792758,210.535702829171,201.100004630154,203.587124640026,210.802255965619,220.598921128176,245.195726465231,310.428099934499,407.822508668183,508.382895327555,533.465186953927,490.382413341101,358.328218288416,219.020569036445,103.867699892581,40.6949814557869,45.2236281788831,117.24888909447,309.616004373045,543.440259658546,746.548581746397,779.900724289264,606.439504302342,365.665539973835,147.392945609308,54.6938410182371,15.966208668535,4.79465195795813,6.66624062927711,23.4460827611254,79.3832705332066,151.424521033826,204.385980975636,186.331659656754,118.936496554786,54.3886085403753,13.7605826617045,1.71299173847293,0,0,0,0,7.45638471184947,26.2868988812169,64.6553382709091,118.376553346501,131.87713236229,102.500807200212,47.0998903819003,16.5812190721435,4.07255543596982,0,0,0,0,0,0,0.378200494259301,1.24069187052288,2.83961700054042,4.76867831699185,4.9434782573441,3.5753718478236,1.50692203657279,0.493648864131842,0.112823478834021,0,0,0,0,0,12.0128392465046,52.1840042022763,119.43544485917,190.714208139895,207.924704178472,150.381592693837,75.8817353920324,20.7630718088354,4.74540136311902,0,0,0,0,0,0,0,0,0,0,0
0,0,0,0,0,1.47153714411017,5.18778866730228,12.7599011461215,23.361924306868,26.0262991019556,20.2288040284036,9.29528730865233,3.27234721681025,0.803729532081895,0,0,1.73508308387951,10.6488861434311,32.5069950737397,69.2314541585096,106.63963991402,102.868893543595,69.2314541585096,26.7639357208167,8.158458968278,1.73508308387951,0,0,0,0,0,0,0,0,0,0,0,0,0,0,0,0,0,0,0,0,0,0,0,0,0,0,0,0,1.05625338708106,4.96656327219658,21.6187084130451,49.1906882931064,82.2110781857916,106.597955430665,106.326923610826,100.123232349999,102.377346529314,106.938084613463,118.765266123925,157.995689106835,248.953749719425,377.633740924182,498.797459454918,513.656717890653,446.584518934336,296.639473151075,164.662083398381,68.4650706727872,20.914228004992,20.3827827033069,62.5603933416711,180.026744253576,331.95876875174,473.412375350236,509.778291774913,401.551118258997,242.433228284637,95.8044943108535,33.5648668791006,7.57390363950771,1.36982351031176,5.0000869346579,21.3487016136626,73.35903870126,139.37191600187,186.856577523593,168.542845747956,106.380824987092,48.008059369786,11.9318916430139,1.35072487999417,0,0,0,0,4.7373157302919,16.7010346680051,41.0779168289654,75.2089826286633,83.7863975302723,65.1225366021571,29.9242944434739,10.534658949806,2.58744440836666,0,0,0,0,0,0,0,0,0,0,0,0,0,0,0,0,0,0,0.754334018333202,2.65934535688254,17.8000265074236,60.8854180741867,125.282962183087,189.27157276534,200.439210045716,144.726945256466,75.4118199276623,24.4874314490555,8.6466715748295,2.44697210024722,0.795846765581805,0.21006282691569,0,0,0,0,0,0,0,0
0,0,0,0,0,0.661733435673333,2.33288927303089,5.73798171393144,10.5055903599853,11.7037292544954,9.09666197884017,4.17998446790462,1.47153714411017,0.361427984842531,0,0,1.15102781940167,7.06430966367567,21.5646478273347,45.9270973559959,70.7431207948643,68.2416648054699,45.9270973559959,17.7547892994601,5.4121980227819,1.15102781940167,0,0,0,0,0,0,0,0,0,0,0,0,0,0,0,0,0,0,0,0,0,0,0,0,0,0,0,0,0.540710159298144,2.54244980505574,10.9180706545728,24.6005517552727,40.4219271173342,50.7163176240702,48.6713803336849,43.9600764597279,43.7397279530946,45.1531757229094,56.6864275035931,100.214724865118,195.739689417045,327.491199867974,445.268866369689,450.890057314562,377.144414012733,235.21430437692,122.77504049773,47.1491805716374,12.6010307808054,9.70879476565201,32.1965194971043,97.1339947596456,185.745447556732,273.110431715394,301.861955565182,240.524430084107,145.406915465077,56.8186909202721,19.6401281348533,4.14721566015621,0.764511590339418,4.11671411073568,17.4475024962428,59.7299649888544,112.981550546955,150.585202210969,134.542626781953,84.058599756067,37.47060434228,9.15524371268941,0.935608084331114,0,0,0,0,2.64394117610167,9.32100703355892,22.9259778988573,41.9748518582243,46.7619890755857,36.3455099506366,16.7010346680051,5.87949382294259,1.4440774484189,0,0,0,0,0,0,0,0,0,0,0,0,0,0,0,0,0,0,1.90957362865733,6.73205190217484,25.8281075338774,70.5848935019051,125.93821005392,173.825952054779,174.614824198744,125.851496182119,69.8523669273576,29.3100793480631,14.7608372721597,6.46789936559336,2.1036025664927,0.555243447526627,0,0,0,0,0,0,0,0
0,0,0,0,0,0.261402877640219,0.921555321691971,2.26666033633682,4.14999666537202,4.62329442841906,3.59343126703219,1.93539684784793,1.82473720626726,3.93852174939572,9.00591363868634,12.4520022406803,12.6824625460925,11.2693534898759,15.6919081795896,27.7165753718452,41.3678010654955,39.7677109044792,26.7639357208167,10.3465724355288,3.15394893927812,0.670759450190165,0,0,0,0,0,0,0,0,0,0,0,0,0,0,0,0,0,0,0,0,0,0,0,0,0,0,0,0,0.243151178920597,1.14331061995984,4.80935275804482,10.6638356643176,17.1023020960373,20.6629428199308,19.5521108701307,18.3739734828414,19.7277171229079,20.3292241318899,29.5360704343446,67.3598734892493,149.076239777214,259.971432578727,354.655749181186,352.179887328508,284.686282696675,168.064079894496,82.9049466525807,29.3264687861744,6.82012138447489,3.9805769366424,15.0114579392409,47.6794813711582,94.5980943686742,143.175909936963,161.761780951948,129.799714242751,78.1905348535627,30.0271954603504,10.1887041134286,1.98001219177782,0.374816729784761,2.9774144783981,12.540117728994,42.7928716084727,80.6385637787907,106.927676962787,94.7380929896888,58.6488463748314,25.849721756045,6.21469218719342,0.569293817159006,0,0,0,0,1.29624376908365,4.569805636391,11.2399081606499,20.5789904371686,22.9259778988574,17.8190956869718,8.18800823608762,2.8825366094537,0.707987156260105,0,0,0,0,0,0,0,0,0,0,0,0,0,0,0,0,0,0,4.24643575871792,14.9704758685009,43.5259093928235,96.5402300992995,141.762526154131,165.759936716594,147.75273166478,106.283097855156,68.4783630790653,42.4416053894431,28.419493894678,15.0180285507843,4.88442407919132,1.28923804720109,0,0,0,0,0,0,0,0
0,0,0,0,0,0,0,0,0,0,0,0.688996858507002,3.01464305220332,9.20255748132936,21.8342848191099,30.1891151080221,29.4650075429,19.4485358483565,14.0098199478097,16.010431072956,21.4490158931367,20.3576202084483,13.700814713636,5.29654806150711,1.61454841634927,0.343370685101741,0,0,0,0,0,0,0,0,0,0,0,0,0,0,0,0,0,0,0,0,0,0,0,0,0,0,0,0,0.0960513923658416,0.451639089069183,1.79953465483678,3.83254129396986,5.87639275569886,6.86049817657153,7.31992331244676,9.20998963395486,12.1819487901792,12.0232324520128,16.9797239637932,42.9875746878562,102.130766319758,182.80818854005,249.903226332999,245.05164541466,194.185632906899,111.69821499296,53.9670966064576,18.5411198753477,3.91401572018534,1.19776682848129,5.55628720655681,19.7690247477421,41.8201003171467,65.9927091042575,76.6888218694553,62.1303009786113,37.3786168824267,14.1405904319695,4.70999837947106,0.833502903704655,0.161424442668411,1.89166103804958,7.9250828052682,26.9704257185698,50.6578496297661,66.8750942757603,58.8169575377556,36.1144100392778,15.7546571254382,3.73096162781671,0.304294710876302,0,0,0,0,0.558260641425713,1.96810406083259,4.84075487110446,8.86287029905557,9.87366067431555,7.67425080459004,3.52637585529817,1.24143835820658,0.304912836151443,0,0,0,0,0,0,0,0,0,0,0,0,0,0,0,0,0,0,8.29522448586874,29.2441626450011,76.1886366444989,150.197658060365,189.063569347046,183.586464986191,136.088849557089,98.1037886262371,79.9999226260736,70.2941130418784,54.2477066907505,30.6321889572968,9.96273251415183,2.62965164430573,0,0,0,0,0,0,0,0
0,0,0,0,0,0,0,0,0,0,0,1.46738430657402,6.42040649403135,19.5990566019552,46.5013540965277,64.2949720189735,62.1759305506169,37.8797866076505,19.0293499761107,11.0799825964493,10.2252805332753,9.15458914278062,6.16109979164706,2.38179712960588,0.726043970339461,0.154409872745196,0,0,0,0,0,0,0,0,0,0,0,0,0,0,0,0,0,0,0,0,0,0,0,0,0,0,0,0,0,0,0,0,0.404140221511266,2.27506044597284,6.46243784315829,12.8071885878497,18.0944746137406,16.2420997562035,15.4167858710441,28.4477830698463,64.79179738466,115.163157193914,155.72149618675,150.227367108304,116.414230254095,64.9702054560191,30.5827747352189,10.1142417386477,2.01942392297561,0.33258656387772,1.9210449339255,7.16298623468177,15.8603005558398,26.1285623558054,31.633989429522,26.2053430671157,15.9196191267034,5.98152311392555,1.97433653163866,0.315335510890904,0.0610710039195735,1.05575410094491,4.403289409651,14.9503454276387,28.0027384144424,36.8259178778092,32.1813255096924,19.6170643219862,8.47887896443006,1.98017845582657,0.142878793861145,0,0,0,0,0.211204308697453,0.74458420810615,1.83138163477622,3.35305098673395,3.73545889193683,2.90336576803076,1.33411836597251,0.469667948587439,0.115356340736972,0,0,0,0,0,0,0,0,0,0,0,0,0,0,0,0,0,0,14.2346621411146,50.183183777672,125.808040206507,236.314713902716,275.397059062779,236.879133098003,148.915250344061,108.598647340002,109.804101349667,116.867825342314,95.1232092511757,54.8856199647521,17.8508545812545,4.71171227724714,0,0,0,0,0,0,0,0
0,0,0,0,0,0,0,0,0,0,0,2.74527549533495,12.0117030959023,36.6671563679532,86.9976783376833,120.287105679244,116.094785064339,69.4692925351603,31.3318852902907,11.6363610767701,5.12418626654445,3.61631408741161,2.43380359544071,0.940875268000728,0.286807304737364,0.0609961396775782,0,0,0,0,0,0,0,0,0,0,0,0,0,0,0,0,0,0,0,0,0,0,0,0,0,0,0,0,0,0,0,0,0.78947005246038,4.4442299826439,12.6240865707001,25.0182765984302,35.3467560569311,31.7282236809959,22.7972599364875,20.9096422085565,37.4651287837217,64.0889257131222,85.4730424919286,81.3780921364608,62.0204698323602,33.9829706841273,15.8335178760189,5.17761488727367,1.00274827335932,0,0.33520568111759,1.73080918807151,4.57491920253601,8.43668144801273,10.9330360731794,9.13203935221165,5.32167997311184,1.73080918807151,0.456845069455244,0,0,0.517604055417051,2.15064204121487,7.28758298463194,13.6175678544042,17.8493357710359,15.5114900520222,9.39543930952634,4.02744378334722,0.928705459990832,0.0589327330376738,0,0,0,0,0,0,0,0,0,0,0,0,0,0,0,0,0,0,0,0,0,0,0,0,0,0,0,0,0,0,0,21.457623412288,75.6471666454748,187.227536543115,345.721406959949,391.097704112793,318.917146868854,183.812090377831,136.573070968153,156.03698990207,179.493348673621,148.703203455678,86.3882250846602,28.0966789572442,7.41608568879032,0,0,0,0,0,0,0,0
0,0,0,0,0,0,0,0,0,0,0,4.51173343137518,19.7406790384523,60.260777288063,142.976664628065,197.686300328919,190.696170766881,113.554333601849,49.614415794681,15.1239780172225,2.26026357485232,0,0,0,0,0,0,0,0,0.226549160621523,0.798681278799708,1.96443895815857,3.59666377665575,4.00685517129651,3.11430709809456,1.43104749067307,0.503791235034592,0.123737448007123,0,0,0,0,0,0,0,0,0,0,0,0,0,0,0,0,0,0,0,0,1.35473602751145,7.62632914734463,21.663019184137,42.9315343229451,60.6552759496679,54.4458495615252,35.5320946606771,18.8874438683729,20.7622116156027,31.6955187786374,41.2587992147852,38.788609228259,29.0795240748487,15.6366391736564,7.20731639612895,2.32831424042701,0.45092443823211,0,0.081062945081116,0.418562387399731,1.10635482915823,2.04024658116463,2.64394117610167,2.20840530512141,1.28694433209295,0.418562387399732,0.110479054687733,0,0,0.222919468446853,0.923273822696122,3.12332484310673,5.82442000899137,7.61289201707764,6.58402952308178,3.96587391431832,1.68760313387036,0.384711065110934,0.0213530946035114,0,0,0.076420450860414,0.359333289843364,1.43174655019861,3.04924818279354,4.53078431641225,4.53078431641225,3.04924818279354,1.43174655019861,0.359333289843364,0.076420450860414,0,0,0,0,0,0,0,0,0,0,0,0,0,0,0,0,0,0,0,28.413943303313,100.171126262281,246.883179253497,453.276461349136,507.53308489511,406.091210363678,227.018994886,172.153125855967,208.050274694634,246.258238738958,205.16578046109,119.444446780137,38.8477974992343,10.2538309069733,0,0,0,0,0,0,0,0
0,0,0,0,0,0,0,0,0,0,0,6.51352922203183,28.4993543469429,86.9976783376833,206.413498777939,285.397068238427,275.305511664739,163.936872923485,71.6276686174234,21.8342848191099,3.26311229779534,0,0,0,0,0,0,0,0,0.573502310916888,2.0218373699601,4.97291748540725,9.10484497865393,10.1432320205627,7.88377371499482,3.62265320551734,1.27533219156215,0.313237586863527,0,0,0,0,0,0,0,0,0,0,0,0,0,0,0,0,0,0,0,0,2.04215703985255,11.4960859091428,32.655282086659,64.7158806356706,91.4330144540032,82.0727969987361,52.016479513193,21.1525730242602,12.6125392627791,14.2982624378493,17.5139617139103,16.26738685374,11.9995541640688,6.32974244970262,2.88462745352698,0.919748058187544,0.178127535043221,0,0,0,0,0,0,0,0,0,0,0,0,0.0843361482698871,0.343370685101741,1.15102781940167,2.12262875477879,2.73096574452525,2.29757748212027,1.33890926239942,0.544359883237269,0.114940037368962,0,0,0,0.193456047462372,0.909641296172428,3.62442285344833,7.71907904930494,11.6030268147056,12.1587777533723,9.54088275534669,6.98404011623263,5.2633456469215,3.82997560093472,2.11917541450986,0.68923503425632,0.181922784594558,0,0,0,0,0,0,0,0,0,0,0,0,0,0,0,0,33.0519308298508,116.52198714647,286.787748498864,525.552932348825,586.460127258442,466.508543010079,259.25061320927,200.594452213412,249.245586799377,298.375292290207,249.024846388632,145.075077281982,47.1838363051752,12.4541186414779,0,0,0,0,0,0,0,0
0,0,0,0,0,0,0,0,0,0,0,8.26046955297858,36.142932784607,110.330613188542,261.773972888858,361.941078688748,349.142948369912,207.905039070745,90.8383390318925,27.6902795414279,4.13828492435628,0,0,0,0,0,0,0,0,1.27533219156215,4.49608351166198,11.0585809933053,20.2470010659523,22.5561258883615,17.5316301579497,8.05591566749869,2.83603425456888,0.696565594470976,0,0,0,0,0,0,0,0,0,0,0,0,0,0,0,0,0,0,0,0,2.70420135687546,15.2229875115312,43.241756830939,85.6960404176392,121.074568176981,108.679873621556,68.2949973304597,25.2411284772826,9.56959131182749,6.02911780148029,5.55610272162033,4.31845160454995,2.34174625326546,0.698581738655266,0.171580439583564,0,0,0,0,0,0,0,0,0,0,0,0,0,0,0,0,0,0,0,0,0,0,0,0,0,0,0.430200053748158,2.02282502738012,8.05985094191898,17.1653885492681,25.8291481654878,27.1765322033726,21.5822398092395,16.2050367766713,12.5781139881923,9.24671849555278,5.13781071398469,1.67100803416727,0.441060624527883,0,0,0,0,0,0,0,0,0,0,0,0,0,0,0,0,33.7736187058297,119.066241091617,292.855697022706,536.185394254339,597.3361295782,474.026208527621,263.681061577579,208.171279757132,263.83723671321,318,265.615927228785,154.787217395271,50.3425871937766,13.2878672597775,0,0,0,0,0,0,0,0
0,0,0,0,0,0,0,0,0,0,0,9.20255748132936,40.2649527803461,122.913570869802,291.628704297691,403.219642675945,388.961914449084,231.616140031249,101.198246793131,30.8482934922487,4.61024698974592,0,0,0,0,0,0,0,0,2.49130504361074,8.78290033232708,21.6024489823731,39.5516213009675,44.0623945367223,34.2472643003853,15.7368750401877,5.54006751261089,1.36071008807958,0,0,0,0,0,0,0,0,0,0,0,0,0,0,0,0,0,0,0,0,3.14560619915839,17.7078248127617,50.300077693573,99.6841434516993,140.837482848536,126.419611216644,79.1707269838415,28.0729539989846,7.96300643755481,1.57586861478655,0,0.222919468446853,0.844555605356335,2.59673607130081,4.45601691763514,5.33482082415731,4.11671411073568,2.23235102007933,0.844555605356336,0.16356501853944,0,0,0,0,0,0,0,0,0,0,0,0,0,0,0,0,0,0,0.164530013284197,0.669876257573468,2.24552136066967,5.02486329025419,9.48376349710932,21.0415611504283,37.878966793279,54.1532382132121,56.1850680032989,44.6736562777048,33.9063844926876,26.6359902728655,19.6607552855171,10.942202012627,3.55881298328335,0.939344542270324,0,0,0,0,0,0,0,0,0,0,0,0,0,0,0,0,30.3161321816719,106.877143807075,262.875355419451,481.294806685627,536.185394254339,425.885366228673,238.682338292444,192.13336404824,246.551752879849,298.047056804831,248.949828147879,145.075077281982,47.1838363051752,12.4541186414779,0,0,0,0,0,0,0,0
0,0,0,0,0,0,0,0,0,0,0,9.00591363868634,39.4045555424445,120.287105679244,285.397068238427,394.603487859655,380.650424338402,226.666875885245,99.0358031291269,30.1891151080221,4.51173343137518,0.0920911963866584,0.433018023194767,1.72533989587544,3.67452573325186,5.45986504359196,5.58869582648649,4.23821309955496,3.44606281400404,8.7907572919422,20.8084633966791,42.5152052391634,71.1133531302941,77.0280916204396,59.200399825469,27.0691265003482,9.50679386860769,2.33498784858873,0,0,0,0,0,0,0,0,0,0,0,0,0,0,0,0,0,0,0.0960513923658415,0.420264126134904,4.4971967831836,21.138339665219,55.6069701335514,105.920520851546,146.330150758986,130.236232860899,81.2213953846609,28.7340453735668,8.13687843407778,1.61027765670551,0,0.540454568083462,2.04757322496553,6.29562721291082,10.8033394991127,12.9339456280374,9.98072067075285,5.4121980227819,2.04757322496553,0.396553347557313,0,0,0,0,0,0,0,0,0,0,0,0,0,0,0,0,0,0,0.416502725389964,1.69577137559362,5.68446903985106,12.0398523574897,20.808409054434,40.5180151493864,68.7394030183951,96.2905372080221,99.5383913864606,79.7257977693774,61.6253018052069,49.3783055540676,36.6860343801974,20.4713645332654,6.65805272123837,1.75738526166476,0,0,0,0,0,0,0,0,0,0,0,0,0,0,0,0,23.9048169838114,84.2745554462656,207.281958767004,379.509635336479,422.791853599045,336.136393434791,189.847820036649,155.842098615484,202.416688683389,245.390638292099,204.967490324589,119.444446780137,38.8477974992343,10.2538309069733,0,0,0,0,0,0,0,0
0,0,0,0,0,0,0,0,0,0,0,7.74216552858865,33.8751406941729,103.40790734691,245.348937634063,339.231047924362,327.235937628344,194.860015691601,85.1386779669654,25.9528500610868,3.87862780479307,0.223269452929396,1.04982561787275,4.18298067333153,8.90866209179782,13.2371076626356,13.5632388718819,10.3356195182681,8.53893841463182,17.8292802561483,37.2321641837831,69.6645048276593,110.518214078362,117.564525489335,89.6821492067203,40.8706528826246,14.3307372292054,3.51980886027284,0,0,0,0,0,0,0,0,0,0,0,0,0,0,0,0,0,0,0.253885501875816,1.11085290859465,6.27624677473786,24.2877218674731,57.2608605352598,102.163921711126,135.56994009875,118.747430504073,73.4686101735818,25.8764690432151,7.30388663122788,1.4454296625742,0,1.53873891413386,6.18383854239514,20.6718654201046,38.4783453608597,50.5324001470061,44.2427982386716,26.9966146400109,11.6246140742892,2.66759514006625,0.387711094732192,0,0,0,0,0,0,0,0,0,0,0,0,0,0,0,0,0,0.926202603637231,3.77099060222896,12.6409017373795,25.7520112357619,41.4686281649857,70.9598648177685,112.091411836848,152.802054644606,156.909075265975,126.30985358483,99.0640701186301,80.5952371652385,60.1736144671476,33.6437417328613,10.942202012627,2.88818147771779,0,0,0,0,0,0,0,0,0,0,0,0,0,0,0,0,16.5581758030593,58.3745487676788,143.578221761366,262.875355419451,292.855697022706,233.062031157346,132.690030210828,111.087290894172,145.998664978598,177.478838622505,148.242787057247,86.3882250846601,28.0966789572442,7.41608568879032,0,0,0,0,0,0,0,0
0,0,0,0,0,0,0,0,0,0,0,5.84672357985183,25.5818069422656,78.0915169012827,185.282452778838,256.180284391152,247.121824719671,147.15426120863,64.2949720189734,19.5990566019552,2.92905964875262,0.475505929121204,2.23585582036466,8.90866209179782,18.9731357765576,28.1916003081235,28.9168382398766,22.1463483466285,18.5952719394252,33.7521794327082,62.3369590713648,104.649106202751,153.730925455824,158.903833312762,119.739539497138,54.2674335687096,18.9766008705389,4.66089125867584,0,0,0,0,0,0,0,0,0,0,0,0,0,0,0,0,0,0,0.589505108271178,2.57932595329825,10.1487605614686,31.4885835425443,62.2093238109455,97.0130278849063,116.69780362838,97.915656214587,59.2363532132357,20.5990978338046,5.75924633603376,1.13974735760316,0,3.1348945894666,12.7734281130794,43.4727567339318,82.2073299965875,109.724211393212,97.9572258005445,60.7265809857349,26.5465859220113,6.19501725997154,0.981478846299926,0,0,0,0.152139796667063,0.933741667845589,2.85035781094585,6.07052161161649,9.3506376057174,9.02000180423355,6.07052161161649,2.34678084087538,0.715369944000092,0.152139796667063,0,0,0,0,1.80929583140252,7.3664633958892,24.6934425889042,48.9605051826318,74.6832881364258,113.419902671086,165.302434468097,217.675291127122,221.200467498161,178.333626911157,141.130755081849,115.880746114031,86.7711376638999,48.5710200411131,15.797110721787,4.16962897737331,0,0,0,0,0,0,0,0,0,0,0,0,0,0,0,0,10.0752305008701,35.5194340979267,87.3637106137947,159.952994239848,178.322172615449,142.513751064847,83.5224643570486,73.6101997988212,98.0756474077239,117.858859170087,97.3780051937399,56.2811080162972,18.1720981096095,4.77528595359761,0,0,0,0,0,0,0,0
0,0,0,0,0,0,0,0,0,0,0,3.87862780479307,16.9705829851519,51.8047286886545,122.913570869802,169.94611777157,163.936872923485,97.6199064865038,42.6523099262891,13.0017170892117,1.94309377558042,0.889606607658694,4.18298067333153,16.6668892581606,35.4961440460376,52.7426313293917,54.1593515605192,41.6948744886396,35.5892532732366,59.005279580343,97.9597316276842,145.954055797052,193.248535300612,191.143855127196,141.205659339752,63.41257734128,22.074137780292,5.42168518613352,0,0,0,0,0,0,0,0,0,0,0,0,0,0,0,0,0,0,1.20241027687429,5.26103674105518,17.6358107646742,46.9755063192076,77.8839170976174,100.761155515861,100.819061471959,76.5556146138122,43.8831697310054,15.7357920656701,7.02746580653624,6.81054617618772,8.50680134214186,13.3575535021836,28.4526738198695,83.8118831645023,158.310886451814,214.189663356336,194.755981330665,122.527290089087,54.2988537560805,12.8593254303944,2.18257458461222,0,0,0,0.385137268801237,2.36373863774078,7.21559412108521,15.3673408596254,23.6708547527314,22.8338602756712,15.3673408596254,5.94080433476408,1.81093725935245,0.385137268801237,0,0,0,0,3.10476406240919,12.6409017373795,42.3741169335275,82.4665901997966,120.868975620276,165.590402606349,221.814738124423,280.268123938961,280.613350863629,225.478107014851,178.660680500518,146.879458665818,110.026148349147,61.5978555603334,20.0339244201083,5.28793101876425,0,0,0,0,0,0,0,0,0,0,0,0,0,0,0,0,5.38533751793423,18.9855846024403,46.6970029552956,85.4968887224342,95.583041489877,77.4278132605059,49.344046100956,48.9390720999327,66.2008834594223,76.4122865113547,61.0072572071126,34.320778738263,10.8118516410262,2.79769121488118,0,0,0,0,0,0,0,0
0,0,0,0,0,0,0,0,0,0,0,2.26026357485232,9.88957757636502,30.1891151080221,71.6276686174234,99.0358031291269,95.5339261958178,56.8878299019224,24.8555590692587,7.57672791159916,1.13233450191826,1.46202735549362,6.87453546237388,27.391262403665,58.3362726435139,86.6800776213097,89.1111792597207,68.9733366198531,59.8621689022953,94.0592879802764,143.742446324155,190.708051836132,222.220174040963,206.132202478437,147.58553721508,65.2898710745757,22.5561258883615,5.54006751261089,0,0,0,0,0,0,0,0,0,0,0,0,0,0,0,0,0,0,2.15443413431001,9.42653049028575,29.7344847788596,73.6718194064105,109.731764495622,121.447611825555,97.1557778718555,62.2283088720322,31.8578215850923,12.4639452047623,10.4580200229403,16.3954352433955,22.4853953171388,29.5563379718245,52.0445326239909,143.87696323869,273.522419663373,375.300848249635,347.130523389012,221.285168383565,99.3150580639247,24.2448172243959,5.70390149482834,3.155371958776,5.50663158442223,6.53063404091258,6.84714330383683,9.0430103379351,17.9152604089578,34.8441932844343,52.7605323024875,50.7770527038308,34.1732964696437,13.2109302223798,4.0270920269861,0.856453318012388,0,0,0,0,4.68018540761553,19.0551560959765,63.8756181617875,122.75079248706,174.860255822271,220.367980057784,272.080859080095,328.404958958762,322.57083289917,256.772357280578,201.656087498312,164.288174919484,122.714203264824,68.6229521076308,22.3187483314646,5.89100762921348,0,0,0,0,0,0,0,0,0,0,0,0,0,0,0,0,2.5286358966995,8.91450732394786,21.9261499484135,40.1442808662806,45.5014808052781,39.1141295989059,33.3111369792808,43.2149763458762,59.3152836033777,62.1543540007555,45.3732872319965,23.5826866432344,6.85602174477233,1.67941466033587,0,0,0,0,0,0,0,0
0,0,0,0,0,0,0,0,0,0,0,1.15705899035417,5.06260631408255,15.45420960423,36.6671563679533,50.6977450118794,48.9050876271919,29.1216368577982,12.7238913201723,3.87862780479307,0.579657094026454,2.11070934226604,9.92467491777725,39.5443992444015,84.2192967176535,125.138868938518,128.803561708664,100.253826427877,88.4917136657797,135.163497475511,194.781456833932,233.843905021877,236.782731196931,201.332296456052,137.446299396938,59.3486691921898,20.2470010659523,4.97291748540725,0,0,0,0,0,0,0,0,0,0,0,0,0,0,0,0,0,0,3.39101099786017,14.8370600220093,45.8044267333841,110.346248171698,156.776354781815,159.569009946289,108.294685049752,57.8883689152633,25.4329900179433,12.8373270204354,19.9440981586975,37.2104734300639,52.2095799209272,60.6606404464446,88.2995050224579,222.957772682135,424.401951136093,589.416864021699,553.426093378758,356.814931269939,161.822107198804,40.2911859923506,10.9446506082158,7.92019270705264,13.7322206660696,16.1757731087313,16.4116906963714,19.5246437107881,35.8987556255488,68.3868430106582,103.122922757595,99.1907271985285,66.7560235795083,25.8069680288476,7.86674620486611,1.6730436861065,0,0,0,0,6.19744881648105,25.2326231355517,84.5833743113292,161.175459991756,225.107305775217,266.146227926353,305.631803247168,352.16688523572,338.222658994382,264.974837273107,203.774703115108,162.390791573406,120.435080141604,67.1565900638912,21.841832599747,5.76512627725255,0,0,0,0,0,0,0,0,0,0,0,0,0,0,0,0,1.04297789911702,3.67693669639434,9.04380493797868,16.5581758030593,20.035184261361,21.6956388785404,34.0942154290475,58.2218561974613,80.4290318622692,77.1319696659842,51.0815537919201,23.9371846419802,6.12505931333642,1.35108450614802,0,0,0,0,0,0,0,0
0,0,0,0,0,0,0,0,0,0,0,0.520316204064816,2.27659619948305,6.94958143459359,16.4888011538501,22.7981965129994,21.9920589751856,13.0956672670297,5.72178850675435,1.74417459541319,0.260665170347768,2.67680540957753,12.586490700649,50.1502787220645,106.807064587396,158.701340168142,163.554085068836,128.039808276088,114.965761317496,173.549130581331,240.615058529009,267.362604356301,236.115280327684,180.341525860107,114.959373509855,47.7809433905718,15.9651254999222,3.92123512497827,0,0,0,0,0,0,0,0,0,0,0,0,0,0,0,0,0,0,4.6885722246039,20.5144210850012,62.8633715765457,149.935415435543,209.282880565026,205.796895559421,128.779893777123,61.2307926655785,24.1522089410475,17.8860104067766,38.6426580061716,75.4948340924426,106.49158856709,114.066837128925,140.14982433931,316.243302200291,599.539803242073,841.4319834776,800.795795759681,521.512173367986,238.725946694587,60.7589871292562,19.2891033220196,17.468784328459,30.0949396205937,35.2121698821831,34.7376333940351,37.5033581571571,63.5346800343531,118.036514571165,177.082222147514,170.211968537781,114.553794554611,44.2849342296877,13.4993904706169,2.87095444609381,0,0,0,0,7.20905392881489,29.3513260595091,98.389857657225,186.442173284924,256.952613472253,290.070063990913,313.949418389014,346.598521322511,325.032087214093,249.131021785356,185.199505112449,142.118032469738,104.069906265162,57.7328916831651,18.7768937410809,4.95613923499893,0,0,0,0,0,0,0,0,0,0,0,0,0,0,0,0,0.377902136915664,1.33226431360378,3.27684145062322,5.99952311999977,9.53012438997508,17.8030744790077,48.6980518595416,93.1453002738424,128.802321997657,119.420635334721,75.8383499838676,33.7477894878734,8.00134380073167,1.63602131642269,0,0,0,0,0,0,0,0
0,0,0,0,0,0,0,0,0,0,0,0.205539187976775,0.899318011888148,2.74527549533495,6.51352922203183,9.00591363868635,8.68746717550606,5.1731481646188,2.26026357485232,0.688996858507002,0.102969899896552,2.98208903137814,14.0219515873858,55.8698049408189,118.988169494936,176.800870204129,182.445725164263,143.686718662688,131.2650721369,197.880112801185,267.848919713801,281.710352502781,221.022860537142,150.02843392675,87.283651165972,34.2404532440111,11.0585809933053,2.71612623549855,0,0,0,0,0,0,0,0,0,0,0,0,0,0,0,0,0,0,5.69465551695851,24.9164469720377,76.1596881417531,181.022204910834,251.104519614306,243.84001278104,147.771140172729,66.6119806487259,25.8492838175525,27.7294339684102,68.3982011439276,135.102553126753,190.807678409276,193.499687871185,205.31357206404,404.369750202664,757.119213958706,1070.8329724382,1032.14090566397,681.265520427908,319.398953791649,88.4779358985463,35.2081534121191,35.7912297465883,58.4073928923222,67.4538327809277,64.8781066015381,64.0902694601791,99.409719623866,179.21500119727,267.166724009522,256.581033321381,172.680753475823,66.7560235795083,20.349259725475,4.32773596783739,0,0,0,0,7.3664633958892,29.9922113460632,100.538197122052,189.832276057108,259.361741084603,283.647809134545,293.637686526975,312.830464987434,286.755862712626,214.169446432196,152.081386338194,110.392163044706,79.2438314216418,43.5986879756788,14.1799225277431,3.74277403696629,0,0,0,0,0,0,0,0,0,0,0,0,0,0,0,0,0,0,0,0,4.48009482199044,19.6022471823626,71.6393290682685,141.974038273449,196.300021699662,180.051732400981,112.758031856761,49.266493838507,11.3412238054181,2.24441343710837,0,0,0,0,0,0,0,0
0,0,0,0,0,0,0,0,0,0,0,0,0,0,0,0,0,0,0,0,0,2.91836658819607,13.722325049101,54.6759571269293,116.44558381416,173.022920153819,178.791030345466,141.683425030549,131.717477624269,199.539416788553,266.321676295663,270.037040794468,193.214354757182,116.947872148575,60.9316446473876,22.0034017957808,6.72886638270301,1.65269400552279,0,0,0,0,0,0,0,0,0,0,0,0,0,0,0,0,0,0,6.07588772661033,26.5844938113127,81.1883037252949,192.747120027012,266.796460539842,257.947588755477,154.532295840877,68.260463080442,27.9802194129414,41.125430954443,107.352140632675,212.586881765676,300.325234203199,293.827461475697,277.290116151572,471.102954436946,863.990669693761,1228.15339757157,1196.78404990262,800.1069856863,384.53362643092,116.283886623206,56.0712925707649,62.5543480386891,99.2311360593176,113.48982289009,106.842084786483,97.4165941737948,137.649946688031,239.432483252482,354.156058587288,339.761715145219,228.661909315903,88.3975747312512,26.9462605897409,5.73073923701264,0,0,0,0,6.61234083224481,26.9218365822003,90.2458602321171,170.022643061532,231.042063739673,247.564821439068,248.572675372849,257.867077536815,231.783534061392,168.46019954967,113.276586790022,76.3415972555714,53.2303799911906,28.9227087830361,9.4067456815377,2.48289956735101,0,0,0,0,0,0,0,0,0,0,0,0,0,0,0,0,0,0,0,0,6.19439104126501,27.1029942801841,99.0519254200878,196.300021699662,271.413696390533,248.948042946413,155.904589102844,68.1181850370301,15.6809125540007,3.10323219488066,0,0,0,0,0,0,0,0
0,0,0,0,0,0,0,0,0,0,0,0,0,0,0,0,0,0,0,0,0,2.50884897472903,11.7967500277668,47.0035942485953,100.105444170557,148.743608012884,153.921222900157,122.759626920717,116.158189117968,177.492551820542,235.073380216479,232.865307828472,155.990968188088,85.5426690377895,39.5897533389407,12.8103800659113,3.59666377665575,0.88338574813134,0,0,0,0,0,0,0,0,0,0,0,0,0,0,0,0,0,0,5.69465551695851,24.9164469720377,76.0604262329122,180.463421521862,249.517263800771,240.694406581881,143.326910190085,62.6227171714212,28.3637776137099,55.0624573420097,148.304264026761,293.907767296179,415.24387633108,396.898810299803,342.859560203912,502.994349035454,897.334472860283,1279.48386330969,1261.36480640287,858.86008090512,430.897691520935,150.461653956151,87.9669388922735,100.443590019796,150.378837926122,168.720535283217,155.310355777736,131.668685184202,168.854301807181,281.583557706714,412.508809818468,395.22077550925,265.986228291292,102.826647268041,31.3446793226832,6.66616368040575,0,0,0,0,5.21395000134472,21.2283536867098,71.1604883983062,133.89640054386,181.383741942255,192.033350250578,189.240033107439,192.90754244167,170.779446125157,120.953610068064,76.709621488012,47.1728401766325,31.5909180249119,16.8546579972361,5.48176460644267,1.44690538369394,0,0,0,0,0,0,0,0,0,0,0,0,0,0,0,0,0,0,0,0,7.52359597495979,32.9188095032031,120.306687523944,238.422476609176,329.654195240434,302.367816530881,189.358910543105,82.7351226863302,19.0457544234861,3.76913002347391,0,0,0,0,0,0,0,0
0,0,0,0,0,0,0,0,0,0,0,0,0,0,0,0,0,0,0,0,0,1.89463095366153,8.90866209179782,35.4961440460376,75.5975648857289,112.328102145305,116.41074486342,93.4607965577362,90.0257893198965,139.046883278844,183.457168960863,179.144995347598,114.811223881562,58.3273650558713,24.1252087400564,6.84237663527572,1.68878052744578,0.41478568537604,0,0,0,0,0,0,0,0,0,0,0,0,0.189029297846299,0.888826468662943,2.91580733159911,7.54244755772751,11.2070914052677,11.617896827429,12.2310197823314,24.0559082396929,63.7828641921836,148.769708705878,205.434676273497,198.170566412077,118.005130978395,51.5590682324482,27.3555090605866,67.6934718819274,185.233874588447,366.391481334167,516.550381667688,485.180577963662,391.398292970372,498.164691621263,859.041077285182,1226.97628595044,1227.38100517441,859.898893718772,462.11845729667,193.294540790587,129.006349508213,142.658344103739,200.365296625142,220.395926031651,198.815950419806,158.079983017218,183.693384291093,291.638146239718,422.205971289823,403.850408782063,271.794029267379,105.071863895261,32.029089415397,6.81171915588481,0,0,0,0,3.61155246698158,14.7042670350543,49.2908135598221,92.6893393036729,125.372070124445,131.951284138235,128.813636714776,130.060420904823,113.933958515193,78.8945077364626,47.2399511097401,26.1489991412151,16.5972834415834,8.62812363213927,2.8061882213468,0.740690112879559,0,0,0,0,0,0,0,0,0,0,0,0,0,0,0,0,0,0,0,0,8.02726772639759,35.1225794149459,128.360692579045,254.38381567836,351.723097722462,322.610015638515,202.035659060839,88.2738762674019,20.3207841459564,4.02145674684372,0,0,0,0,0,0,0,0
0,0,0,0,0,0,0,0,0,0,0,0,0,0,0,0,0,0,0,0,0,1.25686945796734,5.90987140418714,23.5476039493884,50.1502787220645,74.516760419766,77.3446890298624,62.5236229997547,61.3187131586528,95.8400614612734,126.269801982554,122.243391165936,76.1481218004417,36.6380984652579,13.7856109076812,3.39535419046675,0.696565594470976,0.171085249276885,0,0,0,0,0,0,0,0,0,0,0,0,0.458289929697181,2.15490521563354,7.06919589838199,18.2862011357955,27.1709052022519,28.1668777323651,21.6772121336557,23.4231782462161,48.1046006128087,107.919302324518,148.580679408031,143.326910190085,85.3472395821895,37.2901085959969,24.292941189582,74.0403666649238,204.566076682462,403.702470317428,567.696157282481,527.060105568712,406.144320793923,461.440414228978,770.773584038,1103.61416405223,1126.88948488733,825.126224950828,489.94745642986,249.667208160466,179.900277590976,184.486019041626,237.57720713408,254.144971603992,224.370233150036,168.473564011704,177.397581652835,266.151044683767,379.752473738131,362.507271752492,243.969821215421,94.3154046407688,28.7501945477983,6.11438709345604,0,0,0,0,2.19753818316766,8.9471739813963,29.9922113460631,56.3901415439824,76.2435356773322,80.1208980412841,78.021792143806,78.5201707148429,68.3483393734021,46.469488605027,26.4042384040786,13.054183601473,7.73907909922104,3.87996858751554,1.26191077152914,0.333079878497694,0,0,0,0,0,0,0,0,0,0,0,0,0,0,0,0,0,0,0,0,7.52359597495978,32.9188095032031,120.306687523944,238.422476609176,329.654195240434,302.36781653088,189.358910543105,82.7351226863302,19.0457544234861,3.76913002347391,0,0,0,0,0,0,0,0
0,0,0,0,0,0,0,0,0,0,0,0,0,0,0,0,0,0,0,0,0,0.732438480092709,3.44396723254507,13.722325049101,29.2249872813516,43.4245119071899,45.1452348253185,36.7538538151468,36.7050881314066,58.0871078676559,76.5278246614479,73.7134465762787,45.1101456906893,20.9296964364487,7.3282987537137,1.5789567268695,0.252386581609604,0.0619893109443828,0,0,0,0,0,0,0,0,0,0,0,0,2.31155723131265,8.97057568930781,25.0829350724325,55.7842308863282,75.4473412217119,73.1550490235723,48.3992372085991,33.3771620181537,40.5860326404591,74.2228935544216,97.5130830435671,92.4215730205678,54.5374811357739,23.7537682176007,20.4183825887272,74.4668347963959,206.493078153569,405.595917604423,567.355134533205,521.440719172573,389.039847114625,405.635905073388,660.332807753869,949.760908054665,998.069635709782,777.085749651236,520.970966469233,317.134027797339,236.33468733609,219.731216217456,252.685660133073,259.58118406686,223.405599538245,159.263920315394,152.210379916356,214.157394451725,300.193990207574,285.843521680614,192.374604081377,74.3693975597171,22.6700469174491,4.82130449759717,0,0,0,0,1.17461181894387,4.78237710961919,16.031214471353,30.1460628060477,40.7758045768565,42.9159763095565,41.8960473711133,42.2218373616113,36.642937044046,24.5656892652191,13.3457619616928,5.88844556988151,3.21275823182785,1.53269413218966,0.498489405582562,0.13157569805243,0,0,0,0,0,0,0,0,0,0,0,0,0,0,0,0,0,0,0,0,6.19439104126501,27.1029942801841,99.0519254200878,196.300021699662,271.413696390533,248.948042946413,155.904589102844,68.1181850370301,15.6809125540007,3.10323219488066,0,0,0,0,0,0,0,0
0,0,0,0,0,0,0,0,0,0,0,0,0,0,0,0,0,0,0,0,0,0.374945000973165,1.7630126385423,7.02464072919545,14.9606597447749,22.2295852850872,23.1493333432748,18.9849336716558,19.3092168768324,30.9097943928253,40.6746643047317,38.8747330564651,23.1488361220062,10.1142417386477,3.08312749966074,0.46077035923836,0,0,0,0,0,0,0,0,0,0,0,0,0,0,5.28388458622987,20.1036225508574,55.0216136428975,119.222803691482,158.006667777722,150.545729890955,95.2533483860747,54.6248909878429,41.7802247933633,52.2407048997976,61.1300577245705,56.3216317270809,35.0517903260878,17.8617262244979,20.408178383789,73.0764438072645,198.19468845905,385.009313723696,533.122090157886,484.296362581821,352.01173710059,343.795843927566,549.061803593542,794.833650561822,865.931472524651,724.977378168178,548.952093549311,383.326291108085,289.190014007081,243.569046494517,243.945903917769,236.213981792324,196.62506418789,133.475597615952,116.109072311611,152.046274939923,208.582448096339,197.995545724465,133.252328038342,51.5135321887358,15.7028862666856,3.33957827518017,0,0,0,0,0.551528219016493,2.24552136066967,7.52730989375414,14.1481152554564,19.1144375985827,20.0254211805503,19.40487341656,19.3827719529515,16.5745198847616,10.6488861434311,5.0000869346579,1.25489926096502,0.266883058202457,0,0,0,0,0,0,0,0,0,0,0,0,0,0,0,0,0,0,0,0,0,0,0,4.48009482199044,19.6022471823626,71.6393290682685,141.974038273449,196.300021699662,180.05173240098,112.758031856761,49.2664938385069,11.3412238054181,2.24441343710837,0,0,0,0,0,0,0,0
0,0,0,0,0,0,0,0,0,0,0,0,0,0,0,0,0,0,0,0,0,0.16860848173326,0.792806634278722,3.158900652088,6.72763770352265,9.9963904432662,10.4282497182156,8.61719865968836,8.92701084373463,14.4784109945821,19.0909724968093,18.2532747768974,10.8693239355911,4.74904955224636,1.44765427306663,0.216350501082832,0,0,0,0,0,0,0,0,0,0,0,0,0,0,10.430149456862,38.9041078258368,104.234273094299,220.114054338416,285.966327328193,267.931794314477,166.491629917554,91.4935896685361,57.3200488988178,48.0305329084436,44.2753022527839,37.7594121903465,27.1047785557056,18.6677060772266,23.8455315480802,72.9624848301653,189.817964395798,362.428636005312,494.052632075268,441.796366391556,311.821004745588,283.735758200935,443.03109575954,645.118007972969,731.54792040795,659.587510992801,555.191628496005,428.345314377088,325.903886906055,252.882654268252,217.173640998091,193.345204381801,153.550933860864,99.3367749268812,79.2894645076059,96.4238278714859,129.095126647956,122.105111248369,82.177557478332,31.7687226532632,9.68406974762166,2.05953914428452,0,0,0,0,0.227486979807727,0.926202603637232,3.10476406240919,5.84048495000135,7.90691796397267,8.35086455964773,8.19776854044733,8.28286540485978,7.12455516885673,4.58621607346574,2.15341574316667,0.540454568083462,0.114940037368962,0,0,0,0,0,0,0,0,0,0,0,0,0,0,0,0,0,0,0,0,0,0,0,2.84636918474534,12.4540293338812,45.5151033131829,90.2013335949572,124.716630993653,114.393494586454,71.6393290682685,31.3008173876262,7.20549703514987,1.425958489507,0,0,0,0,0,0,0,0
0,0,0,0,0,0,0,0,0,0,0,0,0,0,0,0,0,0,0,0,0,0.0666049801077003,0.313180390230455,1.24785249787952,2.65760162720538,3.94884871613912,4.12697625118234,3.43698244628163,3.62700540692881,5.958035350364,7.87144848981639,7.52886653379523,4.48323329505921,1.95882441251017,0.59710906356331,0.0892373597111445,0,0,0,0,0,0,0,0,0,0,0,0,0,0,18.369483350148,67.3185225075378,176.830325969446,364.126681872043,463.470250446007,426.486439771371,261.674510237793,144.330748037395,88.2832558224897,61.9744898840712,46.7001025118532,37.3822305936233,34.1452299969269,30.9404411032627,35.1006230847541,78.2336642492364,188.643349941636,351.725170738611,470.489332110898,412.868857862441,280.802818627486,230.737350588194,345.460146578228,503.428469023735,593.546632471661,571.948842906551,523.478657218797,434.612646360531,335.086822420822,245.916804967089,181.420138908387,144.433541213148,107.118193267569,65.8233560461067,48.900012919614,55.7257652037418,72.8898149336155,68.7035786383918,46.2379684584985,17.8749678267778,5.44883208117368,1.15881889063909,0,0,0,0,0.082425347519454,0.33559094917321,1.12494902796761,2.11802120168558,2.87355817727246,3.06021372768342,3.04365673247822,3.1101330607953,2.69044256326182,1.73508308387951,0.814692367013751,0.204467814787973,0.0434847620139838,0,0,0,0,0,0,0,0,0,0,0,0,0,0,0,0,0,0,0,0,0,0,0,1.58858584024997,6.95071277467874,25.4024140748649,50.3422261906735,69.6055434769344,63.8441024062067,39.9825940966408,17.4692852763868,4.02145674684371,0.795841058621397,0,0,0,0,0,0,0,0
0,0,0,0,0,0,0,0,0,0,0,0,0,0,0,0,0,0,0,0,0,0,0,0,0,0,0.0645409420404224,0.282393018346163,0.862038370266529,2.04530005268512,2.82792861009641,2.72793388439272,1.62440972519998,0.709740764360252,0.216350501082832,0.0323333686707101,0,0,0,0,0,0,0,0,0,0,0,0,0,0,28.8219022437957,104.04196584744,268.521659995132,540.224484594652,674.787449277128,612.017595733376,378.293284524342,222.007573536162,148.883104340437,104.516301297416,72.7111415604637,56.3827096574544,58.4958905924976,58.3264432390241,57.2510068203318,89.6582873483945,193.519600359309,350.814899207691,461.184368191756,397.949503737518,260.899869463497,189.290903097147,264.405993953179,381.144628858325,462.944645395863,469.745957256762,457.335101769248,401.300057052455,314.925279734648,223.87189581485,144.433545785076,100.439293560489,67.5708677540885,39.3804979034086,28.6742339001625,32.632847168727,42.8888380536831,41.1257651382247,29.7873735996022,16.8897505056524,12.0686146014593,9.24208088820865,5.09925008369329,2.22797585850393,0.679154583747582,0.101498981656187,0,0,0,0,0,0,0,0,0,0,0,0,0,0,0,0,0,0,0,0,0,0,0,0,0,0,0,0,0,0,0,0,0,0,0,0,0.778835216037104,3.407722609832,12.4540293338812,24.6812590277352,34.1254763310165,31.3008173876262,19.6022471823626,8.56465809245009,1.97159766558102,0.390176613134775,0,0,0,0,0,0,0,0
0,0,0,0,0,0,0,0,0,0,0,0,0,0,0,0,0,0,0,0,0,0,0,0,0,0,0,0,0,0,0,0,0,0,0,0,0,0,0,0,0,0,0,0,0,0,0,0,0,0,40.2230792714941,143.415898701068,364.632325410175,718.877128641389,883.380439950171,793.359487473394,502.4760002433,321.704821860821,238.448202942541,171.405631853876,116.592251018726,91.0476651746506,101.162625064181,104.419062018497,93.3746055084555,106.079577922712,197.060586340865,345.099133938654,447.467130797245,382.16991593276,245.103383497435,161.772839950181,208.434851151111,291.111659078029,354.176080475302,367.172151883585,369.517077543294,336.706448910472,269.4446480496,189.072807322513,110.066123245409,66.3661347390005,39.3292287951074,22.2315504682592,18.6186733146257,24.9786736033186,35.1157185893772,35.2469136444511,29.4178376695507,26.0138165999671,26.9448067206443,24.2342161607603,14.2574497811659,6.2911973197557,1.93799262973522,0.293561411669805,0,0,0,0,0,0,0,0,0,0,0,0,0,0,0,0,0,0,0,0,0,0,0,0,0,0,0,0,0,0,0,0,0,0,0,0,0.335425371091406,1.46762318580753,5.36364730931907,10.6296175338672,14.6970120589114,13.4805002027652,8.4422107526481,3.68858978096623,0.849119126874403,0.168039570575459,0,0,0,0,0,0,0,0
0,0,0,0,0,0,0,0,0,0,0,0,0,0,0,0,0,0,0,0,0,0,0,0,0,0,0,0,0,0,0,0,0,0,0,0,0,0,0,0,0,0,0,0,0,0,0,0,0,0,49.8513065440229,176.215840950575,442.885599090119,859.676217215015,1044.44646829114,936.156504668469,620.419959994795,441.831264050264,360.719389713342,267.179027187617,181.249018934963,142.078771959101,160.280753490439,166.309791556768,140.386445859677,123.288936444839,190.845724140258,319.587495869423,409.880365546535,349.644815090145,225.394261782845,148.014051436028,181.521296367323,242.152026661662,285.528596522481,291.672417947654,292.330406867538,267.981387196729,215.485182269839,149.192291322387,80.2087030988202,42.333877609912,21.7891236919824,13.3243149945871,16.7098207027442,28.9335158859109,43.9771261956394,46.243451119017,43.5530048241568,48.8465957063197,56.5359395119842,52.6230282807983,31.337529322089,13.8554158622269,4.27706280147295,0.64959155320379,0,0,0,0,0,0,0,0,0,0,0,0,0,0,0,0,0,0,0,0,0,0,0,0,0,0,0,0,0,0,0,0,0,0,0,0,0.126900014731513,0.555239465915457,2.0292052457229,4.02145674684372,5.56025634172093,5.1000187277214,3.19390469895505,1.39548805154506,0.321243528354949,0.0635736763504747,0,0,0,0,0,0,0,0
0,0,0,0,0,0,0,0,0,0,0,0,0,0,0,0,0,0,0,0,0,0,0,0,0,0,0,0,0,0,0,0,0,0,0,0,0,0,0,0,0,0,0,0,0,0,0,0,0,0,54.7901443703106,192.541368369085,479.812351848633,921.550816857921,1114.67542812044,1011.92455805829,731.832295917315,598.920311208177,535.921727398771,404.625886623197,272.248963090438,210.542200393333,233.035918672625,239.172643504455,193.797979861212,138.51710134946,172.442550078985,270.83928769726,344.57802969674,298.368833148116,202.764917781853,151.95851613626,189.392723696046,241.472019813258,268.08551831294,260.891331402465,250.047700968611,219.65518269531,170.700243406341,113.229788589807,56.0409866305937,26.2638823303146,11.9705167854701,9.96276694346257,19.6679653837143,39.2363464202931,61.9861439132966,67.473660016628,69.3607681103078,88.6208439063913,107.596207037126,101.604338485713,60.887162754699,26.9822485416556,8.34925864104749,1.27191041968014,0,0,0,0,0,0,0,0,0,0,0,0,0,0,0,0,0,0,0,0,0,0,0,0,0,0,0,0,0,0,0,0,0,0,0.0564802081331054,0.346641213527329,1.05816364910981,2.25361366067108,3.47132025753848,3.34857539200583,2.25361366067108,0.871216297373433,0.265573138747597,0.0564802081331054,0,0,0,0,0,0,0,0,0,0
0,0,0,0,0,0,0,0,0,0,0,0,0,0,0,0,0,0,0,0,0,0,0,0,0,0,0,0,0,0,0,0,0,0,0,0,0,0,0,0,0,0,0,0,0,0,0,0,0,0,53.3344626326863,187.029401828074,464.294737051441,890.454115943112,1088.68891452784,1032.52350918089,865.877332276811,825.164504351035,789.913866711526,596.206393968401,390.376346582254,287.363280521804,302.930098408904,306.296886243316,241.99280165368,148.341725371683,144.211244741182,205.340161332989,259.423155082525,234.148522514323,180.475886213947,173.137508127421,226.838524320752,280.480601208609,299.207765841281,283.442615147597,260.224691891362,210.824568138233,149.51209969991,89.0396373228473,38.1555089554009,15.1500337845015,5.89222059733069,9.12180102605886,25.2415302371682,53.5627405438589,86.2846900642175,96.4260026588454,105.672742653057,146.347386723891,182.485393051139,173.826046626577,104.672761900431,46.5074990745937,14.430330309755,2.2058000441339,0,0,0,0,0,0,0,0,0,0,0,0,0,0,0,0,0,0,0,0,0,0,0,0,0,0,0,0,0,0,0,0,0,0,0.14928993359417,0.916250939205809,2.79696527560729,5.95680938277735,9.17548266661323,8.85104029237108,5.95680938277734,2.30282124447063,0.701969726361278,0.14928993359417,0,0,0,0,0,0,0,0,0,0
0,0,0,0,0,0,0,0,0,0,0,0,0,0,0,0,0,0,0,0,0,0,0,0,0,0,0,0,0,0,0,0,0,0,0,0,0,0,0,0,0,0,0,0,0,0,0,0,0,0,45.9342886484499,161.557933903364,401.643280404965,778.656905341941,983.135068690811,1013.13436154372,1029.78296159297,1122.41942026572,1123.51063438639,847.196671985852,546.722957425389,385.391060309999,374.864235045705,364.166332957827,279.354773550709,153.007477162136,115.806140392334,143.987435974218,183.613032001014,183.754427874973,176.98679149999,218.240344459002,291.014721962377,348.93173727059,366.824781413372,350.325508431047,318.301840341659,242.589329043719,156.677373310054,82.0401932756681,29.4696329194254,10.1382552246459,4.06326934171218,10.3769744344801,30.5352076117531,65.0320591367555,105.879833303328,121.954799940277,143.482933236528,214.793141883363,274.272878189469,263.687291999227,160.923734762906,74.8395324691436,28.6594765061244,11.1849395897967,6.05749842156854,3.28477091602092,0.97990163297937,0.240676135134734,0,0,0,0,0,0,0,0,0,0,0,0,0,0,0,0,0,0,0,0,0,0,0,0,0,0,0,0,0,0,0.346641213527329,2.12747323155257,6.4943657886936,13.8313118874451,21.3048553889771,20.5515219550384,13.8313118874451,5.34699648865669,1.62992662631088,0.346641213527329,0,0,0,0,0,0,0,0,0,0
0,0,0,0,0,0,0,0,0,0,0,0,0,0,0,0,0,0,0,0,0,0,0,0,0,0,0,0,0,0,0,0,0,0,0,0,0,0,0,0,0,0,0,0,0,0,0,0,0,0,35.0507100904104,124.932362124768,314.873894274276,633.346095796694,858.856403572332,1010.60562699015,1250.85868973295,1487.20157298372,1514.30834035669,1134.56148878312,726.527186815944,496.440418050672,445.98988306427,414.855525302237,312.444784607913,161.027737390053,96.1577106709581,97.2202646238635,130.02385558178,160.37208243549,204.232332435492,294.612414606758,383.113147957845,442.145889483776,462.046398554264,449.659589969446,410.185701281454,302.729055926328,184.905708449743,89.2030114424356,28.5276784972152,9.14261784580934,3.7669553660231,11.0030409355727,32.5794058315293,69.3856702602171,114.442586097749,136.747343888807,173.900527704118,280.335404161247,365.598454704705,354.51022325109,219.040267245164,105.839733473763,46.6276333795611,24.355762964487,15.3343730500449,8.31529768639369,2.48059118578572,0.609264317305981,0,0,0,0,0,0,0,0,0,0,0,0,0,0,0,0,0,0,0,0,0,0,0,0,0,0,0,0,0,0,0.707042147193235,4.3393952681696,13.2465216272796,28.2116496070583,43.4553945463734,41.9188245486386,28.2116496070582,10.9062388742083,3.32455223632379,0.707042147193235,0,0,0,0,0,0,0,0,0,0
0,0,0,0,0,0,0,0,0,0,0,0,0,0,0,0,0,0,0,0,0,0,0,0,0,0,0,0,0,0,0,0,0,0,0,0,0,0,0,0,0,0,0,0,0,0,0,0,0,0,23.712746664151,87.2268462037007,227.731344709381,494.353741805735,752.843708200723,1036.63078806029,1493.28536200445,1852.89609906446,1890.9959402574,1416.11975438319,920.734845755415,632.355329806045,530.264403690616,463.605851302504,338.898705697155,168.757981020434,85.0460956935266,69.0490589367495,104.554921474642,167.893611474211,262.953726204481,402.304026349559,506.719526595811,568.019703799326,590.233913952904,576.134476732712,519.759948104085,373.565423572425,223.478177854328,106.441702800644,34.3504680343412,11.3979995445274,4.35826025553021,10.4742186654659,30.5352076117531,65.0320591367555,109.049652258475,136.233265609932,188.412075967703,325.530980695198,432.54394215693,423.22925621198,266.351526352076,137.08017808067,73.1281839218116,49.4774483160535,34.0999839335946,18.4912364257534,5.51624245119442,1.35485835408091,0,0,0,0,0,0,0,0,0,0,0,0,0,0,0,0,0,0,0,0,0,0,0,0,0,0,0,0,0,0,1.26685189373861,7.77516748468825,23.7346261118747,50.5485873396228,77.8617641010102,75.1085949735121,50.5485873396228,19.5413942806727,5.95680938277734,1.26685189373861,0,0,0,0,0,0,0,0,0,0
0,0,0,0,0,0,0,0,0,0,0,0,0,0,0,0,0,0,0,0,0,0,0,0,0,0,0,0,0,0,0,0,0,0,0,0,0,0,0,0,0,0,0,0,0,0,0,0,0,0,14.3755696900315,57.3110042441105,162.514773136836,403.931277623311,712.866816893941,1123.23027505402,1746.69595120524,2174.7261724971,2195.24073484557,1649.51509800673,1112.09640622361,796.440995327456,644.409788395901,530.382523556023,376.226755612604,186.526586228048,86.5789245789063,59.4002813520449,104.304650037687,201.402484099205,344.636126845302,525.999462616279,640.625839367811,700.512285508357,719.542305990179,694.19235626052,612.264250069236,430.023166071057,258.842792181511,129.080015922271,46.7645372569227,17.290037502171,6.1246985095614,9.08003390744897,25.1405068936363,53.5427481555969,91.7094330343768,120.886877270946,182.722182293444,336.491893689432,454.534721384754,449.34467643709,291.006371356189,165.365053635126,110.903302600175,91.7354513402109,66.6128107820681,36.1218127126946,10.7757357113421,2.64665588560535,0,0,0,0,0,0,0,0,0,0,0,0,0,0,0,0,0,0,0,0,0,0,0,0,0,0,0,0,0,0,1.99398470155757,12.2378670254529,37.3575487380786,79.5618732850485,123.912524694308,123.373247814547,93.1869122696707,57.9546036005076,41.9366320049138,29.19105347471,13.6250389846221,5.15470145338177,1.36057744534804,0,0,0,0,0,0,0
0,0,0,0,0,0,0,0,0,0,0,0,0,0,0,0,0,0,0,0,0,0,0,0,0,0,0,0,0,0,0,0,0,0,0,0,0,0,0,0,0,0,0,0,0,0,0,0,0,0,8.08220870879368,38.3421978910556,125.87985573935,369.434049230722,737.165653690837,1248.79506560087,1962.23670834384,2392.57501334003,2373.99766947585,1806.31031790492,1291.76981593959,991.77653623433,798.818539790013,627.828112595452,435.341800452802,219.756330137783,100.765480125637,63.4334810142591,119.957180705527,249.787515291856,438.607818235225,660.651764680615,788.180529050463,849.809167237201,859.675946354582,807.908730387333,686.300571283178,468.061719860516,287.605945856829,155.273939933159,65.3170306232045,26.7805127179683,9.20349228639884,7.41898303431635,18.1828777043745,38.7248055812183,68.1723496948964,95.8134943236512,158.777824866107,309.732293378084,424.486030994607,425.058939255183,288.082246371839,189.073562308195,160.66617289002,152.837055515509,114.30804041145,61.9852784895402,18.4912364257534,4.54167966154072,0,0,0,0,0,0,0,0,0,0,0,0,0,0,0,0,0,0,0,0,0,0,0,0,0,0,0,0,0,0,2.75697757804602,16.9206538876287,51.652314163289,110.006009846954,172.744756347774,175.951812047462,143.039080537726,108.464446542088,91.9051329227924,68.6946014174581,33.0330706907723,12.4972572696172,3.29863650175078,0,0,0,0,0,0,0
0,0,0,0,0,0,0,0,0,0,0,0,0,0,0,0,0,0,0,0,0,0,0,0,0,0,0,0,0,0,0,0,0,0,0,0,0,0,0,0,0,0,0,0,0,0,0,0,0,0,4.5873375951026,29.7690075911675,115.805360571464,385.949411815695,817.467533621731,1403.10134700908,2135.04182329906,2510.63684138208,2436.44025007493,1889.51831941628,1452.30976808368,1204.57905983283,982.659785491934,751.825759677714,516.112317076391,267.818728111672,123.853122037522,72.8257199255086,137.96413266062,296.595732288839,527.048098054211,788.938964936528,933.441462554882,1000.80063832412,995.710289644229,904.651895931479,733.908866799547,484.995424341303,309.036245418092,184.614699517805,89.5819537388677,39.6037814978703,13.5750410406541,6.08630072822418,11.5522516473727,24.6032947228253,44.8807311539718,68.0321359349584,123.700706239064,253.930718256311,352.439917617057,359.147867218252,261.427049932221,207.269403569637,217.762609980356,226.597102657593,172.31029860983,93.4378877242676,27.874071313949,6.84622162932189,0,0,0,0,0,0,0,0,0,0,0,0,0,0,0,0,0,0,0,0,0,0,0,0,0,0,0,0,0,0,3.34857539200583,20.5515219550384,62.7359720023291,133.824026625777,213.83882768252,227.622625901443,208.215018835742,197.136178431119,187.798518342189,145.908646488055,70.9872916547507,26.7719815281874,7.02523875979637,0,0,0,0,0,0,0
0,0,0,0,0,0,0,0,0,0,0,0,0,0,0,0,0,0,0,0,0,0,0,0,0,0,0,0,0,0,0,0,0,0,0,0,0,0,0,0,0,0,0,0,0,0,0,0,0,0,3.16830573563282,29.3436935756486,126.023134399056,440.177770621356,935.341323402282,1568.97501411495,2270.09364274383,2564.41816077232,2436.02210320956,1933.96615554904,1592.38060855283,1406.29488314872,1162.17718626085,877.892864648273,603.716620830491,324.771704374056,157.485548165858,96.0423972009284,170.427058492068,350.899324083488,612.794691552594,910.960069685297,1079.09951968874,1159.41002812372,1137.53909707428,998.701412853871,771.351822387022,491.012162295015,324.143922256146,212.131314458043,114.26127997495,52.9152953277173,18.2610762692401,5.29484844997225,6.44742203097679,13.7313338795416,26.2338148990967,43.4001010754831,86.4165302081402,185.418653262698,260.193449548655,272.027939598569,220.593788012545,217.757799106161,270.471914647417,297.267444755358,228.171357153788,123.729398785994,36.9105313635756,9.0656895910508,0,0.197164065505855,0.862673425695085,2.63341352528356,6.24812190243789,8.63894892296,8.33347822442983,4.96235746399683,2.16816442606087,0.660922245928855,0.0987741767795111,0,0,0,0,0,0,0,0,0,0,0,0,0,0,0,0,0,0,0,3.57274782738466,21.9273562093309,66.9358701629603,143.118241085554,235.390024013066,268.163595322411,285.413295296232,331.194045250007,341.721427106954,271.928337990309,133.298305674186,50.2072614548915,13.1432616048449,0,0,0,0,0,0,0
0,0,0,0,0,0,0,0,0,0,0,0,0,0,0,0,0,0,0,0,0,0,0,0,0,0,0,0,0,0,0,0,0,0,0,0,0,0,0,0,0,0,0,0,0,0,0,0,0,0,2.44141982748353,31.8729085905797,141.89782526492,501.086492693356,1051.01153891325,1715.50093715966,2374.52648429114,2595.50623109377,2425.3122557739,1964.76026587898,1699.22734211138,1557.61535414369,1292.63982884925,969.753311746255,671.064999972472,372.279671392598,187.724189533537,118.371097555287,198.824577605619,393.45452674321,678.73508348613,1014.7844127295,1217.07360781909,1321.37084115866,1291.11220878272,1108.17024324677,823.206962547648,502.85292776241,336.529337095889,232.654317000528,132.895347061222,63.0991888039583,21.9303131906532,4.90121087962442,3.16097449892166,6.73205445849096,13.6573627791636,24.9357517122686,54.1125424574284,120.55552251443,170.785072695748,185.679252192175,175.51199545189,216.545322061328,302.981428935645,343.966285109024,265.415603652621,143.925659548172,42.9354108473811,10.5454755818201,0,0.478012174562274,2.09149876827503,6.38454944876917,15.1481880323969,20.944601390733,20.2040064324437,12.0309310737458,5.25658156546353,1.60236541675314,0.23947192867947,0,0,0,0,0,0,0,0,0,0,0,0,0,0,0,0.0254910673875077,0.11986044315157,0.477578284111509,1.0171176698604,4.85987932999076,22.0628258930233,63.7530896721895,135.394354661247,233.709092109659,295.596730543509,376.015798304035,514.446792318024,556.78427533163,448.198586862405,220.209175201081,82.7932067888623,21.6003431643401,0,0,0,0,0,0,0
0,0,0,0,0,0,0,0,0,0,0,0,0,0,0,0,0,0,0,0,0,0,0,0,0,0,0,0,0,0,0,0,0,0,0,0,0,0,0,0,0,0,0,0,0,0,0,0,0,0,2.54262327938558,36.6812257178409,159.057412670503,553.328861965559,1137.23154389604,1812.49528673736,2437.11292541776,2616.20285860301,2426.79720730381,1984.68166267804,1744.66052586767,1609.09642968768,1324.07703138759,987.709969025207,688.678168550691,393.433015698532,209.293975262823,143.941872389548,233.158110013859,433.006711998535,726.064647402097,1089.65535857407,1328.82948612636,1465.54762513417,1442.60413286528,1231.43164512131,897.574162959523,528.271994852795,346.400146548558,240.527369477038,139.447799528497,66.7581943486074,23.2911005292398,4.57047057333917,1.36135478016284,2.89933200046685,6.35588431314274,12.9251920636007,30.3455322184952,69.7581421688034,99.6294291386976,115.083051115892,132.811505086109,200.099108805681,302.866155304803,350.417228015281,271.210945057569,147.068271823167,43.8729042004395,10.7757357113421,0,1.01804174379537,4.4543490030361,13.5974316137967,32.2617049951987,44.6065595346945,43.0292846808201,25.6227575396252,11.1951530694956,3.41262204160921,0.510012993050093,0,0,0,0,0,0,0,0,0,0,0,0,0,0,0,0.0673786425955987,0.316818195083409,1.26234715978736,2.68847149134199,6.7516948781427,20.9153711877254,54.340785654631,113.93108603022,213.557838840237,312.684021568248,475.515056312987,729.143693377888,808.42302345753,652.772619779511,320.237413748546,120.098340479568,31.1841265772567,0,0,0,0,0,0,0
0,0,0,0,0,0,0,0,0,0,0,0,0,0,0,0,0,0,0,0,0,0,0,0,0,0,0,0,0,0,0,0,0,0,0,0,0,0,0,0,0,0,0,0,0,0,0,0,0,0,2.48829151204086,39.230331719709,165.527319561526,571.368230089469,1160.75327417023,1830.30458987547,2441.38418631474,2615.96086439904,2428.53219542039,1978.608129292,1712.86147068581,1545.23832740203,1241.37205877296,916.152436441153,641.35773198168,378.038709225513,218.767436300142,175.636823971723,280.765460779229,475.930003655396,753.848970402102,1120.38567568546,1390.24724955243,1567.90287600643,1579.33058863998,1366.48917255374,997.746935268805,569.214066430935,352.272598811707,232.361742294105,131.070382978556,62.3995814994529,21.7890843827179,4.03443423368293,0.515035404433981,1.09689160475141,2.65493975190608,6.04784303654198,15.2203397760542,35.8969758781311,51.624010642016,65.421924484457,95.4870870987988,168.776477217625,268.403093176846,313.997459533492,243.446428737652,132.012539347808,39.3815295458632,9.67259774634158,0,1.90461697044769,8.33347822442984,25.4389362361398,60.3572409519812,83.4527766674184,80.50191097644,47.9366775842601,20.944601390733,6.38454944876917,0.954164608310281,0,0,0,0,0,0,0,0,0,0,0,0,0,0,0,0.156448689291096,0.735630601255355,2.93108544445463,6.24245049787343,11.2694503626811,21.5133326865764,43.599999235952,87.2639378278478,185.430861130445,323.782181398442,570.968297489857,934.650025266609,1043.92432792039,840.305751574055,410.29039191669,153.331841308352,39.5477657882228,0,0,0,0,0,0,0
0,0,0,0,0,0,0,0,0,0,0,0,0,0,0,0,0,0,0,0,0,0,0,0,0,0,0,0,0,0,0,0,0,0,0,0,0,0,0,0,0,0,0.445481357000509,1.57050954819028,4.42911646098186,7.0724016610943,7.87899312500962,5.57671626219764,2.8139807551185,0.990644160465942,2.31510123115879,37.8372471642832,156.734943423858,544.105720435744,1107.13262876445,1756.29327486464,2374.30495709885,2573.20211708555,2401.93891574726,1928.90818455021,1607.74183483361,1387.67606587513,1071.10965933052,775.159250083285,540.887909618448,331.126363312772,218.455269744224,215.85323189238,346.154068459547,527.875511248412,765.130400286673,1099.28400531906,1383.96042048394,1607.58725337649,1683.40648074755,1499.29095767857,1114.26135985368,623.96794565218,358.148100510587,214.350508359801,112.566243681681,52.4961569839104,18.2609686104991,3.24938126456202,0,0,0.437956751600545,2.01143288866339,6.45242066296452,16.2717105913779,23.6983120782424,34.4993279293374,64.545818728897,128.156749789145,210.06333246128,247.342252621301,191.96189967315,104.094268152894,31.0530463020465,7.68149867929228,0.50761699245462,5.24313700060306,18.3694685544981,49.0296596044519,106.77651853726,142.472308621084,134.910183091678,79.4724856759868,34.5752931011436,10.492712021518,1.56812544666788,0,0,0,0,0,0,0,0,0,0,0,0,0,0,0,0.319107517759779,1.5004616287833,5.97851861054211,12.732691415575,20.1859673979914,26.694282988941,36.4673175274497,64.3995295666356,160.859553943444,334.776654966223,650.998461376485,1090.49781733145,1208.90614223167,962.923760785392,465.512830512377,172.923816328525,44.0580993114416,0,0,0,0,0,0,0
0,0,0,0,0,0,0,0,0,0,0,0,0,0,0,0,0,0,0,0,0,0,0,0,0,0,0,0,0,0,0,0,0,0,0,0,0,0,0,0,0,0.615341401382037,3.19614358443099,8.77133700104962,19.4659097259124,26.7371126619229,26.6431734919953,17.192318141947,8.2411647544114,2.80206257660274,2.08057007184102,32.7137669328834,134.421939810997,476.483213819605,985.117658071351,1598.81698377127,2229.24741921451,2462.3139877861,2313.41598593751,1822.84345038586,1449.69462898024,1181.06454986307,860.560988310605,600.873776881367,412.267786548439,266.168835537012,212.579811293973,262.540148302652,426.087430094701,589.33415930235,765.059905345272,1029.51225838614,1306.35140110732,1574.70311110245,1737.72037481394,1607.29295586818,1225.3304198835,682.407873943849,365.32238449967,193.378055451573,90.104699473345,40.2726790469498,13.8293278781098,2.47059356665641,0,0,0.125509236207488,0.590151539861251,1.93600016128062,5.00793709171546,7.44114006880755,14.9140157450006,39.10792102531,86.2238575573888,144.695959010336,171.199629279174,132.966459623171,72.1030909098225,21.509547646319,5.42702009992483,1.31364578335816,9.98198816421174,31.846756406077,79.000347477451,162.760576837867,211.716971893321,197.720136157335,115.513402532593,50.0892870860263,15.1481880323969,2.2638817377049,0,0,0,0,0,0,0,0,0,0,0,0,0.115356340736972,0.469667948587439,1.57439437366435,3.47513078201898,6.42393038327882,13.8547513437554,24.6453458323051,35.3501957681235,38.3951815137167,36.0604858248085,50.2256071432361,143.179347103266,339.333194698765,690.665837890681,1149.45100150072,1251.95537483969,981.147117975351,467.539973591331,172.2231523568,43.116648636917,0,0,0,0,0,0,0
0,0,0,0,0,0,0,0,0,0,0,0,0,0,0,0,0,0,0,0,0,0,0,0,0,0,0,0,0,0,0,0,0,0,0,0,0,0,0,0,0,1.49185745697706,7.62815269921594,20.8400454266113,45.9938534341341,62.9062520024849,62.4599598011805,40.170733019436,19.2177622407851,6.5250179939386,2.15168879614213,25.2605763624914,104.447029447101,385.146323273724,822.20806040413,1387.09646745591,2016.42693590382,2270.88611998697,2140.25134876058,1654.67297756261,1262.50348504187,972.094101476649,660.854826878604,435.833057665801,287.594692858594,200.399668906515,203.655375611839,305.050614914477,501.350124018722,644.47560359267,751.250359247429,923.88304200833,1171.57266655912,1473.62137616434,1726.34337575939,1660.6758304115,1299.90161836547,729.281067727673,374.647375453024,178.793090477678,72.494609435142,30.48389011623,10.169633869599,1.8375728655129,0,0,0.0474833608198673,0.223269452929396,0.732438480092709,1.89463095366153,2.8151740021288,7.29945378981103,22.6436073078959,51.9238534018556,87.8665417343491,104.141751513714,80.9067221849749,43.8729042004395,13.0880148322905,3.54895137619749,2.98770869480467,18.1442906505868,52.4900838904909,118.841142950233,225.937423519594,282.168689759515,257.434019168961,148.259090888376,63.9153377981893,19.2109594904643,2.87105891881177,0,0,0,0,0,0,0,0,0,0,0,0,0.304912836151443,1.24143835820659,4.16147955654606,8.57419080263816,14.1052295347365,25.1672551755719,40.7492109555069,55.670018410815,55.8983059293641,42.402821873096,45.3463420895004,132.88066091391,336.674951126448,688.539739587608,1112.56958769707,1177.25206735001,900.011804510237,419.414342188715,152.468454676845,37.0663370955554,0,0,0,0,0,0,0
0,0,0,0,0,0,0,0,0,0,0,0,0,0,0,0,0,0,0,0,0,0,0,0,0,0,0,0,0,0,0,0,0,0,0,0,0,0,0,0,0,3.1772687973603,15.9997898096591,43.515946152446,95.507223597755,130.0654368186,128.669190562377,82.4712731450822,39.373704634936,13.3491172587695,2.82745623247454,17.3349291054376,73.7679174945162,289.844144072369,650.76578622178,1157.58351972868,1763.64956449568,2018.54163493096,1899.49639899066,1444.0264380079,1071.00334665851,790.085067558805,500.941372615715,305.387306101774,187.681857217998,144.736756607785,190.363731842797,329.219427770701,550.227940301975,680.417769750526,737.006641960398,833.24934982706,1043.83628153127,1354.29813929184,1661.5769118947,1648.70881212171,1323.43774925204,760.615884044265,391.173662871284,178.839105241261,65.957976586912,26.2970665036714,8.37808819186378,1.54892476092607,0,0,0,0,0,0,0,2.34174625326546,11.0905890251879,27.2784472709152,46.8100027066384,55.6396965446371,43.2456613670721,23.4506195159461,6.99570866448427,2.40024792437855,5.97194379994409,31.1737057704233,82.6392701729688,169.607891100276,290.620514166614,341.573020149655,300.097779959775,168.676666290671,71.9836045662217,21.4019261070625,3.19849671537397,0,0,0,0,0,0,0,0,0,0,0,0,0.707987156260104,2.8825366094537,9.66267643652189,19.0633953018422,28.776745188609,42.5998659262836,60.888638268567,78.4906202927291,75.6526770935027,52.4456953835244,46.7163391348096,127.355886885927,327.368245582303,655.711212148722,1011.74565334579,1027.83206964336,757.809658492702,341.123545585773,121.363507044344,27.9917325863254,0,0,0,0,0,0,0
0,0,0,0,0,0,0,0,0,0,0,0,0,0,0,0,0,0,0,0,0,0,0,0,0,0,0,0,0,0,0,0,0,0,0,0,0,0,0,0,0,5.94423569368164,29.4922994694929,79.8572519346963,174.295201987005,236.331485362636,232.920603535662,148.77035409101,70.8763850446651,23.993427070903,4.26686489499973,10.6213093083785,48.3405487912787,207.800288347366,498.208004560339,939.82362073425,1491.88041536664,1719.23978249372,1602.13390296066,1197.51905430769,876.691890168566,634.01163032854,381.839355244959,214.294725871905,119.293184722397,102.836361063148,169.876921752162,323.635588602244,552.963344981388,677.844051401655,711.676016244532,760.577149989424,931.589427260698,1221.67152475819,1535.83024167794,1553.10212314691,1272.78606765425,757.384433617748,403.938306016456,189.819016828627,70.5873488297852,28.1820639745615,8.74471810880213,1.65747614974534,0,0,0,0,0,0,0,1.0995455005836,5.20748447636558,12.8083450193703,21.9792079464707,26.1251097996556,20.3056041232558,11.0110235635908,3.28477091602092,2.02878852739467,10.490836254024,49.7544660885477,123.272515708065,231.231849433805,352.579705606349,381.925651060738,316.954199760168,171.203967461503,71.8054184019184,20.944601390733,3.13014998827465,0,0,0,0,0,0,0,0,0,0,0,0,1.4440774484189,5.87949382294259,19.7089071602078,37.8568138886215,53.8682258207901,67.6556006367268,83.2284327347579,98.979054655385,91.9163126880529,61.3606184850103,50.0298614255363,124.246562376409,315.614875603767,612.721494480441,895.142185266125,864.187757256692,606.296655311861,259.003795973593,88.9419941800337,18.5692911304702,0,0,0,0,0,0,0
0,0,0,0,0,0,0,0,0,0,0,0,0,0,0,0,0,0,0,0,0,0,0,0,0,0,0,0,0,0,0,0,0,0,0,0,0,0,0,0,0,9.7690767096892,47.7749216091215,128.793968787884,279.543062884628,377.377106943355,370.51435824226,235.805550419537,112.096303256678,37.8881093997273,6.35648909456549,5.77693677965387,29.9599633985071,144.139018127981,371.955504644619,741.711425093853,1212.44033788605,1392.7044208456,1274.90187735621,935.687490708664,685.506402872109,497.840403734956,293.096388295122,153.846769251702,76.5479022308125,71.8281444411327,141.156678002761,287.701290100683,509.68049906134,641.277418521251,691.72665954149,745.436877580764,887.381446211506,1123.18048940031,1376.28862460296,1388.23998152829,1155.8895437895,720.857857089684,409.898628891675,207.305099134284,83.2041892013034,34.5285879892355,10.7563434416508,2.06762732665329,0,0,0,0,0,0,0,0.453525815116012,2.14791351571551,5.28301476574992,9.0656895910508,10.7757357113421,8.37538388046225,4.54167966154072,1.35485835408091,2.25617138243086,16.1964824273486,72.4772924436057,171.360240451997,299.328921049749,408.052023269003,401.635617949453,308.245470889388,156.596404335139,63.8163551760071,18.0055658318545,2.69091402724878,0,0,0,0,0,0,0,0,0,0,0,0,2.58744440836666,10.534658949806,35.3136888070179,66.7350157100918,91.4992320940234,101.503160367772,107.869155324205,117.52272848354,107.169534549857,72.0981952840999,56.1418501448117,122.919660310939,305.120813873456,575.967707007735,799.83986433834,732.060360912158,484.240012363898,192.707435041365,62.6906486366103,10.8212219541054,0,0,0,0,0,0,0
0,0,0,0,0,0,0,0,0,0,0,0,0,0,0,0,0,0,0,0,0,0,0,0,0,0,0,0,0,0,0,0,0,0,0,0,0,0,0,0,0,14.1034854094729,68.012029774434,182.553776286287,394.02810059145,529.573680174782,517.927865273805,328.411829774085,155.76797375241,52.5637779561779,8.64680139530813,2.78671874170011,18.5041722542991,100.238552713623,277.176804140637,576.7791718133,954.972175159964,1081.15070008971,963.373195465282,689.959650408931,507.644689521355,373.854626205702,218.909255379951,110.004917984599,49.6062023603987,48.2941992300025,107.405322052358,231.236049839605,434.241297732256,582.172043166368,684.490499117964,799.512460559539,934.388507863671,1091.91182380782,1221.98499482539,1192.66202552204,1002.62445098719,662.001220516455,407.010188613656,223.969731482767,97.7234162307964,42.13967948835,13.3257527362724,2.5749134477487,0,0,0,0,0,0,0,0.164325988905283,0.778253410917057,1.9141945107601,3.28477091602092,3.90437185255995,3.03465247786672,1.6455865946303,0.490905768625275,2.77995806718244,21.9758955046913,95.0238246367759,218.026937213055,362.212182561392,450.148416443074,402.41047953974,281.099705731279,130.967533631798,51.0073742606651,13.5974316137967,2.03212272281881,0,0,0,0,0,0,0,0,0,0,0,0,4.07255543596982,16.5812190721435,55.5826261813108,104.012111138197,139.300646751131,141.210726863664,130.902028800491,128.548144004307,114.84718428632,79.7530014496215,63.6234832314748,126.175722879825,300.657540028388,551.933247848647,735.965124838842,644.061120468913,403.098007768737,148.518822314192,45.1349296509498,5.53952746393022,0,0,0,0,0,0,0
0,0,0,0,0,0,0,0,0,0,0,0,0,0,0,0,0,0,0,0,0,0,0,0,0,0,0,0,0,0,0,0,0,0,0,0,0,0,0,0,0,17.8860657325013,85.0869979525219,227.404453911219,488.114595458499,653.095338104444,636.214961084765,401.896249800491,190.506180468028,65.2183642506593,13.6757735436224,6.27605156648811,17.1799534734434,73.1555591219569,204.548063217444,434.883989643566,720.270309505131,798.701960062177,688.901781241117,476.962891132036,348.983204955869,257.988305027253,150.125326554202,75.6263913220619,39.1319055347625,47.1641135699496,93.2402084800414,183.658688689125,355.367585943349,521.640604698048,698.643671502462,923.320995656742,1079.62663344666,1150.24103076391,1113.81017650714,1011.70549445928,848.103979023895,593.510084388074,393.11388596227,231.340644846253,106.868421775763,47.1514204646683,15.0739408082761,2.91936894637959,0,0,0,0,0,0,0,0,0,0,0,0,0,0,0,3.23004174981093,26.2051495947988,111.065550911603,250.193147807181,402.351793998469,467.469906163675,384.706075901449,243.844595818461,101.956961568564,37.1734973326781,9.02033003796984,1.34807941368019,0,0,0,0,0,0,0,0,0,0,0,0,5.63090780663846,22.9259778988574,76.851168412218,142.966764667817,188.866048173021,180.862600727607,151.703937168486,137.078859197962,123.491626693554,91.4019306866852,74.8237818387169,129.999222938394,293.282956352068,526.237463429842,684.04735737225,581.766799403619,350.272503186772,121.336262765299,34.6184535425896,2.49106218989121,0,0,0,0,0,0,0
0,0,0,0,0,0,0,0,0,0,0,0,0,0,0,0,0,0,0,0,0,0,0,0,0,0,0,0,0,0,0,0,0,0,0,0,0,0,0,0,0,19.9259312031272,93.5469395411693,248.953658443413,531.4143386882,707.829199269544,686.771188706893,432.158230216889,204.837002938597,71.5196074006093,19.3400249604175,13.4683445145334,22.1570525484687,58.9524563920668,152.76726559686,322.567629887991,528.358078054563,572.906358440035,479.898943186824,323.769143209931,236.614521674662,175.370868345579,104.044099890676,59.5551258430962,46.0727980708619,63.6660459931985,95.5911002487208,150.454103296568,286.964613047413,468.89452929367,726.329738164305,1086.41511128559,1287.74763805289,1277.25882585902,1060.68443859374,870.359302197478,716.808483898635,527.463349015859,370.780280507346,227.404766458771,107.969789899692,48.0192327515247,15.4030798343911,2.98311327602125,0,0,0,0,0,0,0,0,0,0,0,0,0,0,0,3.44627887774273,27.4624714474154,115.03900019081,256.300303892397,403.994633385743,448.872743606228,347.149450763503,201.958801798491,75.130414653576,25.1377351966747,5.25658156546353,0.785590922383485,0,0,0,0,0,0,0,0,0,0,0,0,6.83919937039414,27.845480515004,93.3420472626542,173.033497684451,226.962099874371,210.940182750371,168.171185419008,147.941764887239,141.570895672554,114.785951030181,95.2089036705428,136.352960524644,279.087262389909,484.77747340263,617.875713097059,517.119982451833,304.753384795824,101.739989706955,27.8353984809129,0.984037967124512,0,0,0,0,0,0,0
0,0,0,0,0,0,0,0,0,0,0,0,0,0,0,0,0,0,0,0,0,0,0,0,0,0,0,0,0,0,0,0,0,0,0,0,0,0,0,0,0,19.5001461224066,90.3820106469078,239.523343719627,508.466314385514,674.193066516274,651.473898272286,408.327477007404,194.122756848709,71.0225051795439,28.6865487532229,29.146781754283,37.3114081438203,55.7282669434484,113.799650261981,228.570126171617,368.343253093889,394.076550819093,328.069734403595,224.962187299331,166.322964725242,120.374768453112,73.1347181929164,55.5993244323104,70.3565250093119,108.841794234378,131.553310364868,149.309967020891,241.663697402809,426.321269548228,749.649005769391,1238.89192168668,1495.49665629832,1423.27134007091,1048.16845165857,773.222811321525,615.878681414642,465.893560978498,338.153648973514,209.006985341153,98.5569783112161,43.4640326958287,13.8262295293706,2.67772479983468,0,0,0,0,0,0,0,0,0,0,0,0,0,0,0,3.23004174981093,25.2932167120725,105.215927218233,232.864907924074,362.654811467178,391.849650522384,290.558005660006,158.277430640402,52.8580477183065,16.049523406633,2.69091402724878,0.402154443224095,0,0,0,0,0,0,0,0,0,0,0,0,7.2970537709738,29.7096133030083,99.5908879213025,184.228909396125,241.058643493414,222.257554523786,177.585426637,163.897373551297,173.977612601374,154.001693832947,127.841884036484,147.047514468096,256.603899784968,418.490679578801,516.641577945473,424.795891393758,245.444140289957,79.2387450092044,20.8434647227371,0,0,0,0,0,0,0,0
0,0,0,0,0,0,0,0,0,0,0,0,0,0,0,0,0,0,0,0,0,0,0,0,0,0,0,0,0,0,0,0,0,0,0,0,0,0,0,0,0,16.763802671037,76.7392367705496,202.528055107797,427.571677170812,564.346824947994,543.077550659339,339.011738464255,162.82675581586,66.0009105722373,44.2469770397897,56.9369493453489,66.8826301836817,67.3993622340707,92.3559063967284,160.44819935125,250.393767028685,269.986234788497,235.77187895917,179.782113038937,139.359135004566,96.6496149476074,61.5555567713579,67.911211799724,117.755358166896,191.220613867649,209.653668321028,186.314169037722,219.736973115352,384.893281820653,738.894031659129,1311.78610345344,1609.94201555015,1500.40508316907,1021.97444668525,691.263628092449,529.862155297714,403.085941231855,294.773063860028,178.80359192041,81.3480763357391,35.0333967102463,10.9022313432051,2.11143429806522,0,0,0,0,0,0,0,0,0,0,0,0,0,0,0,2.65938545138952,20.4728533981907,84.7992264846569,186.914530623183,288.993244560293,307.027309103827,221.678986397153,115.41490307904,35.3625071121701,9.77673370452156,1.2100732838991,0.180844256939839,0,0,0,0,0,0,0,0,0,0,0,0,6.83919937039414,27.845480515004,93.3420472626542,172.452665204162,225.966243897176,210.708133034515,177.505566520102,182.743771577859,216.962866677213,204.915023931662,170.577145930268,165.004162672869,235.185905857179,345.170686063433,406.043144041085,329.529976263204,189.589877474496,61.085629167475,16.0926831729352,0,0,0,0,0,0,0,0
0,0,0,0,0,0,0,0,0,0,0,0,0,0,0,0,0,0,0,0,0,0,0,0,0,0,0,0,0,0,0,0,0,0,0,0,0,0,0,0,0,12.6596777093969,57.2575775434731,150.49727130901,315.990255629253,415.160302390252,397.841063507113,247.323013806067,122.023540480407,60.4467835935517,67.4003250672312,97.7041957884904,111.074354504682,91.2151196059949,82.5073615075313,109.485441802012,161.451806063218,181.902272592608,179.837256801525,166.265318524941,139.330459175827,94.0393027182647,64.8090755923638,94.5856864746776,187.195512276557,309.180328054605,327.277204325836,257.984890958894,216.73439335592,337.902815425008,676.978083128873,1262.36710467366,1571.01749354203,1450.23349526952,942.898539009244,599.91692831904,443.990838811571,334.667309677037,242.520087349653,141.929838678479,60.8909871960566,25.2121897206975,7.55166054392569,1.4625295114223,0,0,0,0.0778226609679445,0.365926561216637,1.45801712910134,3.1051976907347,4.61391797359412,4.61391797359412,3.1051976907347,1.45801712910134,0.365926561216637,0.0778226609679445,0,0,1.9234011722989,14.5633332242724,60.1541010654131,132.244991757183,203.563554499943,214.085388771252,152.087631946338,76.9267981958533,22.1727215136198,5.67183799010981,0.478012174562274,0.0714384472966508,0,0,0,0,0,0,0,0,0,0,0,0,5.63090780663846,22.9259778988574,76.851168412218,141.878913742237,186.87907390412,179.680340780871,166.904165401452,197.399435814902,257.626079332188,254.35722519547,214.598266025091,188.400427148884,219.301977603472,273.736360996921,292.419176275323,230.025157179161,130.703894235178,41.7842772952422,11.0172598440634,0,0,0,0,0,0,0,0
0,0,0,0,0,0,0,0,0,0,0,0,0,0,0,0,0,0,0,0,0,0,0,0,0,0,0,0,0,0.456854017299815,1.86005977424667,5.28360496834537,11.4984083782617,14.7938066545543,13.2793291093842,7.2529524750126,2.94883041988061,0.836447622064143,0,0,0,8.3982383112133,37.5426884669381,98.2824725726574,205.237385431221,268.407880733277,256.119864262149,158.548211810123,83.3565475863106,57.4310374393846,96.1826209675216,147.281320641568,165.368847172551,124.119018947265,83.0621154309421,75.3286586745213,99.3949032709642,123.544524799931,148.850866155197,168.921960697214,151.249515789418,101.297251120124,75.8949851157894,128.803641985534,267.490901983662,444.237759662417,463.994586462452,347.325137761636,223.722764119576,283.2382099235,565.392742923614,1087.97468422622,1368.439252355,1257.4710858638,794.716388125866,484.703082610493,348.113062223271,258.346240451689,184.432423981547,103.593928309351,41.3660015139871,16.2522146283746,4.59499413155888,0.889912156819962,0,0,0,0.197005699709388,0.926331962157244,3.69092602507124,7.86071352727384,11.6799930442373,11.6799930442373,7.86071352727383,3.69092602507124,0.926331962157244,0.197005699709388,0,0,1.222007578916,9.10435904060919,37.483460565799,82.1496322350869,125.767548393632,130.579059118804,90.8011970636375,44.1085971990592,11.550647498945,2.5486718135037,0,0,0,0,0,0,0,0,0,0,0,0,0,0,4.07255543596981,16.5812190721435,55.5826261813108,102.568185842808,136.431656023016,138.219813631784,146.737743099204,199.370067568854,279.519837256796,285.168329150829,246.692071372212,210.781676276045,210.634894730948,216.299470981234,196.097516894366,144.533283463281,79.824385666897,25.0380292474739,6.60875866006324,0,0,0,0,0,0,0,0
0,0,0,0,0,0,0,0,0,0,0,0,0,0,0,0,0,0,0,0,0,0,0,0,0,0,0,0,0,1.10761452248767,4.50960074911347,12.8097759293353,27.877185321758,35.8666761656289,32.1949183185023,17.5843380774406,7.14925834890867,2.02791591715505,0,0.13157569805243,0.498489405582561,6.42675283106949,24.2618561037274,59.5548205152311,119.58383671183,153.82330655071,145.39759604605,89.408283962581,53.8991329170947,57.1695728686031,124.34009507672,195.02826636197,217.896466123397,157.623261444096,89.320144967367,54.8880203292306,59.2970634803135,85.9067773537201,128.92273726473,169.781282743626,157.410044257772,104.583750623366,84.8376970779478,158.722146476576,337.83984509077,562.972122491197,585.422068658788,429.381189106523,231.984957967759,225.656483668972,425.778051233485,833.181435019641,1056.1077271101,967.069298148072,598.271341769324,353.080430641783,247.623013776036,181.550975030559,127.938245110557,69.1385790206594,25.5809756758324,9.41751835600055,2.45608219973076,0.475669248993798,0,0,0,0.438093632716014,2.05994108292837,8.2077381151652,17.4803498070528,25.9735154383651,25.9735154383651,17.4803498070528,8.2077381151652,2.05994108292837,0.438093632716014,0,0,0.682014106584625,5.00198147729925,20.5756213793901,45.0605830844857,68.9339352597046,71.5057483039793,49.6849533811265,24.1168402993399,6.30955344929805,1.39113283846968,0,0,0,0,0,0,0,0,0,0,0,0,0,0,2.58744440836666,10.534658949806,35.3136888070179,65.1480276695446,88.053410493492,96.4202687876884,119.792447258146,183.687641920849,271.49015213898,284.831104081043,255.377885204217,223.295655801619,206.067693924955,178.713987141034,130.617956294216,85.7070646819387,44.5988909613776,13.3831417822064,3.53246468712925,0,0,0,0,0,0,0,0
0,0,0,0,0,0,0,0,0,0,0,0,0,0,0,0,0,0,0,0,0,0,0,0,0,0,0,0,0,2.35893117358149,9.60427799700382,27.281494737389,59.3711622158108,76.3867020358577,68.5668117476947,37.4500716770192,15.2260628989867,4.31893404903636,0,0.333079878497694,1.26191077152914,6.38530233702303,17.6109281963269,36.4205967381908,64.9237136191496,79.4889680277077,73.3029120037806,44.4532756810535,34.8303879994292,57.204847570366,143.153538573928,226.862589991512,253.029532488538,180.688259907939,95.7684449229511,46.0487100995465,39.3492449052324,65.1867673617324,113.458591768947,161.240097996657,152.548742894748,102.03044355991,89.0710362038534,175.165099154312,376.01690396907,627.177823776753,651.096028512502,473.933895071063,231.289298575825,172.863102946195,289.670034689148,565.938932192652,721.179985207198,659.382464184362,403.147639661902,233.264192671266,160.611943721961,115.901327218712,80.4569085582738,41.9509692417191,14.3787215895024,4.92254078423101,1.15323089681967,0.223346138279406,0,0,0,0.855796539897797,4.02400381907898,16.0334534784232,34.1470904024213,50.7381139126113,50.7381139126113,34.1470904024213,16.0334534784232,4.02400381907898,0.855796539897797,0,0,0.334370728092734,2.41510874079853,9.92595768672185,21.7218737092298,33.2054614076321,34.413032662302,23.8932044183591,11.5887045896293,3.0290671816397,0.667330932443007,0,0,0,0,0,0,0,0,0,0,0,0,0,0,1.4440774484189,5.87949382294259,19.7089071602078,36.3455099506366,50.3271955133586,61.2222071369928,89.7205591994927,151.576111907508,233.427918870336,251.851676427059,236.118299622518,216.862127190473,194.661039128831,150.846836009686,88.859118298266,49.2610106006823,23.0020750981557,6.28393162144594,1.65863643308373,0,0,0,0,0,0,0,0
0,0,0,0,0,0,0,0,0,0,0,0,0,0,0,0,0,0,0,0,0,0,0,0,0,0,0,0,0,4.41323783892348,17.9682915494157,51.0399481874828,111.075330457338,142.909080006516,128.279133994333,70.0639659377958,28.4858827914065,8.08013535218298,0,0.74069011287956,2.8061882213468,9.75474358611429,19.6793191976724,30.3360386544726,39.5910757120742,40.8374497380946,34.2828058020842,19.772957682118,23.5103102394136,54.4320692192482,145.64081460845,231.816127548906,258.375406866905,183.534881418278,94.5056300942403,39.4977505150408,26.6682870227537,48.2503310850779,92.2954482401335,136.587657396487,130.524702294407,87.5817185863635,82.489196472065,169.995943586536,367.678722469441,613.776043071969,636.692046151217,461.839602009339,212.176951008852,125.736738737111,177.098497846039,339.690945635817,434.574161079985,396.898835833303,240.397737080476,136.501544201858,91.8865942254814,64.939325192587,44.4742672105726,22.5048153222194,7.21266779573097,2.29813477884551,0.475669248993798,0.0921228265337076,0,0,0,1.46855273509868,6.9052181669976,27.5135161934959,58.5966414542017,87.0669516483581,87.0669516483581,58.5966414542017,27.5135161934959,6.9052181669976,1.46855273509868,0,0,0.144005334174907,1.02478054017806,4.20819632441904,9.2024875209882,14.0571210659323,14.5552038986065,10.0980889574196,4.89402391779511,1.27801790250827,0.281340303941054,0,0,0,0,0,0,0,0,0,0,0,0,0,0,0.707987156260104,2.8825366094537,9.66267643652189,17.8190956869718,25.618348201429,35.8118932048442,61.681797068177,111.997924158216,178.005256704293,197.563455556978,194.763185498565,189.944315846346,170.678079409946,124.658277867465,62.4527853641002,28.7707279482557,11.4193402332469,2.59191203023151,0.68413216178517,0,0,0,0,0,0,0,0
0,0,0,0,0,0,0,0,0,0,0,0,0,0,0,0,0,0,0,0,0,0,0,0,0,0,0,0,0,7.2529524750126,29.5300569381668,83.8817965499042,182.547173380964,234.864469889497,210.820829593817,115.146890719511,46.8152321800196,13.2793291093842,0,1.44690538369394,5.48176460644267,17.299703814932,30.8281690041757,39.5387858794292,36.7610313463338,27.3791592974062,17.5680612959226,8.41163326399599,16.501854589001,47.3310187365252,130.489662144895,208.084553385535,231.860032021523,164.347882185251,83.6156374140872,32.5539208367359,18.035302232393,33.6154109352937,67.8002287283645,102.413901517729,98.3457305605672,66.0923032675177,67.3808284601008,145.064383602056,315.855430144537,527.648377898335,547.154708757038,396.235354956767,175.601218410032,86.1780424706237,96.9585223567678,178.946110989421,229.91324590956,209.976033490764,126.352951376661,70.814076928933,47.02257495789,32.8808835457746,22.356275631478,11.0710658548676,3.34543528292821,0.988374451160146,0.172349218341066,0.033378859739283,0,0,0,2.21372669322558,10.4090683388375,41.4744419906334,88.3297863401675,131.246519348725,131.246519348725,88.3297863401675,41.4744419906334,10.4090683388375,2.21372669322558,0,0,0.0544809087301636,0.382139698648774,1.56791124024067,3.42624722383502,5.22988278981086,5.41035312095396,3.75075045342279,1.81640712237965,0.473895181149882,0.104241482364382,0,0,0,0,0,0,0,0,0,0,0,0,0,0,0.304912836151443,1.24143835820658,4.16147955654606,7.67425080459004,11.6597383251112,19.268628399915,38.3031394307617,73.2342896132401,119.711204653071,137.128754281708,142.940225921771,148.549202728315,135.340988163947,96.3798058115972,43.8715145545452,17.3834383066057,5.72803561222111,0.939127373409482,0.247881576484241,0,0,0,0,0,0,0,0
0,0,0,0,0,0,0,0,0,0,0,0,0,0,0,0,0,0,0,0,0,0,0,0,0,0,0,0,0,10.4709904985683,42.6321483129791,121.09902797555,263.540913110596,339.070694470521,304.359212497572,166.236026337894,67.5865246648268,19.1711898583042,0,2.48289956735101,9.40674568153769,28.9227087830361,49.6315667446643,59.419773465651,45.8523777921637,24.8641512585161,9.4067456815377,1.82180370604176,10.3350858906907,36.4355338728079,102.754690684098,164.07842319828,182.79119743061,129.378795884737,65.283838126737,24.0808700824245,10.8221565351855,20.5731697663078,43.8155066729616,67.4905635169395,65.1041169983218,43.8155066729616,48.540783726033,108.835158319611,238.375552106856,398.469162347029,413.075386793388,298.756873619465,129.176930843147,54.518123540529,47.215252033557,82.4822247248806,106.896689757535,97.7843760183885,58.5203888728401,32.3772671935985,21.1381149871773,14.4935125780208,9.63109207696614,4.4889640845461,1.12661995397503,0.239601526673581,0,0,0,0,0,2.93139195994656,13.7835710850748,54.9199890694113,116.965308451914,173.795163046633,173.795163046633,116.965308451914,54.9199890694113,13.7835710850748,2.93139195994656,0,0,0,0,0,0,0,0,0,0,0,0,0,0,0,0,0,0,0,0,0,0,0,0,0,0,0.115356340736972,0.469667948587439,1.57439437366435,2.90336576803076,4.77629252154226,9.53066810714516,21.3315277571828,42.2748292921321,71.0143825673849,84.3003345372964,93.2369668746955,102.888117768077,94.910090749001,66.1449506279273,27.4396154447834,8.98887577975743,2.0544081227912,0,0,0,0,0,0,0,0,0,0
0,0,0,0,0,0,0,0,0,0,0,0,0,0,0,0,0,0,0,0,0,0,0,0,0,0,0,0,0,13.2793291093842,54.0661676816088,153.578006544245,334.223063182201,430.01006865942,385.988904371642,210.820829593817,85.713352954189,24.3129376902517,0,3.7427740369663,14.1799225277431,43.5986879756788,74.8156477485213,89.5705925177348,69.118820346316,37.4807346238588,14.1799225277431,2.74622449537771,7.15881528119065,25.2378412163892,71.1752043150345,113.652381385967,126.61417924084,89.6169524702227,45.2202277697014,16.5594156508761,6.75536850884424,11.9889787271093,25.5334099405493,39.3300079412322,37.9393104031238,25.5334099405493,30.8353591474297,71.7832385733117,158.046180633573,264.338402752222,274.027950665164,198.190781737431,84.8762678858331,32.8370654616659,21.800465040404,33.8327653928278,43.6237510670582,39.5179689173243,23.1142559262798,12.4531915811507,8.07267432799007,5.61152185977664,3.77659178602869,1.77326407593406,0.44504581769591,0.094649182258311,0,0,0,0,0,3.40988096094488,16.0334534784232,63.8845393798858,136.05747161444,202.163622495515,202.163622495515,136.05747161444,63.8845393798858,16.0334534784232,3.40988096094488,0,0,0,0,0,0,0,0,0,0,0,0,0,0,0,0,0,0,0,0,0,0,0,0,0,0,0,0,0,0,0.532816580330288,3.27010455694328,9.98238419411984,21.2598849004696,37.122702820818,45.9428241664751,54.1110689483496,63.3870414995445,59.8609767767917,42.521524753788,19.3571181451774,9.01208079970325,5.25739579417712,3.0497539580155,1.6537756025886,0.625665696212111,0.121172626824551,0,0,0,0,0,0
0,0,0,0,0,0,0,0,0,0,0,0,0,0,0,0,0,0,0,0,0,0,0,0,0,0,0,0,0,14.7938066545543,60.232292207383,171.093231931565,372.34044999429,479.051747483507,430.01006865942,234.864469889497,95.4887676081288,27.0857734175466,0,4.95613923499893,18.7768937410809,57.7328916831651,99.0700383020864,118.608370020401,91.5263636040617,49.6315667446643,18.7768937410809,3.63651955347236,4.35595774130029,15.3565870192356,43.3083087140557,69.1545948693732,77.0415204973397,54.5296452738589,27.5153630146512,10.0141933747934,3.73123164573077,6.13731768971813,13.0708921980665,20.1335542391674,19.4216376701288,13.0708921980665,17.2700492142737,41.6184187279331,92.0558068618447,154.042742239189,159.68930935175,115.495331694123,49.1652014143061,17.9293897869087,9.27746977595882,12.2586244162413,15.7718975964992,14.1572905306925,7.73248065081058,3.14379202715082,0.891749266979206,0,0,0,0,0,0,0,0,0,0,3.48433560508394,16.3835434336823,65.2794562992726,139.028282251977,206.577858870088,206.577858870088,139.028282251977,65.2794562992726,16.3835434336823,3.48433560508394,0,0,0,0,0,0,0,0,0,0,0,0,0,0,0,0,0,0,0,0,0,0,0,0,0,0,0,0,0,0,0.239601526673581,1.4705286455991,4.4889640845461,9.56032726290061,17.1680355442823,22.2161741718825,27.8948869867746,34.485825173213,33.4816962340887,24.9784863769191,14.8145725192973,12.21939007433,12.4225984814564,12.2436385817054,12.0842261937002,11.5771932350674,8.66891599000441,4.86514919105784,1.97802205119564,0.417653716745254,0,0,0
0,0,0,0,0,0,0,0,0,0,0,0,0,0,0,0,0,0,0,0,0,0,0,0,0,0,0,0,0,14.4776868157192,58.9452250616589,167.437244925181,364.384133828174,468.815182632798,420.821445556774,229.845794162332,93.448326325387,26.5069940318605,0,5.76512627725256,21.841832599747,67.1565900638912,115.241169390573,137.968728940855,106.466146097944,57.7328916831651,21.841832599747,4.23010602434593,2.32831424042701,8.20828905254019,23.1488361220062,36.9640013948478,41.1796624143924,29.146781754283,14.7073078625431,5.32492545552483,1.82385085511143,2.75988162235057,5.87783083570926,9.05382923721985,8.73368849253784,5.87783083570926,8.52634457548265,21.2091763938629,47.1042082767584,78.8565288534147,81.7470816698726,59.1235966315801,24.9189886919881,8.16314989399914,1.86568841985338,0,0,0,0,0,0,0,0,0,0,0,0,0,0,0,0,3.12763579434848,14.7063207133899,58.5966414542017,124.795622833695,185.429986933302,185.429986933302,124.795622833695,58.5966414542017,14.7063207133899,3.12763579434848,0,0,0,0,0,0,0,0,0,0,0,0,0,0,0,0,0,0,0,0,0,0,0,0,0,0,0,0,0,0,0.094649182258311,0.580899194281818,1.77326407593406,3.7765917860287,7.01441968686858,9.53896175852447,12.7654675657861,16.5553445479283,17.1072968326148,15.2525306298668,16.5768240993609,22.565876706831,27.6380289680633,28.8576326324466,28.8493813481859,27.8986729712462,20.9844235089943,11.7952555828099,4.79559304885643,1.01257579997246,0,0,0
0,0,0,0,0,0,0,0,0,0,0,0,0,0,0,0,0,0,0,0,0,0,0,0,0,0,0,0,0,12.4461162182223,50.6737803466038,143.94173849203,313.252202194183,403.029042013785,361.769990274495,197.592854633931,80.335259675691,22.7874198769144,0,5.89100762921348,22.3187483314646,68.6229521076307,117.757456720077,140.981271822342,108.79083106829,58.9934875674853,22.3187483314646,4.32247025709201,1.0932386220054,3.85412692883554,10.8693239355911,17.356108229316,19.335533241553,13.6856043603034,6.90568167383922,2.48929335787348,0.789004705507816,1.09022902446316,2.32190457955838,3.57651115794721,3.45004677304786,2.32190457955838,3.70999385343056,9.49966251690094,21.1741719538598,35.4608797829548,36.7607283487119,26.5872056882654,11.2057844184595,3.67087521160664,0.838978759664321,0,0,0,0,0,0,0,0,0,0,0,0,0,0,0,0,2.46619723148979,11.5961991144555,46.204508590827,98.403599322732,146.214888970268,146.214888970268,98.4035993227319,46.204508590827,11.5961991144555,2.46619723148979,0,0,0,0,0,0,0,0,0,0,0,0,0,0,0,0,0,0,0,0,0,0,0,0,0,0,0,0,0,0,0,0,0,0,0.515606082194567,1.69145277248728,3.87129001364526,6.50120658643185,8.80685001542344,12.7066918839129,26.1363176804145,43.5800488509478,56.0708643908738,59.7738249256345,60.5277341526229,59.0711534741487,44.624404692918,25.1208299726508,10.2133672943821,2.15652338577553,0,0,0
0,0,0,0,0,0,0,0,0,0,0,0,0,0,0,0,0,0,0,0,0,0,0,0,0,0,0,0,0,9.39905003347581,38.2677928208453,108.701829411755,236.561596396546,304.359212497572,273.201228365656,149.21804476183,60.6675296859748,17.2085890732211,0,5.28793101876425,20.0339244201083,61.5978555603334,105.702342837404,126.548680167594,97.653652205499,52.9541824502505,20.0339244201084,3.87996858751555,0.45092443823211,1.58969870372165,4.48323329505921,7.15881528119066,7.97526202364864,5.64485496013355,2.84836317223557,1.00274827335932,0.178127535043221,0,0,0,0,0,1.11096622639646,3.69712271025361,8.58863969313188,14.9931679439984,16.619603658977,13.6201884497018,7.54410468942982,3.54820305500092,1.31656635645117,0.247247676497728,0.052582879032395,0,0,0,0,0,0,0,0,0,0,0,0,0,0,1.70826354168202,8.03235196130002,32.0045276505981,68.1613290887373,101.278827536478,101.278827536478,68.1613290887373,32.0045276505981,8.03235196130002,1.70826354168202,0,0,0,0,0,0,0,0,0,0,0,0,0,0,0,0,0,0,0,0,0,0,0,0,0,0,0,0,0,0,0,0,0,0,0.195066995717262,0.639919935238893,1.46460823211751,2.45957307554411,6.25390712722498,15.8777841338817,43.9263075460247,77.259036767205,100.757883479254,108.808756829447,111.601531361973,109.894513922781,83.3661760273646,46.9976397031305,19.107814382713,4.03456053030078,0,0,0
0,0,0,0,0,0,0,0,0,0,0,0,0,0,0,0,0,0,0,0,0,0,0,0,0,0,0,0,0,6.23518733194572,25.3862737370513,72.1111460513055,156.931377514025,201.907288435196,181.237554019872,98.98898921518,40.2459196632815,11.4159171626761,0,4.16962897737331,15.7971107217869,48.571020041113,83.3482036938683,99.7859166473125,77.0016659705856,41.7553279031383,15.797110721787,3.05942520740062,0.163383432131855,0.575995462317144,1.62440972519998,2.59385323009891,2.8896763428551,2.04530005268512,1.03204730456032,0.363325738361079,0.0645409420404224,0,0,0,0,0,0,0.1331119592631,0.62589997443057,2.49386893585894,5.31129292383367,7.89188719205226,7.89188719205226,5.31129292383367,2.49386893585894,0.62589997443057,0.1331119592631,0,0,0,0,0,0,0,0,0,0,0,0,0,0,1.03943508894858,4.88748268147157,19.4739442911139,41.4744419906334,61.6256008164472,61.6256008164472,41.4744419906334,19.4739442911139,4.88748268147157,1.03943508894858,0,0,0,0,0,0,0,0,0,0,0,0,0,0,0,0,0,0,0,0,0,0,0,0,0,0,0,0,0,0,0,0,0,0,0,0,0,0,5.83025604464648,22.0885840858838,67.9152712929718,121.408220776944,159.335616347674,174.068936698596,180.834450058024,179.631417797768,136.81960344095,77.2384493303717,31.4028100631407,6.63061381504224,0,0,0
0,0,0,0,0,0,0,0,0,0,0,0,0,0,0,0,0,0,0,0,0,0,0,0,0,0,0,0,0,3.63354452091581,14.7938066545543,42.0226443380838,91.4514859889409,117.661119477181,105.615867869617,57.6856604694138,23.4532393489613,6.65260577579573,0,2.88818147771779,10.942202012627,33.6437417328613,57.7328916831651,69.118820346316,53.3368284364133,28.9227087830361,10.942202012627,2.11917541450986,0,0,0,0,0,0,0,0,0,0,0,0,0,0,0,0.296009211294604,1.39185208305971,5.54576899673325,11.8110471669276,17.5496725934899,17.5496725934899,11.8110471669276,5.54576899673325,1.39185208305971,0.296009211294604,0,0,0,0,0,0,0,0,0,0,0,0,0,0,0.555591138236355,2.61242101116292,10.4090683388375,22.1686112757673,32.9396593073864,32.9396593073864,22.1686112757673,10.4090683388375,2.61242101116292,0.555591138236355,0,0,0,0,0,0,0,0,0,0,0,0,0,0,0,0,0,0,0,0,0,0,0,0,0,0,0,0,0,0,0,0,0,0,0,0,0,0,8.06118781994753,30.8815062389516,95.5168358784551,172.13143787949,228.326113456447,252.825980523265,263.797857368679,261.395878151523,198.281569519255,111.758164104435,45.3358169562418,9.57252849734998,0,0,0
0,0,0,0,0,0,0,0,0,0,0,0,0,0,0,0,0,0,0,0,0,0,0,0,0,0,0,0,0,1.86005977424667,7.57314641604658,21.5119506285954,46.8152321800197,60.232292207383,54.0661676816089,29.5300569381668,12.006025201471,3.40555739065496,0,1.75738526166476,6.65805272123837,20.4713645332654,35.1290020173712,42.0570511643379,32.4541088990577,17.5987355832271,6.65805272123837,1.28946455375954,0,0,0,0,0,0,0,0,0,0,0,0,0,0,0.0792248710754751,0.950760737926259,3.94097788195335,13.994561711124,27.7694100107904,39.1517354347267,37.4436565990889,24.5566460880185,11.319648652847,2.79814637045316,0.578240905336349,0,0,0,0,0,0,0,0,0,0,0,0,0,0,0.260872729212242,1.22663835351447,4.88748268147157,10.4090683388375,15.4665152689742,15.4665152689742,10.4090683388374,4.88748268147157,1.22663835351447,0.260872729212242,0,0,0,0,0,0,0,0,0,0,0,0,0,0,0,0,0,0,0,0,0,0,0,0,0,0,0,0,0,0,0,0,0,0,0,0,0,0,9.79097377474678,37.9204230875472,117.965702273587,214.247156866304,287.09578024699,322.014162386186,337.497031304621,333.810998763799,252.32100955446,142.021020392111,57.4949651503408,12.139897972656,0,0,0
0,0,0,0,0,0,0,0,0,0,0,0,0,0,0,0,0,0,0,0,0,0,0,0,0,0,0,0,0,0.836447622064143,3.40555739065496,9.67367834000783,21.0522748653158,27.0857734175466,24.485095824232,14.0271873469525,7.11062290210863,4.26459944451789,2.97980588478967,3.09448987068934,4.64628761773153,11.239761284416,18.8449009312962,22.4800232123153,17.3471297009159,9.4067456815377,3.55881298328335,0.68923503425632,0,0,0,0,0,0,0,0,0,0,0,0,0,0,0.200555351956405,1.93528798969522,7.75928652131157,26.5925616494967,51.4827686762518,71.1553190202408,66.8313693892685,43.3497545035872,19.8211005846444,4.86624330263046,0.99226536155316,0,0,0,0,0,0,0,0,0,0,0,0,0,0,0.172804062620371,0.812534493326858,3.23750537626283,6.89504534443218,10.2451363204173,10.2451363204173,6.89504534443217,3.23750537626283,0.812534493326858,0.172804062620371,0,0,0,0,0,0,0,0,0,0,0,0,0,0,0,0,0,0,0,0,0,0,0,0,0,0,0,0,0,0,0,0,0,0,0,0,0,0,10.4464365249823,41.337122896639,130.021670432648,239.238334818809,325.576348839856,370.16128116701,386.866836585345,378.53783066031,283.266218628948,158.833935959154,64.0521362968107,13.5244259656591,0,0,0
0,0,0,0,0,0,0,0,0,0,0,0,0,0,0,0,0,0,0,0,0,0,0,0,0,0,0,0,0,0.330419778744296,1.3452886825649,3.82136857399513,8.31622664656021,10.699624248627,10.0593307887542,7.22245769493519,6.65702100656137,7.82931740765132,7.87629928019011,6.13759598798156,4.54544885739351,5.92432700693127,8.99627678984809,10.5552889608121,8.14518583475233,4.41685125997144,1.67100803416727,0.323623996282405,0,0,0,0,0,0,0,0,0,0,0,0,0,0,0.44598721168387,3.59281841768311,13.9125787766799,45.8185826801304,86.1237947752055,116.090823159415,106.475391705868,68.0379133560921,30.760470244438,7.47914149468215,1.49576127920647,0,0,0,0,0,0,0,0,0,0,0,0,0,0,0.20404600117079,0.959435858524398,3.82282693924055,8.14162820647022,12.097395546905,12.097395546905,8.14162820647022,3.82282693924055,0.959435858524398,0.20404600117079,0,0,0,0,0,0,0,0,0,0,0,0,0,0,0,0,0,0,0,0,0,0,0,0,0,0,0,0,0,0,0,0,0,0,0,0,0,0,9.79097377474677,40.3862143092262,129.643772441703,243.774411234863,339.658145501616,391.571996587542,403.26496471337,384.533592136383,281.586285052734,156.591872761469,62.6834452306094,13.2354307491854,0,0,0
0,0,0,0,0,0,0,0,0,0,0,0,0,0,0,0,0,0,0,0,0,0,0,0,0,0,0,0,0,0,0,0,0,0,1.05660206387491,4.5898996407053,10.5050716944153,16.7744711966836,18.2882386967326,13.4088958547068,7.36349384854623,3.94541349823198,4.05390638195633,4.35370435074907,3.35961726278429,1.82180370604176,0.68923503425632,0.133484095589658,0,0,0,0,0,0,0,0,0,0,0,0,0,0,0.871216297373433,6.07717863560285,22.7518752603242,71.8704540151302,130.68292798215,170.974837682857,152.191517513253,95.352958350949,42.4550972112319,10.1844400035051,1.98067024320713,0,0,0,0,0,0,0,0,0,0,0,0,0,0,0.367051422005309,1.72589658299404,6.87675355594923,14.6456984869902,21.7615940159275,21.7615940159275,14.6456984869902,6.87675355594923,1.72589658299404,0.367051422005309,0,0,0,0,0,0,0,0,0,0,0,0,0,0,0,0,0,0,0,0,0,0,0,0,0,0,0,0,0,0,0,0,0,0,0,0,0,0,8.06118781994753,35.950976748605,119.526018734827,232.509377298511,335.055752266201,391.358248372425,390.762572866556,355.064463748322,249.51984287553,136.51143203501,53.8874375602372,11.3781788071102,0,0,0
0,0,0,0,0,0,0,0,0,0,0,0,0,0,0,0,0,0,0,0,0,0,0,0,0,0,0,0,0,0,0,0,0,0,2.15514532841901,9.36199266193106,21.4271360628406,34.214795212166,37.3024183274179,27.0448991713049,13.8631789269065,4.49280835553383,2.16896155485959,1.57747750843041,1.21728997699738,0.66009405773306,0.249730500045218,0.048365286561002,0,0,0,0,0,0,0,0,0,0,0,0,0,0,1.49501314474009,9.33361013460896,33.8942327979537,102.817666106452,180.566449615743,228.481785328075,196.249479022418,119.93997928782,52.3407119773469,12.3284276571882,2.30397362226005,0,0,0,0,0,0,0,0,0,0,0,0,0,0,0.717018722617073,3.37146265922833,13.4334339954357,28.6097243912179,42.5103116565122,42.5103116565122,28.6097243912178,13.4334339954357,3.37146265922833,0.717018722617073,0,0,0,0,0,0,0,0,0,0,0,0,0,0,0,0,0,0,0,0,0,0,0,0,0,0,0,0,0,0,0,0,0,0,0,0,0,0,5.83025604464648,29.8992975223718,104.907072858494,213.832934377641,321.327873494394,379.298138194815,361.308904359461,304.464959715393,199.371406693263,105.823798487605,40.6946804066415,8.59256574683811,0,0,0
0,0,0,0,0,0,0,0,0,0,0,0,0,0,0,0,0,0,0,0,0,0,0,0,0,0,0,0,0,0,0,0,0,0,3.86150946082617,16.7744711966836,38.3923476222213,61.3048009662214,66.8370895380353,48.3399412083473,24.392071941319,6.67425881428991,1.52540227027789,0,0,0,0,0,0,0,0,0,0,0,0,0,0,0,0,0,0,0,2.25361366067108,12.9508999339633,45.8323150720701,134.029054764724,227.549350047786,278.088591961155,229.500948393653,136.159757782341,57.9390526301968,13.3235754401862,2.3542808142459,0,0,0,0,0,0,0,0,0,0,0,0,0,0,1.23040904832592,5.78545305883583,23.051864918875,49.0944833805474,72.947986516192,72.9479865161919,49.0944833805474,23.051864918875,5.78545305883583,1.23040904832592,0,0,0,0,0,0,0,0,0,0,0,0,0,0,0,0,0,0,0,0,0,0,0,0,0,0,0,0,0,0,0,0,0,0,0,0,0,0,3.70417631859052,23.9392516310073,90.0621420232311,193.614087171146,303.681337040007,360.843819011875,325.289609853629,248.665306756187,146.252567246328,73.6681317433022,26.9962341774275,5.70017787997486,0,0,0
0,0,0,0,0,0,0,0,0,0,0,0,0,0,0,0,0,0,0,0,0,0,0,0,0,0,0,0,0,0,0,0,0,0,6.07789342058319,26.4024856482606,60.428337514397,96.4918123916857,105.199459142913,76.08553432334,38.3923476222213,10.5050716944153,2.40093479410538,0,0,0,0,0,0,0,0,0,0,0,0,0,0,0,0,0,0,0,2.98420983309875,16.1451911458522,55.9686199802593,158.665116793976,261.247974205375,308.702533699504,244.363323198774,140.230905201537,57.9075927635511,12.9209130178217,2.11326742861384,0,0,0,0,0,0,0,0,0,0,0,0,0,0,1.85474398621602,8.72111131091787,34.7488568029631,74.0060372039241,109.963299994877,109.963299994877,74.0060372039241,34.7488568029631,8.72111131091787,1.85474398621602,0,0,0,0,0,0,0,0,0,0,0,0,0,0,0,0,0,0,0,0,0,0,0,0,0,0,0,0,0,0,0,0,0,0,0,0,0,0,2.06733619835356,18.8676046946652,76.3453091126897,172.309258072731,279.986004287471,333.639823829154,285.837909561103,197.26621275323,100.883555177536,46.7915182780666,15.7320082875749,3.32176869777622,0,0,0
0,0,0,0,0,0,0,0,0,0,0,0,0,0,0,0,0,0,0,0,0,0,0,0,0,0,0,0,0,0,0,0,0,0,8.40358297092854,36.5053256828283,83.551078137988,133.414144562442,145.453748894374,105.199459142913,53.0830760538592,14.5248090893804,3.31964602763926,0,0,0,0,0,0,0,0,0,0,0,0,0,0,0,0,0,0,0,3.47132025753848,17.9886940128249,61.3809431340889,169.728220150844,272.295128749532,312.144055038261,237.302801488304,131.524530622811,52.5241179503467,11.3065899294679,1.66634948073635,0,0,0,0,0,0,0,0,0,0,0,0,0,0,2.45603110157684,11.5483973956032,46.0140448959933,97.997961135387,145.612163633665,145.612163633665,97.997961135387,46.0140448959933,11.5483973956032,2.45603110157684,0,0,0,0,0,0,0,0,0,0,0,0,0,0,0,0,0,0,0,0,0,0,0,0,0,0,0,0,0,0,0,0,0,0,0.313237586863527,1.10429451937916,2.71612623549854,4.97291748540725,6.55361943651112,18.9454062594657,64.9318749985771,148.004884558873,245.381242973146,292.340508306486,240.989263805156,152.390216514945,66.9969396654338,27.7322289193903,8.05342431209783,1.70045758308969,0,0,0
0,0,0,0,0,0,0,0,0,0,0,0,0,0,0,0,0,0,0,0,0,0,0,0,0,0,0,0,0,0,0,0,0,0,10.2068407683876,44.3387121578676,101.479637141885,162.042421013787,176.665507946531,127.773371442487,64.4737496675282,17.6415719437055,4.03198237332099,0,0,0,0,0,0,0,0,0,0,0,0,0,0,0,0,0,0,0,3.54711642679716,17.8329745372275,60.1421064062945,163.157977191606,256.354934540317,286.440346554536,209.964936573957,112.510614806064,43.3947270850901,8.97438126551339,1.15423212275812,0,0,0,0,0,0,0,0,0,0,0,0,0,0,2.85692729160247,13.4334339954357,53.5248843453097,113.994097839125,169.380332361107,169.380332361107,113.994097839125,53.5248843453097,13.4334339954357,2.85692729160247,0,0,0,0,0,0,0,0,0,0,0,0,0,0,0,0,0,0,0,0,0,0,0,0,0,0,0,0,0,0,0,0,0,0,0.759425302309092,2.67729427880942,6.58508133764235,12.0565331974638,13.8680657700936,21.3774154507199,53.8514073948104,119.122981182489,198.72751117849,236.306690228794,189.943580634919,112.79423009642,43.3407072758691,15.7196053574205,3.62153287146699,0.764676340776396,0,0,0
0,0,0,0,0,0,0,0,0,0,0,0,0,0,0,0,0,0,0,0,0,0,0,0,0,0,0,0,0,0,0,0,0,0,10.8901439898219,47.3069944637458,108.273253750836,172.890450369812,188.49248883469,136.327238236469,68.7899844208144,18.8225978080097,4.30190590862192,0,0,0,0,0,0,0,0,0,0,0,0,0,0,0,0,0,0,0,3.18398959244485,15.6736204710289,52.4159048885338,140.202263081451,216.79433939424,237.329550531953,168.683112085054,87.6757084110117,32.6994647476416,6.48634275560132,0.702321006046337,0,0,0,0,0,0,0,0,0,0,0,0,0,0,2.91930820966492,13.7267526065987,54.6935985210122,116.483155400305,173.078746620884,173.078746620884,116.483155400305,54.6935985210122,13.7267526065987,2.91930820966492,0,0,0,0,0,0,0,0,0,0,0,0,0,0,0,0,0,0,0,0,0,0,0,0,0,0,0,0,0,0,0,0,0,0,1.6173785944951,5.70194125023783,14.0245124387191,25.6772834116881,28.7708634242925,29.8704227342384,45.3451089673008,88.7902021542591,145.885557552349,172.658149778108,136.708249940572,78.0131701150292,27.1042445047245,8.66305635819928,1.43060492795992,0.302068151866847,0,0,0
0,0,0,0,0,0,0,0,0,0,0,0,0,0,0,0,0,0,0,0,0,0,0,0,0,0,0,0,0,0,0,0,0,0,10.2068407683876,44.3387121578676,101.479637141885,162.042421013787,176.665507946531,127.773371442487,64.4737496675281,17.6415719437055,4.03198237332099,0,0,0,0,0,0,0,0,0,0,0,0,0,0,0,0,0,0,0,2.51063321764276,12.1805390567676,40.4920706417656,107.209791431365,163.828182876782,176.562118477429,122.433163707412,62.0158136616757,22.4418961069435,4.2757825495096,0.375399417727267,0,0,0,0,0,0,0,0,0,0,0,0,0,0,2.62045161148116,12.3215119490564,49.0944833805474,104.558494806609,155.360259322497,155.360259322497,104.558494806609,49.0944833805474,12.3215119490564,2.62045161148116,0,0,0,0,0,0,0,0,0,0,0,0,0,0,0,0,0,0,0,0,0,0,0,0,0,0,0,0,0,0,0,0,0,0,3.02589430884219,10.6675528148889,26.2379460919317,48.0386880390302,53.5173921012055,46.2471767925625,41.1413275731579,60.9080250889537,94.6245021328516,110.508927415148,85.8924823430672,46.5765086955302,13.8945448848882,3.41267454793738,0,0,0,0,0
0,0,0,0,0,0,0,0,0,0,0,0,0,0,0,0,0,0,0,0,0,0,0,0,0,0,0,0,0,0,0,0,0,0,8.40358297092854,36.5053256828283,83.551078137988,133.414144562442,145.453748894374,105.199459142913,53.0830760538592,14.5248090893804,3.31964602763926,0,0,0,0,0,0,0,0,0,0,0,0,0,0,0,0,0,0,0,1.73904306495557,8.35334438124162,27.6538287643443,72.6918143075467,110.136825558872,117.333371777525,79.8398092991025,39.614340089463,13.9755432652862,2.56785276327616,0.176265357575839,0,0,0,0,0,0,0,0,0,0,0,0,0,0,2.06627335611307,9.71573439319247,38.7118855760983,82.4462588920187,122.504366434549,122.504366434549,82.4462588920186,38.7118855760983,9.71573439319247,2.06627335611307,0,0,0,0,0,0,0,0,0,0,0,0,0,0,0,0,0,0,0,0,0,0,0,0,0,0,0,0,0,0,0,0,0,0,4.97291748540725,17.5316301579497,43.1208520801462,78.949364168878,87.9533611520337,71.0716873766887,44.2490712734697,42.6313910444659,56.8952849417493,64.3988843229018,50.0536939774862,27.1423790440021,8.09702174920053,1.9887301287317,0,0,0,0,0
0,0,0,0,0,0,0,0,0,0,0,0,0,0,0,0,0,0,0,0,0,0,0,0,0,0,0,0,0,0,0,0,0,0,6.07789342058318,26.4024856482606,60.428337514397,96.4918123916857,105.199459142913,76.08553432334,38.3923476222212,10.5050716944153,2.40093479410538,0,0,0,0,0,0,0,0,0,0,0,0,0,0,0,0,0,0,0,1.05816364910981,5.04824900858381,16.6642008661896,43.5838396778201,65.6369133706858,69.3460319327622,46.5321490049647,22.7257675385898,7.85647623280579,1.40001998321095,0.0727035760947304,0,0,0,0,0,0,0,0,0,0,0,0,0,0,1.43124783222007,6.72980840000812,26.8146042477984,57.108140587861,84.8552338819138,84.8552338819138,57.1081405878609,26.8146042477984,6.72980840000812,1.43124783222007,0,0,0,0,0,0,0,0,0,0,0,0,0,0,0,0,0,0,0,0,0,0,0,0,0,0,0,0,0,0,0,0,0,0,7.17933447368592,25.3101800185154,62.2529975174829,113.978141305675,126.977091344928,100.079766032905,51.9210407307437,32.1276669516761,31.6562671665351,32.9666455291438,25.6231517693112,13.8945448848882,4.14497314129298,1.01805740730373,0,0,0,0,0
0,0,0,0,0,0,0,0,0,0,0,0,0,0,0,0,0,0,0,0,0,0,0,0,0,0,0,0,0,0,0,0,0,0,3.86150946082617,16.7744711966836,38.3923476222213,61.3048009662214,66.8370895380353,48.3399412083473,24.392071941319,6.67425881428991,1.52540227027789,0,0,0,0,0,0,0,0,0,0,0,0,0,0,0,0,0,0,0,0.565601789375748,3.16498308610703,10.6636725644139,28.6430693075043,44.1621400860255,47.7909462841357,32.9784093322222,16.4459888126103,5.78016285036144,1.0410373670476,0.0263426835706387,0,0,0,0,0,0,0,0,0,0,0,0,0,0,0.870878047497458,4.09491792231402,16.3160073790414,34.7488568029631,51.6322601435098,51.6322601435098,34.7488568029631,16.3160073790414,4.09491792231402,0.870878047497458,0,0,0,0,0,0,0,0,0,0,0,0,0,0,0,0,0,0,0,0,0,0,0,0,0,0,0,0,0,0,0,0,0,0,9.10484497865393,32.0984161268774,78.949364168878,144.547285176211,161.032577152293,125.785661613248,60.4677445010915,27.5151112369321,17.4450444139242,14.8247237223609,11.5224385065309,6.24821803553877,1.86394704920622,0.457808780800539,0,0,0,0,0
0,0,0,0,0,0,0,0,0,0,0,0,0,0,0,0,0,0,0,0,0,0,0,0,0,0,0,0,0,0,0,0,0,0,2.15514532841901,9.36199266193105,21.4271360628406,34.214795212166,37.3024183274179,26.9789830966593,13.6134484268613,3.72496761957921,0.851341582896392,0,0,0,0,0,0,0,0,0,0.103723768561815,0.636593493443959,1.94327756693339,4.13867635218894,6.37494851556358,6.14953220699305,4.13867635218894,1.59995581785182,0.487715036650948,0.103723768561815,0.265573138747597,2.41040666077552,8.49761405985036,24.1285994509165,38.9661623270547,44.1228943302839,32.0494325154735,16.6086607228364,6.03103229376553,1.11793493177309,0,0,0,0,0,0,0,0,0,0,0,0,0,0,0,0.465495277981811,2.18878517151488,8.72111131091787,18.5737013391564,27.5980929332157,27.5980929332157,18.5737013391564,8.72111131091787,2.18878517151488,0.465495277981811,0,0,0,0,0,0,0,0,0,0,0,0,0,0,0,0,0,0,0,0,0,0,0,0,0,0,0,0,0,0,0,0,0,0,10.1432320205627,35.7591681166244,87.9533611520337,161.032577152293,179.397979510285,139.682608381062,65.2392544600377,25.4272289810548,10.4669001217128,5.85617294266414,4.55167960490744,2.46821769395923,0.736310266589019,0.180847039395026,0,0,0,0,0
0,0,0,0,0,0,0,0,0,0,0,0,0,0,0,0,0,0,0,0,0,0,0,0,0,0,0,0,0,0,0,0,0,0,1.05660206387491,4.5898996407053,10.5050716944153,16.7744711966836,18.2882386967326,13.2269730701123,6.67425881428991,1.82623808372212,0.417386828483973,0,0,0,0,0,0,0,0,0,0.25147191014153,1.54338184969261,4.71135717943656,10.0339667770775,15.4556713710927,14.9091633673895,10.0339667770775,3.8789946724455,1.18243516960404,0.25147191014153,0.109540054649394,2.98911184485158,11.0628846267134,33.1903541456187,55.9490014166109,65.940370724705,50.0596707330839,26.8277596763715,10.045501985049,1.92484922938083,0,0,0,0,0,0,0,0,0,0,0,0,0,0,0,0.21856904339404,1.02772402591753,4.09491792231402,8.72111131091787,12.9584317118432,12.9584317118432,8.72111131091786,4.09491792231402,1.02772402591753,0.21856904339404,0,0,0,0,0,0,0,0,0,0,0,0,0,0,0,0,0,0,0,0,0,0,0,0,0,0,0,0,0,0,0,0,0,0,9.92648747695189,34.9950522453096,86.0739393776634,157.591570146775,175.564533413928,136.456609787505,62.7028365769197,22.074137780292,5.42168518613352,0,0,0,0,0,0,0,0,0,0
0,0,0,0,0,0,0,0,0,0,0,0,0,0,0,0,0,0,0,0,0,0,0,0,0,0,0,0,0,0,0,0,0,0,0.455052791750371,1.97675805941284,4.52427869064567,7.22435646225538,7.87629928019011,5.69653536345367,2.87444082322624,0.786516292946578,0.179758348043461,0,0,0,0.112859430599903,0.635329058693307,1.80468811675994,3.57651115794721,5.05302861040334,4.53573792625057,3.3760916946592,4.29421605026834,10.3196669936673,21.4262821021559,32.9165646221539,31.7526445575707,21.3697424009649,8.26125088576571,2.51827971346335,0.535569835957567,0.186222365775326,5.45636979607673,20.1053752731449,60.1448083600936,101.296451628564,119.402795553974,90.7494115572018,48.7065737826106,18.2707876538068,3.50929418031696,0,0,0,0,0,0,0,0,0,0,0,0,0,0,0,0.0901524343574656,0.423901854285404,1.68901695069911,3.59716729676235,5.34492051635845,5.34492051635845,3.59716729676235,1.68901695069911,0.423901854285404,0.0901524343574656,0,0,0,0,0,0,0,0,0,0,0,0,0,0,0,0,0,0,0,0,0,0,0,0,0,0,0,0,0,0,0,0,0,0,8.5335605300379,30.0843976563288,73.995678072789,135.477650678926,150.928571289113,117.308437858727,53.9041078303486,18.9766008705389,4.66089125867584,0,0,0,0,0,0,0,0,0,0
0,0,0,0,0,0,0,0,0,0,0,0,0,0,0,0,0,0,0,0,0,0,0,0,0,0,0,0,0,0,0,0,0,0,0.172158133980276,0.747858237568345,1.71165058452287,2.73315920767389,2.97980588478967,2.15514532841901,1.08747463444818,0.297559271788946,0.0680071902152309,0,0,0,0.273620761990819,1.54031630525275,4.37535556434088,8.67103177026855,12.2507577026634,10.9966181910934,7.8886488591151,8.59145995579725,19.4648431712454,40.1169445395217,61.5823938166467,59.4048584446833,39.9798675044845,15.4556713710927,4.71135717943656,1.00197796862611,0.370943131127548,9.2299284242857,33.7740887698677,100.366155775456,168.310312457993,197.723892950573,149.814834543989,80.2558816618609,30.06305709983,5.7673232402721,0,0,0,0,0,0,0,0,0,0,0,0,0,0,0,0.032664927627592,0.153592340463384,0.61198143843349,1.30336147049758,1.93662481869101,1.93662481869101,1.30336147049758,0.61198143843349,0.153592340463384,0.032664927627592,0,0,0,0,0,0,0,0,0,0,0,0,0,0,0,0,0,0,0,0,0,0,0,0,0,0,0,0,0,0,0,0,0,0,6.44436874758485,22.7191160552416,55.880008532208,102.309925025822,113.978141305675,88.5889105847149,40.7072694504927,14.3307372292054,3.51980886027284,0,0,0,0,0,0,0,0,0,0
0,0,0,0,0,0,0,0,0,0,0,0,0,0,0,0,0,0,0,0,0,0,0,0,0,0,0,0,0,0,0,0,0,0,0,0,0,0,0,0,0,0,0,0,0,0,0.582741136103558,3.28047355453217,9.3183706304662,18.4670449282861,26.0909311480502,23.4199398150562,16.3135243281618,15.3071437333869,32.3264028041735,65.9970034493153,101.207818828681,97.6291400576857,65.7050649774314,25.4006817704826,7.74289783656848,1.64670449513492,0.824888945276419,14.5912070570362,52.6240691247893,154.067189398436,255.666102126028,297.681777905181,223.568563073458,119.046399805543,44.3716208562912,8.47117108825018,0,0,0,0,0,0,0,0,0,0,0,0,0,0,0,0,0,0,0,0,0,0,0,0,0,0,0,0,0,0,0,0,0,0,0,0,0,0,0,0,0,0,0,0,0,0,0,0,0,0,0,0,0,0,0,0,0,0,0,4.27509655063179,15.0715172401589,37.0699506937505,67.8708535629972,75.6113713893121,58.7685405505197,27.0045855583078,9.50679386860769,2.33498784858873,0,0,0,0,0,0,0,0,0,0
0,0,0,0,0,0,0,0,0,0,0,0,0,0,0,0,0,0,0,0,0,0,0,0,0,0,0,0,0,0,0,0,0,0,0,0,0,0,0,0,0,0,0,0,0,0,1.09022902446316,6.13731768971813,17.4333979405805,34.5493172345823,48.8125664219786,43.8155066729616,29.8169407039672,24.3203245152774,47.2993628765712,95.4037006541503,146.112374648381,140.94588396233,94.8575236714623,36.6706246031785,11.178318065286,2.37732525918386,1.61138407967941,20.9778320093489,74.2877900693348,213.301307040113,349.003600405505,401.412188976052,297.756859739871,157.190866776523,58.1669972833683,11.0263345913918,0,0,0,0,0,0,0,0,0,0,0,0,0,0,0,0,0,0,0,0,0,0,0,0,0,0,0,0,0,0,0,0,0,0,0,0,0,0,0,0,0,0,0,0,0,0,0,0,0,0,0,0,0,0,0,0,0,0,0,2.49130504361074,8.78290033232708,21.6024489823731,39.5516213009675,44.0623945367223,34.2472643003853,15.7368750401877,5.54006751261089,1.36071008807958,0,0,0,0,0,0,0,0,0,0
0,0,0,0,0,0,0,0,0,0,0,0,0,0,0,0,0,0,0,0,0,0,0,0,0,0,0,0,0,0,0,0,0,0,0,0,0,0,0,0,0,0,0,0,0,0,1.791741027771,10.0863980488389,28.6509840067574,56.780206526935,80.2211975342725,72.0087607254602,48.110668336689,34.4941860704386,61.020788697418,121.196099907109,185.29997808467,178.747825242012,120.29848327212,46.5057525187201,14.1763632102047,3.01492819815574,2.7651461383453,27.6143977742754,95.7157399983763,268.366702840768,431.307679823184,488.190526672291,356.128650270417,185.78484138488,68.0523489537975,12.7698021504005,0,0,0,0,0,0,0,0,0,0,0,0,0,0,0,0,0,0,0,0,0,0,0,0,0,0,0,0,0,0,0,0,0,0,0,0,0,0,0,0,0,0,0,0,0,0,0,0,0,0,0,0,0,0,0,0,0,0,0,1.27533219156215,4.49608351166198,11.0585809933053,20.2470010659523,22.5561258883615,17.5316301579497,8.05591566749869,2.83603425456888,0.696565594470976,0,0,0,0,0,0,0,0,0,0
0,0,0,0,0,0,0,0,0,0,0,0,0,0,0,0,0,0,0,0,0,0,0,0,0,0,0,0,0,0,0,0,0,0,0,0,0,0,0,0,0,0,0,0,0,0,2.58671256185953,14.5615979834456,41.3630424772456,81.9728248735355,115.814270127791,103.958084927154,68.4628909599793,43.6992238289824,69.4752276499441,135.314131195334,206.433022805388,199.133611703598,134.018254062717,51.8096287409812,15.7931454721082,3.35877396165749,4.16823834161686,33.4219533618229,113.199979836551,308.968534093563,486.158221704007,539.560187135579,385.319854253793,197.894138057946,71.4996134030592,13.2294464434036,0,0,0,0,0,0,0,0.08627491029908,0.529502999219742,1.61637106034646,3.44245042378332,5.30252726995476,5.11503146189142,3.44245042378332,1.33080437185805,0.405669516466677,0.08627491029908,0,0,0,0,0,0,0,0,0,0,0,0,0,0,0,0,0,0,0,0,0,0,0,0,0,0,0,0,0,0,0,0,0,0,0,0,0,0,0,0,0,0,0.573502310916888,2.0218373699601,4.97291748540725,9.10484497865393,10.1432320205627,7.88377371499482,3.62265320551734,1.27533219156215,0.313237586863527,0,0,0,0,0,0,0,0,0,0
0,0,0,0,0,0,0,0,0,0,0,0,0,0,0,0,0,0,0,0,0,0,0,0,0,0,0,0,0,0,0,0,0,0,0,0,0,0,0,0,0,0,0.176051990351843,0.666992866624554,2.05078792335235,3.51916614935848,7.49368037225466,21.7182446460772,54.2196980013915,104.625077793779,147.005043529681,131.839831534347,85.8521614245609,49.450201475878,69.8868128631112,132.79793339031,202.021881344417,194.878446910091,131.15449966437,50.7025403579741,15.4556713710927,3.28700236775768,5.51953427636224,37.2037133988219,123.176062396767,326.970888663919,502.775090164585,545.683665319602,379.981735611496,191.416712534149,67.9569067240989,12.3430215819978,0,0,0,0,0,0,0,0.209168224323329,1.28374751983778,3.91879242027901,8.34600974915796,12.8556518881051,12.4010798102586,8.34600974915795,3.22645351259486,0.983520842007101,0.209168224323329,0,0,0,0,0,0,0,0,0,0,0,0,0,0,0,0,0,0,0,0,0,0,0,0,0,0,0,0,0,0,0,0,0,0,0,0,0,0,0,0,0,0,0.226549160621523,0.798681278799708,1.96443895815858,3.59666377665575,4.00685517129652,3.11430709809456,1.43104749067307,0.503791235034592,0.123737448007123,0,0,0,0,0,0,0,0,0,0
0,0,0,0,0,0,0,0,0,0,0,0,0,0,0,0,0,0,0,0,0,0,0,0,0,0,0,0,0,0,0,0,0,0,0,0,0,0,0,0,0,0,0.445670259961703,1.68847215908829,5.48104634469242,10.0056136251917,17.2196995111023,34.5911831196581,69.8314000349028,123.290442421279,166.853225241716,147.972818606365,95.0968245880557,49.958280364806,62.5364269801689,115.981856375395,178.368492643634,176.190732483997,123.890280385289,53.2066108364829,19.5579751367255,6.89908334609257,10.0008462415591,41.1755348192788,125.434931400702,319.278492150413,478.691953940532,507.357685472426,343.640389216596,169.321336519126,58.8695033950771,10.4495127652379,0,0,0,0,0,0,0,0.445473975703023,2.73404869841526,8.34600974915795,17.774832464354,27.3791986109504,26.4110781833999,17.774832464354,6.87150774610419,2.09464387381531,0.445473975703023,0,0,0,0,0,0,0,0,0,0,0,0,0,0,0,0,0,0,0,0,0,0,0,0,0,0,0,0,0,0,0,0,0,0,0,0,0,0,0,0,0,0,0,0,0,0,0,0,0,0,0,0,0,0,0,0,0,0,0,0,0
0,0,0,0,0,0,0,0,0,0,0,0,0,0,0,0,0,0,0,0,0,0,0,0,0,0,0,0,0,0,0,0,0,0,0,0,0,0,0,0,0,0,0.991064235543073,3.75475888771754,12.2466421918997,22.4702288325533,34.3239061895044,52.4677292201995,83.914436925488,131.126188173326,167.887109092907,146.396857837841,92.851954534817,45.0154700823506,49.9045660766106,90.484175789661,143.040207656785,148.435538673075,113.347145275485,57.2940111580515,25.9995599873493,12.6525200841882,15.9719831928579,43.770995040661,118.569244262526,286.683207069203,419.033951373374,433.992757464025,285.889590042572,137.633390151703,46.7678373425458,8.08500284033642,0,0,0,0,0,0,0,0.833420927174987,5.11503146189142,15.6142436208031,33.2542823168142,51.2227387820706,49.4115177717459,33.2542823168142,12.8556518881051,3.91879242027901,0.833420927174987,0,0,0,0,0,0,0,0,0,0,0,0,0,0,0,0,0,0,0,0,0,0,0,0,0,0,0,0,0,0,0,0,0,0,0,0,0,0,0,0,0,0,0,0,0,0,0,0,0,0,0,0,0,0,0,0,0,0,0,0,0
0,0,0,0,0,0,0,0,0,0,0,0,0,0,0,0,0,0,0,0,0,0,0,0,0,0,0,0,0,0,0,0,0,0,0,0,0,0,0,0,0,0,1.93600016128062,7.33475545932469,24.0470203241406,44.3634253732317,64.3775318799354,82.9453188323354,104.330763879361,134.654331506271,154.051946447004,129.231553839655,80.2952445935841,36.1279043414879,36.2420009829559,65.9101656083534,113.436883544463,132.67118878584,119.196038131118,76.1100047503845,42.3701151597258,25.2872015883926,27.6249503795016,49.3743817378659,107.412497452095,237.049983440742,336.18811644446,340.562415595521,218.595628340722,102.922940057263,34.1788040556887,5.7464450108713,0,0,0,0,0,0,0,1.36968878567297,8.40631786804905,25.6612879360651,54.6518764765551,84.1822044462862,81.2055464031217,54.6518764765551,21.1276698838594,6.44035427527659,1.36968878567297,0,0,0,0,0,0,0,0,0,0,0,0,0,0,0,0,0,0,0,0,0,0,0,0,0,0,0,0,0,0,0,0,0,0,0,0,0,0,0,0,0,0,0,0,0,0,0,0,0,0,0,0,0,0,0,0,0,0,0,0,0
0,0,0,0,0,0,0,0,0,0,0,0,0,0,0,0,0,0,0,0,0,0,0,0,0,0,0,0,0,0,0,0,0,0,0,0,0,0,0,0,0,0,3.32218956194854,12.586490700649,41.4963643515007,77.0050534963808,109.836490497045,130.332203722271,137.333413345382,142.077098886507,134.404964828262,103.91226502239,62.0611743594832,25.7849162979832,25.1165753088254,49.4823849802881,102.334283952956,144.124635037602,155.419705476997,118.876890711357,74.0726664024975,48.4376727988313,48.7506107962526,62.6474596627182,98.6172685982441,182.189526127249,246.492949100854,243.878527057809,152.900192514469,70.6006405988978,22.9570155237052,3.75773767151355,0,0,0,0,0,0,0,1.97740138380713,12.1360886931958,37.0468582394919,78.9001832407491,121.532722838373,117.235361426611,78.900183240749,30.5017344830176,9.2978533440229,1.97740138380713,0,0,0,0,0.150466486892089,0.65835242018606,2.40604687992286,4.76827737306636,6.59284586946895,6.04713799811352,3.78704147936209,1.65464271269093,0.380901335990033,0.0753798788716384,0,0,0,0,0,0,0,0,0,0,0,0,0,0,0,0,0,0,0,0,0,0,0,0,0,0,0,0,0,0,0,0,0,0,0,0,0,0,0,0,0,0,0,0,0,0,0
0,0,0,0,0,0,0,0,0,0,0,0,0,0,0,0,0,0,0,0,0,0,0,0,0,0,0,0,0,0,0,0,0,0,0,0,0,0,0,0,0,0,5.00793709171547,18.9731357765576,62.932955840445,117.520498077977,167.4202090048,193.038703504039,184.786844627694,159.670445299912,118.67066038937,79.319239025319,43.786703730945,16.33840934041,18.303007058732,44.0530629020479,114.555731178099,188.426991793249,227.066657637593,188.905379968878,123.206251881047,83.8831636313527,81.8551866337042,87.3001919950138,98.6113972400582,134.204102993773,165.694963549368,158.596468528052,97.1557251911568,44.1561313554037,14.1057902909813,2.25507010982753,0,0,0,0,0,0,0,2.50774401528842,15.3910096546891,46.9828926975131,100.061355245034,154.128019154538,148.678097631206,100.061355245034,38.6823548987485,11.7915544458712,2.50774401528842,0,0,0,0,0.380901335990033,1.66659913167898,6.0908345103753,12.0707491700434,16.6895888348752,15.3081459531215,9.58678034380646,4.1886777106862,0.964240149123999,0.19082187111583,0,0,0,0,0,0,0,0,0,0,0,0,0,0,0,0,0,0,0,0,0,0,0,0,0,0,0,0,0,0,0,0,0,0,0,0,0,0,0,0,0,0,0,0,0,0,0
0,0,0,0,0,0,0,0,0,0,0,0,0,0,0,0,0,0,0,0,0,0,0,0,0,0,0,0,0,0,0,0,0,0,0,0,0,0,0,0,0,0,6.63145390598449,25.1240127521505,83.8844054132939,157.70038239803,226.05461952221,260.170656213121,239.576053243115,186.222225421506,111.510205753389,61.2164361366254,29.4178940743483,9.17630733788549,15.6160511133498,47.8697267608142,145.229914658335,257.55573390974,324.461727542059,278.237994184747,184.83166590809,128.766160169062,125.143177081926,122.785614919,109.814252732633,100.77184893793,104.053592326697,93.614968382156,55.6587986608425,24.9927346918258,7.87359775142304,1.23476004750225,0,0,0,0,0,0,0,2.79374656623847,17.1463196050278,52.3411856813988,111.473127211045,171.705972239996,165.634499454395,111.473127211045,43.0939902611899,13.1363546450246,2.79374656623847,0,0,0,0,0.847033614948269,3.70611849786905,13.5445615068934,26.8424637526165,37.1136602240074,34.0416611328648,21.3187102356131,9.3146190047194,2.14423983856053,0.42434227457439,0,0,0.0474996697152238,0.223346138279406,0.889912156819962,1.89528169399307,2.81614091722112,2.81614091722112,1.89528169399306,0.889912156819962,0.223346138279406,0.0474996697152238,0,0,0,0,0,0,0,0,0,0,0,0,0,0,0,0,0,0,0,0,0,0,0,0,0,0,0,0,0,0,0,0,0,0,0
0,0,0,0,0,0,0,0,0,0,0,0,0,0,0,0,0,0,0,0,0,0,0,0,0,0,0,0,0,0,0,0,0,0,0,0,0,0,0,0,0,0,7.71390135688722,29.2249872813516,98.273412129437,186.080909177136,269.344739448643,313.271904391878,286.004401453785,212.017074569398,110.512362571817,50.3520232307121,20.0560730876536,4.56123982115544,15.5269931179403,55.9826185267198,181.466829346365,330.590889980746,422.607897973156,366.227086786254,245.593062039966,174.158144386945,170.589285377042,162.027161966422,127.848236371493,81.1471962246101,61.5598168034665,47.8097306976681,26.3295922303735,11.5039848783093,3.50676333930878,0.524082316996302,0,0,0,0,0,0,0,2.73404869841526,16.7799303506103,51.2227387820706,109.091125889055,168.036891959375,162.095156775683,109.091125889055,42.1731410454177,12.8556518881051,2.73404869841526,0,0,0,0,1.65464271269093,7.23973860853516,26.4587019906453,52.4355660213674,72.4998941567293,66.4988797697586,41.6451577750915,18.1956963521368,4.1886777106862,0.828933869825332,0,0,0.115160033616215,0.541489002902786,2.15753739992889,4.59499413155888,6.82756079441203,6.82756079441202,4.59499413155887,2.15753739992889,0.541489002902786,0.115160033616215,0,0,0,0,0,0,0,0,0,0,0,0,0,0,0,0,0,0,0,0,0,0,0,0,0,0,0,0,0,0,0,0,0,0,0
0,0,0,0,0,0,0,0,0,0,0,0,0,0,0,0,0,0,0,0,0,0,0,0,0,0,0,0,0,0,0,0,0,0,0,0,0,0,0,0,0,0,7.88233415176452,29.8631139646357,101.195272004592,193.084182392434,282.980876902594,335.416896066579,309.979126372061,230.109223298816,117.464746110139,52.0791670750553,21.7742621617354,8.17999203882684,20.8173636784198,64.7622057859448,206.995240768158,379.766802851603,488.190385888701,425.278598061878,287.299981979796,207.143028213759,205.50835127861,193.385054403399,144.872056409166,73.8605563403678,40.6189304474356,25.1258753360769,12.3628188275043,5.40159071209701,1.64656860066357,0.246078050849938,0,0,0,0,0,0,0,2.35039535527246,14.4252991472794,44.0349461907892,93.7829950650478,144.457240503676,139.349274875228,93.7829950650478,36.2552265026791,11.0516921312762,2.35039535527246,0,0,0,0,2.83937824944181,12.423441132671,45.4033141804516,89.9797911152136,124.410315880623,114.112534012512,71.4633765188281,31.2239398024987,7.18779969501828,1.42245620891772,0,0,0.245260952915148,1.15323089681967,4.59499413155887,9.78614371632972,14.5409306852427,14.5409306852427,9.78614371632972,4.59499413155887,1.15323089681967,0.245260952915148,0,0,0,0,0,0,0,0,0,0,0,0,0,0,0,0,0,0,0,0,0,0,0,0,0,0,0,0,0,0,0,0,0,0,0
0,0,0,0,0,0,0,0,0,0,0,0,0,0,0,0,0,0,0,0,0,0,0,0,0,0,0,0,0,0,0,0,0,0,0,0,0,0,0,0,0,0,7.07540065890992,26.8059552100041,91.5951485572002,176.195065539786,261.88917659127,317.617968841227,299.892863908666,228.032878634684,121.432156998587,58.0525911720412,28.6804215617601,16.0894648204394,28.2667538547456,70.7227878999388,213.297674712071,388.602419915526,498.965578571209,435.224533676969,295.738276666268,216.621353159547,218.018031578097,204.924732423016,150.276781218,68.6175313825094,29.2522417639878,13.2200695511165,5.0992500836933,2.22797585850393,0.679154583747582,0.101498981656187,0,0,0,0,0,0,0,1.77497005132501,10.8936881237399,33.2542823168142,70.8229818403144,109.091125889055,105.233695694022,70.8229818403144,27.3791986109504,8.34600974915795,1.77497005132501,0,0,0,0,4.28013735749919,18.7273514936203,68.4418925925866,135.637393661063,187.538677090173,172.015588230228,107.725368253207,47.0676110952294,10.8350375646207,2.14423983856053,0,0,0.458849723950274,2.15753739992889,8.59660603841966,18.3085374553247,27.2040940541073,27.2040940541073,18.3085374553247,8.59660603841966,2.15753739992889,0.458849723950274,0,0,0,0,0,0,0,0,0,0,0,0,0,0,0,0,0,0,0,0,0,0,0,0,0,0,0,0,0,0,0,0,0,0,0
0,0,0,0,0,0,0,0,0,0,0,0,0,0,0,0,0,0,0,0,0,0,0,0,0,0,0,0,0,0,0,0,0,0,0,0,0,0,0,0,0,0,5.57908102606288,21.1369791347853,72.8773329219805,141.406596389572,213.77913962154,267.2715083965,261.996980949082,211.243957427305,127.173078241333,72.4999514666057,45.0530367896786,32.7149334054734,40.7830238234271,73.2670764432431,195.258565513535,349.977601280218,448.131408931998,391.288131611853,267.492097058668,199.089743181195,203.390133549772,191.557054229849,139.29186784897,60.6208209065119,22.3130459028404,7.46728149651044,1.847611061487,0.807262396104409,0.246078050849938,0.0367761216178306,0,0,0,0,0,0,0,1.17748822904308,7.22670758697855,22.0603868578481,46.9828926975131,72.3693994338267,69.8104387090439,46.9828926975131,18.1629453753097,5.53661636813321,1.17748822904308,0,0,0,0,5.66770969317734,24.7985479722892,90.6299834949817,179.609509368477,248.336604461375,227.781104987645,142.648719621124,62.3264006169651,14.3476347373165,2.83937824944181,0,0,0.754098320201974,3.54581302796127,14.1281248187325,30.0892353634966,44.7086716152019,44.7086716152019,30.0892353634966,14.1281248187325,3.54581302796127,0.754098320201974,0,0,0,0,0,0,0,0,0,0,0,0,0,0,0,0,0,0,0,0,0,0,0,0,0,0,0,0,0,0,0,0,0,0,0
0,0,0,0,0,0,0,0,0,0,0,0,0,0,0,0,0,0,0,0,0,0,0,0,0,0,0,0,0,0,0,0,0,0,0,0,0,0,0,0,0,0,3.86446817441113,14.6409745239376,50.9730835323805,99.8162810638824,154.514518337163,203.106452029278,215.285300864394,198.818222325994,155.178857246326,116.566156337275,90.8995811279793,74.4751865592269,71.261345221783,82.2389034628656,163.34038696141,278.873296655199,353.990320107502,309.047042918277,212.593089268831,160.809751834469,166.740524579703,157.449934370199,113.875703195936,47.9955131605783,15.7227314885046,3.59343126703219,0,0,0,0,0,0,0,0,0,0,0,0.686179207665801,4.2113512167296,12.8556518881051,27.3791986109504,42.1731410454177,40.6819111551568,27.3791986109504,10.584424675426,3.22645351259486,0.686179207665801,0,0,0,0,6.59284586946895,28.8463971195885,105.423450508447,208.927040385068,288.872409772858,264.961650906117,165.933167514079,72.4998941567293,16.6895888348752,3.30284791866222,0,0,1.08868166074775,5.11904285232721,20.3965848734281,43.4394267280529,64.5453113472355,64.5453113472355,43.4394267280528,20.3965848734281,5.11904285232721,1.08868166074775,0,0,0,0,0,0,0,0,0,0,0,0,0,0,0,0,0,0,0,0,0,0,0,0,0,0,0,0,0,0,0,0,0,0,0
0,0,0,0,0,0,0,0,0,0,0,0,0,0,0,0,0,0,0,0,0,0,0,0,0,0,0,0,0,0,0,0,0,0,0,0,0,0,0,0,0,0,2.35143098391764,8.90866209179782,31.3429194615617,61.9748937135778,99.7560694665523,143.61683593136,175.602277847751,199.323278678194,203.77255533067,183.510654905714,158.48106760355,134.859872880514,115.84020185029,98.4425728908066,128.99324620275,198.239195887248,246.947651094874,217.14236078054,154.22865964943,122.717270151482,128.704147958064,119.638906714405,85.0666893532722,35.3919211102807,11.515907131109,2.59895003485634,0,0,0,0,0,0,0,0,0,0,0,0.351264264069597,2.15584670791075,6.58097920945679,14.0157759714207,21.5889918950109,20.825611477608,14.0157759714207,5.418307787059,1.65166447189753,0.351264264069597,0,0,0,0,6.73680045283919,29.4762572985309,107.725368253207,213.488955777735,295.179929805836,270.747080267042,169.55631303723,74.0829270782254,17.0540054851219,3.37496549967046,0,0,1.38066805336104,6.49197941401897,25.8669858671701,55.0899596292886,81.8564807183047,81.8564807183046,55.0899596292886,25.8669858671701,6.49197941401897,1.38066805336104,0,0,0,0,0,0,0,0,0,0,0,0,0,0,0,0,0,0,0,0,0,0,0,0,0,0,0,0,0,0,0,0,0,0,0
0,0,0,0,0,0,0,0,0,0,0,0,0,0,0,0,0,0,0,0,0,0,0,0,0,0,0,0,0,0,0,0,0,0,0,0,0,0,0,0,0,0,1.25686945796734,4.76179201988617,16.9437957684082,33.8485113511368,58.7845775438075,100.739688142217,154.306304947032,221.934417395646,282.043681334349,284.520685371196,259.687764683689,223.007543380882,181.38826973397,128.71577543791,104.634097857619,129.067062948195,153.282967081022,137.273756419485,105.077722631364,91.9782264840807,96.8147626432976,86.3219599950793,58.8874154340667,23.7008672001932,7.57489365987308,1.65120864308432,0,0,0,0,0,0,0,0,0,0,0,0.157959524992212,0.969459625617184,2.95939113721928,6.30273426961596,9.70832291701888,9.36503946790202,6.30273426961596,2.43655108660831,0.742734636324276,0.157959524992212,0,0,0,0,6.04713799811352,26.4587019906453,96.69726337971,191.633578239212,264.961650906117,243.030050900663,152.198425731216,66.4988797697586,15.3081459531215,3.02946216950484,0,0,1.53813013197399,7.23237502928319,28.8170572852645,61.3728453184405,91.1920277894982,91.1920277894982,61.3728453184405,28.8170572852645,7.23237502928319,1.53813013197399,0,0,0,0,0,0,0,0,0,0,0,0,0,0,0,0,0,0,0,0,0,0,0,0,0,0,0,0,0,0,0,0,0,0,0
0,0,0,0,0,0,0,0,0,0,0,0,0,0,0,0,0,0,0,0,0,0,0,0,0,0,0,0,0,0,0,0,0,0,0,0,0,0,0,0,0,0,0.590151539861252,2.23585582036466,8.05338028991459,16.2629369152624,33.087228881881,76.2202063355312,151.341683691016,263.809315619361,387.342968005765,420.158341114687,396.812700927428,339.342074450622,267.201009554456,173.917587179711,96.3377872060589,83.5267180635652,89.1212547159369,85.3740811421227,79.6440873832647,83.5511319017284,86.5704112453017,70.136772023286,43.1765870430743,15.815478125719,4.77797495375924,0.921555321691971,0,0,0,0,0,0,0,0,0,0,0,0.0623983497851087,0.382963172526532,1.16904076117134,2.48975310338188,3.8350541332205,3.69944774459349,2.48975310338188,0.962504584506492,0.293400576110637,0.0623983497851087,0,0,0,0,4.76827737306636,20.8631637085276,76.2475361327539,151.106532598204,208.927040385068,191.633578239212,120.011203623413,52.4355660213674,12.0707491700434,2.3887855577162,0,0,1.50526276654323,7.07783081479944,28.2012831496793,60.0614063883562,89.2434009214435,89.2434009214435,60.0614063883562,28.2012831496793,7.07783081479944,1.50526276654323,0,0,0,0,0,0,0,0,0,0,0,0,0,0,0,0,0,0,0,0,0,0,0,0,0,0,0,0,0,0,0,0,0,0,0
0,0,0,0,0,0,0,0,0,0,0,0,0,0,0,0,0,0,0,0,0,0,0,0,0,0,0,0,0,0,0,0,0,0,0,0,0,0,0,0,0,0,0.243417810373001,0.922215890906343,3.365629445756,6.87415879947418,19.1092774605693,64.8601200461727,158.93920570027,314.242304960161,508.908543661567,582.687979840291,564.055647339682,477.21852343157,366.514423273891,229.353547873499,102.018073777156,60.8578403834597,54.3851203005038,62.6238714694292,80.8754634649319,102.266298256633,103.531996052701,75.4694466519033,40.4585574414069,12.5952626305637,3.3721333896494,0.451810484441414,0,0,0,0,0,0,0,0,0,0,0,0,0,0,0,0,0,0,0,0,0,0,0,0,0,3.30284791866222,14.4513104922641,52.8144644943841,104.66712769423,144.717722250357,132.739040855366,83.1282920625975,36.3206010362976,8.36105906887153,1.65464271269094,0,0,1.29403789222866,6.08463948800601,24.2439591387491,51.6333343616555,76.7203872908558,76.7203872908558,51.6333343616555,24.2439591387491,6.08463948800601,1.29403789222866,0,0,0,0,0,0,0,0,0,0,0,0,0,0,0,0,0,0,0,0,0,0,0,0,0,0,0,0,0,0,0,0,0,0,0
0,0,0,0,0,0,0,0,0,0,0,0,0,0,0,0,0,0,0,0,0,0,0,0,0,0,0,0,0,0,0,0,0,0,0,0,0,0,0,0,0,0,0.0881975646666775,0.334146443722474,1.23680174360019,2.55638310094835,12.0126099904514,59.7580871075157,168.044572000693,361.844605343927,634.213963741271,760.746161643596,750.75709188756,624.959515658292,468.010008293455,286.633420038532,116.517780300136,56.2678065651108,43.8716592263606,64.470473772372,105.47033643758,145.538930016854,145.137373865064,100.021729119544,49.1273853250809,13.3811161811059,3.14445809995566,0.194583778809932,0,0,0,0,0,0,0,0,0,0,0,0,0,0,0,0,0,0,0,0,0,0,0,0,0,2.0096992860586,8.7932563333639,32.1362636736003,63.687295625194,88.0570677938966,80.7683436260618,50.5814597958055,22.1001656053942,5.08749262915225,1.00680817290671,0,0,0.977230702414895,4.59499413155887,18.3085374553247,38.9924282042181,57.937652685473,57.937652685473,38.9924282042181,18.3085374553247,4.59499413155887,0.977230702414895,0,0,0,0,0,0,0,0,0,0,0,0,0,0,0,0,0,0,0,0,0,0,0,0,0,0,0,0,0,0,0,0,0,0,0
0,0,0,0,0,0,0,0,0,0,0,0,0,0,0,0,0,0,0,0,0,0,0,0,0,0,0,0,0,0,0,0,0,0,0,0,0,0,0,0,0,0,0,0,0,0,6.70963466908279,53.6532135786628,169.166384632393,392.180866791366,737.199863314853,919.40075593625,920.195022150716,752.888755716732,550.632291487664,332.693709879341,132.624628665635,62.9451690835463,49.795980699139,82.3943069294089,144.004163370161,202.401198946355,200.229895876471,135.316881080957,64.3551575616185,16.5493184900313,3.63258121105435,0.073616030645353,0,0,0,0,0,0,0,0,0,0,0,0,0,0,0,0,0,0,0,0,0,0,0,0,0,1.0742095641427,4.70010618941051,17.1772374272449,34.0416611328648,47.0676110952294,43.1716962855856,27.0364269211218,11.8128166871229,2.71932884568956,0.538151640942512,0,0,0.648280036214731,3.04824946110705,12.1456062475793,25.8669858671701,38.4349606375635,38.4349606375635,25.8669858671701,12.1456062475793,3.04824946110705,0.648280036214731,0,0,0,0,0,0,0,0,0,0,0,0,0,0,0,0,0,0,0,0,0,0,0,0,0,0,0,0,0,0,0,0,0,0,0
0,0,0,0,0,0,0,0,0,0,0,0,0,0,0,0,0,0,0,0,0,0,0,0,0,0,0,0,0,0,0,0,0,0,0,0,0,0,0,0,0,0,0,0,0,0,5.06697759006309,49.5709750960218,164.904757499989,402.669526106321,800.213935340405,1028.78147741894,1038.99037751618,834.030624760794,595.243375631902,355.209611126779,143.124789675363,73.446916335137,63.203595827999,105.134886597657,181.876620522162,254.342587408208,249.96255049278,167.518448668653,78.6567529430275,19.7409169936495,4.19835795817949,0,0,0,0,0,0,0,0,0,0,0,0,0,0,0,0,0,0,0,0,0,0,0,0,0,0,0.504385260055365,2.20689180376606,8.06541447402596,15.983950130736,22.1001656053942,20.2708744968348,12.6947065812628,5.54659985873048,1.27683594783836,0.252684173020406,0,0,0.377784058153081,1.77636204626009,7.07783081479944,15.0739408082761,22.3979061416032,22.3979061416032,15.0739408082761,7.07783081479944,1.77636204626009,0.377784058153081,0,0,0,0,0,0,0,0,0,0,0,0,0,0,0,0,0,0,0,0,0,0,0,0,0,0,0,0,0,0,0,0,0,0,0
0,0,0,0,0,0,0,0,0,0,0,0,0,0,0,0,0,0,0,0,0,0,0,0,0,0,0,0,0,0,0,0,0,0,0,0,0,0,0,0,0,0,0,0,0,0,3.36135613368267,42.9574894606514,150.981212697086,387.137372310903,806.754571141513,1062.5629646347,1078.81484301983,848.036951211241,589.37659879853,347.272200427202,145.645263971845,86.4977159437935,82.4581827263003,127.541063264318,208.267354551053,285.486612918464,278.884054899774,186.623550049952,87.6273782756002,21.9923240686367,4.67717121763519,0,0,0,0,0,0,0,0,0,0,0,0,0,0,0,0,0,0,0,0,0,0,0,0,0,0,0.208042082913075,0.910269200905849,3.32671423932857,6.59284586946895,9.11558058767503,8.36105906887154,5.23614270338976,2.28778729094699,0.526652206484831,0.104223786532863,0,0,0.193392684712475,0.909343360932346,3.62323574453239,7.71655081572601,11.4657860944134,11.4657860944134,7.716550815726,3.62323574453239,0.909343360932346,0.193392684712475,0,0,0,0,0,0,0,0,0,0,0,0,0,0,0,0,0,0,0,0,0,0,0,0,0,0,0,0,0,0,0,0,0,0,0
0,0,0,0,0,0,0,0,0,0,0,0,0,0,0,0,0,0,0,0,0,0,0,0,0,0,0,0,0,0,0,0,0,0,0,0,0,0,0,0,0,0,0,0.0858747405630179,0.406705659889914,1.00033450639037,3.67540528995635,37.2243692358536,131.88381259431,349.894022136091,756.949482454568,1016.42152991458,1034.75575376642,794.295775459402,534.88135733285,309.773940340525,137.141935998501,94.7854865456409,97.5074940799249,138.608174452721,211.296187344769,282.215785534286,273.47275255271,182.635705140104,85.7549222306575,21.5223834980636,4.57722759622331,0,0,0,0,0,0,0,0,0,0,0,0,0,0,0,0,0,0,0,0,0,0,0,0,0,0,0.0753798788716384,0.329817800053152,1.20536822593686,2.3887855577162,3.30284791866222,3.02946216950484,1.89721135843967,0.828933869825332,0.19082187111583,0.037763400050524,0,0,0.0869664800518922,0.408921316627972,1.62932770476118,3.470044710238,5.15603296547415,5.15603296547414,3.470044710238,1.62932770476118,0.408921316627972,0.0869664800518922,0,0,0,0,0,0,0,0,0,0,0,0,0,0,0,0,0,0,0,0,0,0,0,0,0,0,0,0,0,0,0,0,0,0,0
0,0,0,0,0,0,0,0,0,0,0,0,0,0,0,0,0,0,0,0,0,0,0,0,0,0,0,0,0,0,0,0,0,0,0,0,0,0,0,0,0,0,0,0.226986315026609,1.07501482314385,2.64410980354445,5.54005884061186,32.8315029060221,110.762051117522,299.075465720815,666.380983265299,910.094723263157,928.268974186539,694.773948436589,451.885758331255,257.53992605061,123.648285414686,98.8737405946791,107.24803745545,139.859630948895,195.321743651354,249.772712005952,237.512358549341,157.633073038366,73.8750787647264,18.5022710961815,3.93493154983817,0,0,0,0,0,0,0,0,0,0,0,0,0,0,0,0,0,0,0,0,0,0,0,0,0,0,0,0,0,0,0,0,0,0,0,0,0,0,0.0343541476344981,0.161535148645182,0.643629183116806,1.37076294455856,2.03677460095597,2.03677460095597,1.37076294455856,0.643629183116806,0.161535148645182,0.0343541476344981,0,0,0,0,0,0,0,0,0,0,0,0,0,0,0,0,0,0,0,0,0,0,0,0,0,0,0,0,0,0,0,0,0,0,0
0,0,0,0,0,0,0,0,0,0,0,0,0,0,0,0,0,0,0,0,0,0,0,0,0,0,0,0,0,0,0,0,0,0,0,0,0,0,0,0,0,0,0,0.52704700042812,2.49611232239844,6.13944563396841,10.9862552761328,33.096253052538,93.1534402225935,246.035748859344,558.58008539705,774.945295571207,792.153865358808,577.751990812831,361.766093039835,203.050657703209,107.396355868334,96.4311199430646,107.842977751977,130.308144267462,165.230916088804,198.855792483599,183.172294055643,120.152466554311,56.0618649641647,13.9725331755566,2.97157907469019,0,0,0,0,0,0,0,0,0,0,0,0,0,0,0,0,0,0,0,0,0,0,0,0,0,0,0,0,0,0,0,0,0,0,0,0,0,0,0,0,0,0,0,0,0,0,0,0,0,0,0,0,0,0,0,0,0,0,0,0,0,0,0,0,0,0,0,0,0,0,0,0,0,0,0,0,0,0,0,0,0,0,0
0,0,0,0,0,0,0,0,0,0,0,0,0,0,0,0,0,0,0,0,0,0,0,0,0,0,0,0,0,0,0,0,0,0,0,0,0,0,0,0,0,0,0,1.07501482314385,5.09130636286832,12.5225929699641,21.6669830038495,40.5494040211124,83.107425999981,199.456874669683,452.57549441234,636.735896129649,653.516633097546,468.16246045766,286.566901388227,163.367290134291,97.4254843169618,92.5123324029461,103.97890724661,119.641704089305,137.245183948167,150.212587989095,129.31599086847,82.9296664496926,39.7832328129427,13.2328591284762,6.71670188140463,3.96369239980376,1.98570897183186,0.751244597145551,0.19829013650155,0,0,0,0,0,0,0,0,0,0,0,0,0,0,0,0,0,0,0,0,0,0,0,0,0,0,0,0,0,0,0,0,0,0,0,0,0,0,0,0,0,0,0,0,0,0,0,0,0,0,0,0,0,0,0,0,0,0,0,0,0,0,0,0,0,0,0,0,0,0,0,0,0,0,0,0,0,0,0
0,0,0,0,0,0,0,0,0,0,0,0,0,0,0,0,0,0,0,0,0,0,0,0,0,0,0,0,0,0,0,0,0,0,0,0,0,0,0,0,0,0,0,1.92617168566707,9.1224138942885,22.4375175956534,38.5029341645347,56.1779291869736,81.5074091098758,161.397379856097,354.66725715154,504.878303670434,522.404204335311,375.651038544135,236.124551352149,147.854122686061,100.920356070905,93.435177885637,102.421621747047,117.499795985278,124.664158488578,119.757016583702,89.9179887378879,54.6182626615114,28.2388183427954,15.4355574891745,13.1616111784395,10.0339667770775,5.0267618782154,1.90175285286786,0.501965450693708,0,0,0,0,0,0,0,0,0,0,0,0,0,0,0,0,0,0,0,0,0,0,0,0,0,0,0,0,0,0,0,0,0,0,0,0,0,0,0,0,0,0,0,0,0,0,0,0,0,0,0,0,0,0,0,0,0,0,0,0,0,0,0,0,0,0,0,0,0,0,0,0,0,0,0,0,0,0,0
0,0,0,0,0,0,0,0,0,0,0,0,0,0,0,0,0,0,0,0,0,0,0,0,0,0,0,0,0,0,0,0,0,0,0,0,0,0,0,0,0,0,0,3.03173314321617,14.3583901452025,35.3159410723453,60.6023972246607,79.4274340915714,89.2715178368496,135.33828379726,271.363169942095,386.77448894604,405.48672193175,305.690688657396,215.670254866676,161.742370900751,123.43174028768,105.814957289965,111.538020743865,134.918273155399,140.313293814634,120.19499319036,74.3319479816281,41.0688476665363,25.5740017452613,25.1498183449038,27.3017575442135,22.3131460785457,11.178318065286,4.22904422090292,1.11625129687483,0,0,0,0,0,0,0,0,0,0,0,0,0,0,0,0,0,0,0,0,0,0,0,0,0,0,0,0,0,0,0,0,0,0,0,0,0,0,0,0,0,0,0,0,0,0,0,0,0,0,0,0,0,0,0,0,0,0,0,0,0,0,0,0,0,0,0,0,0,0,0,0,0,0,0,0,0,0,0
0,0,0,0,0,0,0,0,0,0,0,0,0,0,0,0,0,0,0,0,0,0,0,0,0,0,0,0,0,0,0,0,0,0,0,0,0,0,0,0,0,0,0,4.19181766637272,19.8525894688351,48.8294908220685,83.7917413276621,104.586366103701,100.23234821028,115.028911215225,197.471380485974,279.186797650821,299.97436528346,252.424368263681,217.260685104721,198.25165822351,162.478905505676,130.087367357402,131.808168419729,168.472258591772,177.414495398244,144.159837493134,77.864358023516,40.4148206584149,32.3219215831694,45.0046095451656,52.448453294679,43.587744222322,21.8363500579566,8.26125088576572,2.18054755007396,0,0,0,0,0,0,0,0,0,0,0,0,0,0,0,0,0,0,0,0,0,0,0,0,0,0,0,0,0,0,0,0,0,0,0,0,0,0,0,0,0,0,0,0,0,0,0,0,0,0,0,0,0,0,0,0,0,0,0,0,0,0,0,0,0,0,0,0,0,0,0,0,0,0,0,0,0,0,0
0,0,0,0,0,0,0,0,0,0,0,0,0,0,0,0,0,0,0,0,0,0,0,0,0,0,0,0,0,0,0,0,0,0,0,0,0,0,0,0,0,0,0,5.09130636286833,24.1125981916947,59.3074215303698,101.771942324605,124.106689289205,108.534585437267,97.9062572718636,135.05047251983,187.256905522382,210.52037941234,213.241493466764,231.046492351832,244.542737175434,208.465780898969,160.830828357465,159.57555886586,212.917906198714,229.318401796338,185.076403369101,95.8235817778435,50.0157870647287,47.6873938717907,75.6573866635598,89.6525739604006,74.796868192663,37.4713265445243,14.1763632102047,3.7418345592473,0,0,0,0,0,0,0,0,0,0,0,0,0,0,0,0,0,0,0,0,0,0,0,0,0,0,0,0,0,0,0,0,0,0,0,0,0,0,0,0,0,0,0,0,0,0,0,0,0,0,0,0,0,0,0,0,0,0,0,0,0,0,0,0,0,0,0,0,0,0,0,0,0,0,0,0,0,0,0
0,0,0,0,0,0,0,0,0,0,0,0,0,0,0,0,0,0,0,0,0,0,0,0,0,0,0,0,0,0,0,0,0,0,0,0,0,0,0,0,0,0,0,5.43214699299081,25.7268308808699,63.2777932747963,108.585127483465,130.743567661926,108.198543819755,80.2541334617375,83.1101482946239,111.697485034084,136.950380969031,180.618316264282,241.401195451681,281.10644327407,245.378331434886,186.882382291695,185.189272106268,255.458686243255,280.990603441915,228.705555406245,118.401930709275,63.9472652367768,67.8407674636863,113.441289166902,134.98666759715,112.750342381574,56.4850507711674,21.3697424009649,5.64051861909005,0,0,0,0,0,0,0,0,0,0,0,0,0,0,0,0,0,0,0,0,0,0,0,0,0,0,0,0,0,0,0,0,0,0,0,0,0,0,0,0,0,0,0,0,0,0,0,0,0,0,0,0,0,0,0,0,0,0,0,0,0,0,0,0,0,0,0,0,0,0,0,0,0,0,0,0,0,0,0
0,0,0,0,0,0,0,0,0,0,0,0,0,0,0,0,0,0,0,0,0,0,0,0,0,0,0,0,0,0,0,0,0,0,0,0,0,0,0,0,0,0,0,5.09130636286832,24.1125981916947,59.3074215303698,101.771942324605,121.864969732432,98.235354581435,64.8053753105675,50.9590983950999,65.7459752296052,91.2668179857593,157.099623732189,240.67476431474,293.816324800677,259.210166065208,197.579923975399,199.396097981232,285.851838663227,323.137031001197,269.34827585521,144.156894777681,81.2327301536636,89.2744634605474,150.438272895753,178.747825242012,149.302733779201,74.796868192663,28.2975722576853,7.46911124147726,0,0,0,0,0,0,0,0,0,0,0,0,0,0,0,0,0,0,0,0,0,0,0,0,0,0,0,0,0,0,0,0,0,0,0,0,0,0,0,0,0,0,0,0,0,0,0,0,0,0,0,0,0,0,0,0,0,0,0,0,0,0,0,0,0,0,0,0,0,0,0,0,0,0,0,0,0,0,0
0,0,0,0,0,0,0,0,0,0,0,0,0,0,0,0,0,0,0,0,0,0,0,0,0,0,0,0,0,0,0,0,0,0,0,0,0,0,0,0,0,0,0,4.19181766637272,19.8525894688351,48.8294908220685,83.7917413276621,100.017926363821,79.3895229710969,48.466688276505,29.30838785872,36.3506817651457,59.7851163171234,130.521902897872,217.66225071834,272.58008952481,242.472168644116,187.238380464913,196.443571060265,295.253815956441,343.726013171069,293.876193426295,162.493781168687,94.0436374342931,104.150445998278,175.312674254427,207.924704178472,173.673311616779,87.0059071844883,32.9165646221539,8.68828889670455,0,0,0,0,0,0,0,0,0,0,0,0,0,0,0,0,0,0,0,0,0,0,0,0,0,0,0,0,0,0,0,0,0,0,0,0,0,0,0,0,0,0,0,0,0,0,0,0,0,0,0,0,0,0,0,0,0,0,0,0,0,0,0,0,0,0,0,0,0,0,0,0,0,0,0,0,0,0,0
0,0,0,0,0,0,0,0,0,0,0,0,0,0,0,0,0,0,0,0,0,0,0,0,0,0,0,0,0,0,0,0,0,0,0,0,0,0,0,0,0,0,0,3.03173314321617,14.3583901452025,35.3159410723453,60.6023972246606,72.2072469625276,56.8037329830501,33.0368196000218,15.9805484665621,19.3732304420266,38.5996485848419,100.565760063892,175.937940842669,223.243413285863,200.158551966346,158.514383057053,177.018973909311,282.397514185834,339.511276784486,297.958691645327,169.641437182836,99.0966090679554,107.686288939699,179.544505609688,212.464733591416,177.465462944342,88.9056784467735,33.6352967812213,8.87799741304003,0,0,0,0,0,0,0,0,0,0,0,0,0,0,0,0,0,0,0,0,0,0,0,0,0,0,0,0,0,0,0,0,0,0,0,0,0,0,0,0,0,0,0,0,0,0,0,0,0,0,0,0,0,0,0,0,0,0,0,0,0,0,0,0,0,0,0,0,0,0,0,0,0,0,0,0,0,0,0
0,0,0,0,0,0,0,0,0,0,0,0,0,0,0,0,0,0,0,0,0,0,0,0,0,0,0,0,0,0,0,0,0,0,0,0,0,0,0,0,0,0,0,1.92617168566707,9.1224138942885,22.4375175956534,38.5029341645347,45.8285505280466,35.8667574052815,20.2587881335169,8.26284594150592,10.1031496128641,24.0681226248656,70.2353498453099,126.073841304322,161.076488736,146.051289945923,120.780564968342,147.32676544131,251.311149124984,311.791272732333,280.29967985718,163.338072451366,94.7652791609887,98.6749090831017,161.614049746035,190.714208139896,159.297896952144,79.8041904531945,30.191970604952,7.96913547898274,0,0,0,0,0,0,0,0,0,0,0,0,0,0,0,0,0,0,0,0,0,0,0,0,0,0,0,0,0,0,0,0,0,0,0,0,0,0,0,0,0,0,0,0,0,0,0,0,0,0,0,0,0,0,0,0,0,0,0,0,0,0,0,0,0,0,0,0,0,0,0,0,0,0,0,0,0,0,0
0,0,0,0,0,0,0,0,0,0,0,0,0,0,0,0,0,0,0,0,0,0,0,0,0,0,0,0,0,0,0,0,0,0,0,0,0,0,0,0,0,0,0,1.07501482314385,5.09130636286832,12.5225929699641,21.4888554688062,25.542262940446,19.8525894688351,10.7653694572564,3.2114882226157,3.94155019630584,12.8363491405199,43.0292846808201,79.3509899774184,102.092669259576,94.1730920925541,83.0959925373612,113.362507067212,207.330583550331,264.701434131825,242.888173280668,143.894136358219,81.9173679529415,80.1460701795489,127.875925058082,150.381592693837,125.609264721745,62.9270434596592,23.8069133412846,6.28380705040766,0,0,0,0,0,0,0,0,0,0,0,0,0,0,0,0,0,0,0,0,0,0,0,0,0,0,0,0,0,0,0,0,0,0,0,0,0,0,0,0,0,0,0,0,0,0,0,0,0,0,0,0,0,0,0,0,0,0,0,0,0,0,0,0,0,0,0,0,0,0,0,0,0,0,0,0,0,0,0
0,0,0,0,0,0,0,0,0,0,0,0,0,0,0,0,0,0,0,0,0,0,0,0,0,0,0,0,0,0,0,0,0,0,0,0,0,0,0,0,0,0,0,0.52704700042812,2.49611232239844,6.13944563396841,10.5353308379007,12.5225929699641,9.73311949288377,5.27793250734389,1.57449478667639,2.14630584182897,7.16408911198886,24.0150549431104,44.2865457381706,56.9788942517641,53.834675475414,52.034058981879,80.723924497732,157.54451629049,205.948469682615,192.009641968181,114.935248055416,63.729567698339,57.7232089443002,88.9545001007719,104.164982775434,87.0059071844883,43.587744222322,16.4903607795928,4.35261152275779,0,0,0,0,0,0,0,0,0,0,0,0,0,0,0,0,0,0,0,0,0,0,0,0,0,0,0,0,0,0,0,0,0,0,0,0,0,0,0,0,0,0,0,0,0,0,0,0,0,0,0,0,0,0,0,0,0,0,0,0,0,0,0,0,0,0,0,0,0,0,0,0,0,0,0,0,0,0,0
0,0,0,0,0,0,0,0,0,0,0,0,0,0,0,0,0,0,0,0,0,0,0,0,0,0,0,0,0,0,0,0,0,0,0,0,0,0,0,0,0,0,0,0.226986315026608,1.07501482314385,2.64410980354445,4.53731056725254,5.39317599857572,4.19181766637271,2.27307706870163,0.67809658221368,1.02922245384503,3.51233452412426,11.7738494394594,21.7123434841253,27.935015086843,27.3822636642163,29.872342616771,52.9779098504261,109.231505542534,145.381756103804,137.115577676696,82.5344375192382,44.4323256475743,36.8835176720457,54.4124275083175,63.3817531631571,52.9408903642073,26.5220381324691,10.0339667770775,2.64845384504407,0,0,0,0,0,0,0,0,0,0,0,0,0,0,0,0,0,0,0,0,0,0,0,0,0,0,0,0,0,0,0,0,0,0,0,0,0,0,0,0,0,0,0,0,0,0,0,0,0,0,0,0,0,0,0,0,0,0,0,0,0,0,0,0,0,0,0,0,0,0,0,0,0,0,0,0,0,0,0
0,0,0,0,0,0,0,0,0,0,0,0,0,0,0,0,0,0,0,0,0,0,0,0,0,0,0,0,0,0,0,0,0,0,0,0,0,0,0,0,0,0,0,0.0858747405630179,0.406705659889914,1.00033450639037,1.71658087744618,2.04037670567978,1.58587205816806,0.859963313346072,0.256541316455324,0.434542213360188,1.51267699109206,5.07071038402671,9.35097787113913,12.0309310737458,12.4592510752709,15.7955565866914,31.7971812306318,68.4323524003076,92.2590530392075,87.7076264262928,52.9161106316399,27.6564415881541,20.9207728594812,29.2737676951779,33.8783448410949,28.2975722576853,14.1763632102047,5.36328153818758,1.41563191581584,0,0,0,0,0,0,0,0,0,0,0,0,0,0,0,0,0,0,0,0,0,0,0,0,0,0,0,0,0,0,0,0,0,0,0,0,0,0,0,0,0,0,0,0,0,0,0,0,0,0,0,0,0,0,0,0,0,0,0,0,0,0,0,0,0,0,0,0,0,0,0,0,0,0,0,0,0,0,0
0,0,0,0,0,0,0,0,0,0,0,0,0,0,0,0,0,0,0,0,0,0,0,0,0,0,0,0,0,0,0,0,0,0,0,0,0,0,0,0,0,0,0,0,0,0,0,0,0,0,0,0.140560247116479,0.572284475169568,1.91837969900278,3.53771459129799,4.55160957420875,5.10576872032227,7.69681454966098,17.2961031720651,38.4142050125928,52.2474509014336,49.932890166222,30.1349465133153,15.3189254258899,10.5398473131899,13.8557420059221,15.907266462069,13.2868658207478,6.65638147629499,2.51827971346335,0.664696997527936,0,0,0,0,0,0,0,0,0,0,0,0,0,0,0,0,0,0,0,0,0,0,0,0,0,0,0,0,0,0,0,0,0,0,0,0,0,0,0,0,0,0,0,0,0,0,0,0,0,0,0,0,0,0,0,0,0,0,0,0,0,0,0,0,0,0,0,0,0,0,0,0,0,0,0,0,0,0,0
0,0,0,0,0,0,0,0,0,0,0,0,0,0,0,0,0,0,0,0,0,0,0,0,0,0,0,0,0,0,0,0,0,0,0,0,0,0,0,0,0,0,0,0,0,0,0,0,0,0,0,0,0,0,0,0,0.581297578886067,2.54341465540033,7.76407659542654,18.4212986537564,25.47015897726,24.5695416308859,14.9046527398594,7.43109191070545,4.69412807890991,5.77160390931124,6.56121641591762,5.48038862283862,2.74553516262631,1.03870631923136,0.274165323262222,0,0,0,0,0,0,0,0,0,0,0,0,0,0,0,0,0,0,0,0,0,0,0,0,0,0,0,0,0,0,0,0,0,0,0,0,0,0,0,0,0,0,0,0,0,0,0,0,0,0,0,0,0,0,0,0,0,0,0,0,0,0,0,0,0,0,0,0,0,0,0,0,0,0,0,0,0,0,0
0,0,0,0,0,0,0,0,0,0,0,0,0,0,0,0,0,0,0,0,0,0,0,0,0,0,0,0,0,0,0,0,0,0,0,0,0,0,0,0,0,0,0,0,0,0,0,0,0,0,0,0,0,0,0,0,0.261402877640219,1.14374450213263,3.49141651020252,8.2838474696376,11.4536393964829,11.0486420688732,6.67850129072086,3.25093715818889,1.87104960050473,2.11666515789174,2.37732525918386,1.98570897183186,0.994789636301935,0.376354415561103,0.0993383096772052,0,0,0,0,0,0,0,0,0,0,0,0,0,0,0,0,0,0,0,0,0,0,0,0,0,0,0,0,0,0,0,0,0,0,0,0,0,0,0,0,0,0,0,0,0,0,0,0,0,0,0,0,0,0,0,0,0,0,0,0,0,0,0,0,0,0,0,0,0,0,0,0,0,0,0,0,0,0,0
0,0,0,0,0,0,0,0,0,0,0,0,0,0,0,0,0,0,0,0,0,0,0,0,0,0,0,0,0,0,0,0,0,0,0,0,0,0,0,0,0,0,0,0,0,0,0,0,0,0,0,0,0,0,0,0,0.103261314533786,0.451810484441414,1.37920539239316,3.27234721681025,4.52450206728262,4.3645170020485,2.59895003485634,1.1355391165526,0.346146747096819,0.0517312894217126,0,0,0,0,0,0,0,0,0,0,0,0,0,0,0,0,0,0,0,0,0,0,0,0,0,0,0,0,0,0,0,0,0,0,0,0,0,0,0,0,0,0,0,0,0,0,0,0,0,0,0,0,0,0,0,0,0,0,0,0,0,0,0,0,0,0,0,0,0,0,0,0,0,0,0,0,0,0,0,0,0,0,0,0
0,0,0,0,0,0,0,0,0,0,0,0,0,0,0,0,0,0,0,0,0,0,0,0,0,0,0,0,0,0,0,0,0,0,0,0,0,0,0,0,0,0,0,0,0,0,0,0,0,0,0,0,0,0,0,0,0,0,0,0,0,0,0,0,0,0,0,0,0,0,0,0,0,0,0,0,0,0,0,0,0,0,0,0,0,0,0,0,0,0,0,0,0,0,0,0,0,0,0,0,0,0,0,0,0,0,0,0,0,0,0,0,0,0,0,0,0,0,0,0,0,0,0,0,0,0,0,0,0,0,0,0,0,0,0,0,0,0,0,0,0,0,0,0,0,0,0,0,0,0
0,0,0,0,0,0,0,0,0,0,0,0,0,0,0,0,0,0,0,0,0,0,0,0,0,0,0,0,0,0,0,0,0,0,0,0,0,0,0,0,0,0,0,0,0,0,0,0,0,0,0,0,0,0,0,0,0,0,0,0,0,0,0,0,0,0,0,0,0,0,0,0,0,0,0,0,0,0,0,0,0,0,0,0,0,0,0,0,0,0,0,0,0,0,0,0,0,0,0,0,0,0,0,0,0,0,0,0,0,0,0,0,0,0,0,0,0,0,0,0,0,0,0,0,0,0,0,0,0,0,0,0,0,0,0,0,0,0,0,0,0,0,0,0,0,0,0,0,0,0
0,0,0,0,0,0,0,0,0,0,0,0,0,0,0,0,0,0,0,0,0,0,0,0,0,0,0,0,0,0,0,0,0,0,0,0,0,0,0,0,0,0,0,0,0,0,0,0,0,0,0,0,0,0,0,0,0,0,0,0,0,0,0,0,0,0,0,0,0,0,0,0,0,0,0,0,0,0,0,0,0,0,0,0,0,0,0,0,0,0,0,0,0,0,0,0,0,0,0,0,0,0,0,0,0,0,0,0,0,0,0,0,0,0,0,0,0,0,0,0,0,0,0,0,0,0,0,0,0,0,0,0,0,0,0,0,0,0,0,0,0,0,0,0,0,0,0,0,0,0
